0|2,618|-13,642|91,78|0|1|0|0|0|1|-1|1
0,175|2,618|-14,234|91,78|0|1|0|0|0|7|-7|1
0,35|2,618|-14,635|91,78|0|1|0|0|0|0|0|1
0,525|2,618|-14,635|91,78|0|1|0|0|0|0|0|1
0,7|2,618|-14,635|91,78|0|1|0|0|0|0|0|1
0,875|2,618|-14,635|91,78|0|1|0|0|0|0|0|1
1,05|2,618|-14,635|91,78|0|1|0|0|0|0|0|1
1,225|2,618|-14,635|91,78|0|1|0|0|0|0|0|1
1,4|2,742|-14,635|91,522|0|1|0|0,1|0|5|0|1
1,575|3,174|-14,635|90,6|0|1|0|0,2|0|6|0|1
1,75|3,476|-14,635|89,598|0|1|0|0,1|0|6|0|1
1,925|3,195|-14,635|88,699|0|1|0|-0,2|0|6|0|1
2,1|2,409|-14,635|88,011|0|0,9|0|-0,4|0|6|0|1
2,275|1,802|-14,635|87,233|0|1|0|-0,2|0|6|0|1
2,45|1,692|-14,635|86,198|0|1|0|-0,1|0|6|0|1
2,625|1,609|-14,635|85,151|0|1|0|0|0|6|0|1
2,8|1,562|-13,527|84,124|0|1|0|0|0|7|4|1
2,975|1,522|-12,985|83,011|0|1|0|0|1|8|3|1
3,15|1,515|-12,533|81,829|0|1|0|0|1|7|3|1
3,325|1,543|-12,062|80,647|0|1|0|0|1|7|2|1
3,5|1,583|-11,642|79,465|0|1|0|0|1|7|3|1
3,675|1,627|-11,212|78,284|0|1|0|0|1|7|3|1
3,85|1,672|-10,718|77,103|0|1|0|0|1|8|3|1
4,025|1,717|-10,266|75,922|0|1|0|0|1|7|3|1
4,2|1,762|-9,785|74,74|0|1|0|0|1|7|2|1
4,375|1,844|-9,32|73,563|0|1|0|0,1|1|8|3|1
4,55|2,392|-8,859|72,524|0|0,9|0|0,4|1|7|3|1
4,725|3,168|-8,377|71,632|0|0,9|0|0,4|1|7|3|1
4,9|3,928|-7,932|70,735|0|1|0|0,2|1|8|3|1
5,075|4,303|-7,489|70,132|0|1|0|0,1|1|4|3|1
5,25|4,223|-7,044|70,024|0|1|0|-0,3|1|6|3|1
5,425|3,402|-6,596|69,301|0|0,9|0|-0,3|1|7|3|1
5,6|2,925|-6,156|68,233|0|1|0|0|0|7|1|1
5,775|2,751|-6,45|67,179|0|1|0|0|0|8|-5|1
5,95|2,7|-6,976|66,158|0|1|0|0|0|6|0|1
6,125|2,736|-6,976|65,11|0|1|0|0|0|6|0|1
6,3|2,751|-6,976|64,741|0|1|0|0|0|0|0|1
6,475|2,751|-6,976|64,736|0|1|0|0|0|0|0|1
6,65|2,751|-6,976|64,736|0|1|0|0|0|0|0|1
6,825|2,751|-6,976|64,736|0|1|0|0|0|0|0|1
7|2,751|-6,976|64,736|0|1|0|0|0|0|0|1
7,175|2,751|-6,976|64,736|0|1|0|0|0|0|0|1
7,35|2,751|-6,976|64,736|0|1|0|0|0|0|0|1
7,525|2,751|-6,976|64,736|0|1|0|0|0|0|0|1
7,7|2,751|-6,976|64,736|0|1|0|0|0|0|0|1
7,875|2,433|-6,976|64,183|0|1|0|-0,2|0|6|0|1
8,05|1,73|-6,976|63,415|0|0,9|0|-0,3|0|6|0|1
8,225|1,016|-6,976|62,644|0|0,9|0|-0,4|0|6|0|1
8,4|0,498|-6,976|62,084|0|0,9|0|-0,4|0|1|0|1
8,575|0,476|-6,976|62,061|0|0,9|0|-0,4|0|0|0|1
8,75|0,476|-6,976|62,061|0|0,9|0|-0,4|0|0|0|1
8,925|0,476|-6,976|62,061|0|0,9|0|-0,4|0|0|0|1
9,1|0,476|-6,976|62,061|0|0,9|0|-0,4|0|0|0|1
9,275|0,476|-6,976|62,061|0|0,9|0|-0,4|0|0|0|1
9,45|0,476|-6,976|62,061|0|0,9|0|-0,4|0|0|0|1
9,625|0,476|-6,976|62,061|0|0,9|0|-0,4|0|0|0|1
9,8|0,476|-6,976|62,061|0|0,9|0|-0,4|0|0|0|1
9,975|0,476|-6,976|62,061|0|0,9|0|-0,4|0|0|0|1
10,15|0,476|-6,976|62,061|0|0,9|0|-0,4|0|0|0|1
10,325|0,476|-6,976|62,061|0|0,9|0|-0,4|0|0|0|1
10,5|0,476|-6,976|62,061|0|0,9|0|-0,4|0|0|0|1
10,675|0,476|-6,976|62,061|0|0,9|0|-0,4|0|0|0|1
10,85|0,476|-6,976|62,061|0|0,9|0|-0,4|0|0|0|1
11,025|0,476|-6,976|62,061|0|0,9|0|-0,4|0|0|0|1
11,2|0,476|-6,976|62,061|0|0,9|0|-0,4|0|0|0|1
11,375|0,476|-6,976|62,061|0|0,9|0|-0,4|0|0|0|1
11,55|0,476|-6,976|62,061|0|0,9|0|-0,4|0|0|0|1
11,725|0,476|-6,976|62,061|0|0,9|0|-0,4|0|0|0|1
11,9|0,476|-6,976|62,061|0|0,9|0|-0,4|0|0|0|1
12,075|0,476|-6,976|62,061|0|0,9|0|-0,4|0|0|0|1
12,25|0,476|-6,976|62,061|0|0,9|0|-0,4|0|0|0|1
12,425|0,476|-6,976|62,061|0|0,9|0|-0,4|0|0|0|1
12,6|0,476|-6,976|62,061|0|0,9|0|-0,4|0|0|0|1
12,775|0,476|-6,976|62,061|0|0,9|0|-0,4|0|0|0|1
12,95|0,476|-6,976|62,061|0|0,9|0|-0,4|0|0|0|1
13,125|0,476|-6,976|62,061|0|0,9|0|-0,4|0|0|0|1
13,3|0,476|-6,976|62,061|0|0,9|0|-0,4|0|0|0|1
13,475|0,476|-6,976|62,061|0|0,9|0|-0,4|0|0|0|1
13,65|0,476|-6,976|62,061|0|0,9|0|-0,4|0|0|0|1
13,825|0,476|-6,976|62,061|0|0,9|0|-0,4|0|0|0|1
14|0,476|-6,976|62,061|0|0,9|0|-0,4|0|0|0|1
14,175|0,476|-6,976|62,061|0|0,9|0|-0,4|0|0|0|1
14,35|0,476|-6,976|62,061|0|0,9|0|-0,4|0|0|0|1
14,525|0,476|-6,976|62,061|0|0,9|0|-0,4|0|0|0|1
14,7|0,476|-6,976|62,061|0|0,9|0|-0,4|0|0|0|1
14,875|0,476|-6,976|62,061|0|0,9|0|-0,4|0|0|0|1
15,05|0,476|-6,976|62,061|0|0,9|0|-0,4|0|0|0|1
15,225|0,476|-6,976|62,061|0|0,9|0|-0,4|0|0|0|1
15,4|0,476|-6,976|62,061|0|0,9|0|-0,4|0|0|0|1
15,575|0,494|-6,976|61,583|0|1|0|-0,1|0|6|0|1
15,75|0,533|-6,976|60,547|0|1|0|0|0|6|0|1
15,925|0,618|-6,976|59,501|0|1|0|0|0|6|0|1
16,1|0,788|-6,976|58,465|0|1|0|0,1|0|6|0|1
16,275|0,986|-6,976|57,434|0|1|0|0,1|0|6|0|1
16,45|1,185|-6,975|56,403|0|1|0|0,1|0|6|0|1
16,625|1,385|-6,975|55,373|0|1|0|0,1|0|6|0|1
16,8|1,584|-6,975|54,342|0|1|0|0,1|0|6|0|1
16,975|1,782|-6,975|53,311|0|1|0|0,1|0|6|0|1
17,15|1,981|-6,975|52,279|0|1|0|0,1|0|6|0|1
17,325|2,16|-6,975|51,245|0|1|0|0,1|0|6|0|1
17,5|2,312|-6,975|50,206|0|1|0|0,1|0|6|0|1
17,675|2,437|-6,975|49,164|0|1|0|0,1|0|6|0|1
17,85|2,509|-6,975|48,116|0|1|0|0|0|6|0|1
18,025|2,567|-6,975|47,068|0|1|0|0|0|6|0|1
18,2|2,624|-6,322|46,027|0|1|0|0|0|9|7|1
18,375|2,68|-5,531|45,015|0|1|0|0|1|7|4|1
18,55|2,732|-5,032|44,003|0|1|0|0|1|6|2|1
18,725|2,772|-4,577|42,991|0|1|0|0|1|6|2|1
18,9|2,794|-4,139|41,978|0|1|0|0|1|6|2|1
19,075|2,805|-3,952|40,965|0|1|0|0|0|6|-2|1
19,25|2,809|-4,449|39,951|0|1|0|0|1|6|-1|1
19,425|2,806|-4,189|38,938|0|1|0|0|1|7|3|1
19,6|2,802|-3,744|37,925|0|1|0|0|0|6|1|1
19,775|2,797|-3,901|36,912|0|1|0|0|0|7|-4|1
19,95|2,791|-4,213|35,898|0|1|0|0|1|6|2|1
20,125|2,786|-3,761|34,885|0|1|0|0|0|6|1|1
20,3|2,781|-3,928|33,872|0|1|0|0|0|7|-4|1
20,475|2,776|-4,555|32,859|0|1|0|0|1|6|0|1
20,65|2,77|-4,303|31,845|0|1|0|0|0|6|0|1
20,825|2,765|-4,542|30,832|0|1|0|0|1|6|-1|1
21|2,76|-4,28|29,819|0|1|0|0|1|6|3|1
21,175|2,754|-3,953|28,806|0|1|0|0|0|6|-1|1
21,35|2,749|-4,573|27,792|0|1|0|0|0|9|-7|1
21,525|2,743|-6,056|26,779|0|1|0|0|0|12|-11|1
21,7|2,693|-6,978|25,758|0|1|0|0|0|6|0|1
21,875|2,569|-6,978|24,717|0|1|0|-0,1|0|6|0|1
22,05|2,442|-6,978|23,674|0|1|0|-0,1|0|6|0|1
22,225|2,318|-6,978|22,632|0|1|0|-0,1|0|6|0|1
22,4|2,197|-6,978|21,589|0|1|0|-0,1|0|6|0|1
22,575|2,075|-6,978|20,546|0|1|0|-0,1|0|6|0|1
22,75|1,953|-6,978|19,503|0|1|0|-0,1|0|6|0|1
22,925|1,832|-6,978|18,46|0|1|0|-0,1|0|6|0|1
23,1|1,706|-6,978|17,418|0|1|0|-0,1|0|6|0|1
23,275|1,557|-6,978|16,378|0|1|0|-0,1|0|6|0|1
23,45|1,363|-6,978|15,347|0|1|0|-0,1|0|6|0|1
23,625|1,081|-6,978|14,336|0|1|0|-0,1|0|6|0|1
23,8|0,667|-6,978|13,373|0|1|0|-0,2|0|6|0|1
23,975|0,104|-6,978|12,488|0|1|0|-0,3|0|6|0|1
24,15|-0,499|-6,978|11,629|0|1|0|-0,3|0|6|0|1
24,325|-1,088|-6,978|10,76|0|1|0|-0,3|0|6|0|1
24,5|-1,621|-6,978|9,856|0|1|0|-0,3|0|6|0|1
24,675|-2,018|-6,978|8,886|0|1|0|-0,2|0|6|0|1
24,85|-2,223|-6,978|7,859|0|1|0|-0,1|0|6|0|1
25,025|-2,296|-5,87|6,834|0|1|0|0|0|7|4|1
25,2|-2,342|-5,327|5,822|0|1|0|0|1|7|3|1
25,375|-2,37|-4,876|4,809|0|1|0|0|1|6|3|1
25,55|-2,394|-4,483|3,796|0|1|0|0|0|6|0|1
25,725|-2,417|-4,875|2,783|0|1|0|0|1|6|-1|1
25,9|-2,44|-4,707|1,77|0|1|0|0|1|6|2|1
26,075|-2,462|-4,437|0,757|0|1|0|0|0|6|-1|1
26,25|-2,484|-4,826|-0,256|0|1|0|0|1|6|0|1
26,425|-2,506|-4,519|-1,269|0|1|0|0|1|7|3|1
26,6|-2,528|-4,42|-2,282|0|1|0|0|0|7|-3|1
26,775|-2,551|-4,517|-3,295|0|1|0|0|1|6|3|1
26,95|-2,572|-4,081|-4,308|0|1|0|0|0|6|0|1
27,125|-2,576|-4,513|-5,321|0|1|0|0|1|7|-3|1
27,3|-2,449|-4,676|-6,324|0|1|0|0,1|1|6|3|1
27,475|-2,118|-4,668|-7,281|0|1|0|0,3|0|7|-3|1
27,65|-1,599|-5,625|-8,148|0|0,9|0|0,5|0|10|-8|1
27,825|-0,835|-6,982|-8,805|0|0,7|0|0,7|0|5|0|1
28|0,147|-6,981|-8,628|0|0,6|0|0,8|0|6|0|1
28,175|1,15|-6,981|-8,321|0|0,6|0|0,8|0|6|0|1
28,35|2,154|-6,981|-8,011|0|0,6|0|0,8|0|6|0|1
28,525|3,062|-6,981|-7,517|0|0,5|0|0,9|0|6|0|1
28,7|3,559|-5,872|-6,629|0|0,2|0|1|0|7|4|1
28,875|3,801|-5,33|-5,667|0|0,1|0|1|1|7|3|1
29,05|3,801|-4,878|-4,654|0|0,1|0|1|0|6|2|1
29,225|3,745|-5,029|-3,645|0|-0,2|0|1|0|7|-4|1
29,4|3,373|-6,12|-2,707|0|-0,4|0|0,9|1|9|-7|1
29,575|2,715|-6,834|-1,939|0|-0,4|0|0,9|1|6|0|1
29,75|2,266|-6,585|-1,056|0|-0,1|0|1|1|6|3|1
29,925|2,299|-6,135|-0,047|0|0,1|0|1|1|7|3|1
30,1|2,574|-5,659|0,927|0|0,2|0|1|1|6|2|1
30,275|3,039|-5,416|1,826|0|0,3|0|0,9|0|6|-2|1
30,45|3,675|-6,106|2,612|0|0,5|0|0,9|0|9|-7|1
30,625|4,515|-6,981|3,142|0|0,7|0|0,8|0|6|0|1
30,8|5,529|-6,981|2,998|0|0,8|0|0,6|0|6|0|1
30,975|6,364|-6,981|2,399|0|0,9|0|0,4|0|6|0|1
31,15|6,78|-6,981|1,449|0|1|0|0,2|0|6|0|1
31,325|7,002|-6,327|0,431|0|1|0|0,1|0|9|7|1
31,5|7,197|-5,536|-0,563|0|1|0|0,1|1|7|4|1
31,675|7,388|-5,037|-1,558|0|1|0|0,1|1|6|2|1
31,85|7,579|-4,582|-2,553|0|1|0|0,1|1|6|2|1
32,025|7,752|-4,353|-3,552|0|1|0|0,1|0|6|-2|1
32,2|7,886|-4,974|-4,556|0|1|0|0|1|6|-3|1
32,375|7,969|-4,997|-5,566|0|1|0|0|1|7|3|1
32,55|8,016|-4,54|-6,578|0|1|0|0|1|6|2|1
32,725|8,006|-4,195|-7,591|0|1|0|0|0|6|-1|1
32,9|7,957|-4,703|-8,603|0|1|0|-0,1|0|8|-6|1
33,075|7,851|-6,093|-9,61|0|1|0|-0,1|0|12|-11|1
33,25|7,673|-6,981|-10,617|0|1|0|-0,1|0|6|0|1
33,425|7,435|-6,981|-11,639|0|1|0|-0,1|0|6|0|1
33,6|7,165|-6,981|-12,653|0|1|0|-0,1|0|6|0|1
33,775|6,808|-6,981|-13,64|0|1|0|-0,2|0|6|0|1
33,95|6,424|-6,981|-14,618|0|1|0|-0,2|0|6|0|1
34,125|6,04|-6,981|-15,595|0|1|0|-0,2|0|6|0|1
34,3|5,66|-6,981|-16,573|0|1|0|-0,2|0|6|0|1
34,475|4,805|-6,981|-17,116|0|0,9|0|-0,5|0|6|0|1
34,65|3,938|-6,981|-17,65|0|0,9|0|-0,4|0|6|0|1
34,825|3,586|-6,981|-18,617|0|1|0|-0,2|0|6|0|1
35|3,344|-6,981|-19,637|0|1|0|-0,1|0|6|0|1
35,175|3,258|-6,981|-20,683|0|1|0|0|0|6|0|1
35,35|3,205|-6,981|-21,731|0|1|0|0|0|6|0|1
35,525|3,152|-6,981|-22,78|0|1|0|0|0|6|0|1
35,7|3,093|-6,981|-23,828|0|1|0|0|0|6|0|1
35,875|3,024|-6,981|-24,876|0|1|0|0|0|6|0|1
36,05|2,941|-6,981|-25,923|0|1|0|0|0|6|0|1
36,225|2,857|-6,981|-26,969|0|1|0|0|0|6|0|1
36,4|2,774|-5,873|-27,994|0|1|0|0|0|7|4|1
36,575|2,693|-5,33|-29,004|0|1|0|0|1|7|3|1
36,75|2,612|-4,878|-30,014|0|1|0|0|1|6|3|1
36,925|2,531|-4,407|-31,024|0|1|0|0|1|6|2|1
37,1|2,449|-3,987|-32,034|0|1|0|0|1|7|3|1
37,275|2,369|-3,558|-33,037|0|1|0|0|1|6|3|1
37,45|2,298|-3,063|-33,914|0|1|0|0|1|6|3|1
37,625|2,239|-2,611|-34,648|0|1|0|0|1|5|3|1
37,8|2,19|-2,13|-35,262|0|1|0|0|1|4|2|1
37,975|2,148|-1,666|-35,776|0|1|0|0|1|4|3|1
38,15|2,114|-1,204|-36,206|0|1|0|0|1|3|3|1
38,325|2,106|-0,722|-36,74|0|1|0|0|1|7|3|1
38,5|2,195|-0,278|-37,749|0|1|0|0,1|1|7|3|1
38,675|2,31|0,166|-38,756|0|1|0|0,1|1|7|3|1
38,85|2,432|0,594|-39,761|0|1|0|0,1|1|6|3|1
39,025|2,55|1,058|-40,726|0|1|0|0,1|1|6|3|1
39,2|2,674|1,54|-41,731|0|1|0|0,1|1|7|3|1
39,375|2,794|1,981|-42,738|0|1|0|0,1|1|7|3|1
39,55|2,856|2,449|-43,749|0|1|0|0|1|6|2|1
39,725|2,818|2,863|-44,761|0|1|0|0|0|2|2|1
39,9|2,818|3,213|-44,761|0|1|0|0|0|2|2|1
40,075|2,818|3,563|-44,761|0|1|0|0|0|2|2|1
40,25|2,818|3,913|-44,761|0|1|0|0|0|2|2|1
40,425|2,818|4,263|-44,761|0|1|0|0|0|2|2|1
40,6|2,818|4,613|-44,761|0|1|0|0|0|2|2|1
40,775|2,818|4,963|-44,761|0|1|0|0|0|2|2|1
40,95|2,818|5,313|-44,761|0|1|0|0|0|2|2|1
41,125|2,818|5,663|-44,761|0|1|0|0|0|2|2|1
41,3|2,818|6,013|-44,761|0|1|0|0|0|2|2|1
41,475|2,818|6,363|-44,761|0|1|0|0|0|2|2|1
41,65|2,818|6,713|-44,761|0|1|0|0|0|2|2|1
41,825|2,818|7,063|-44,761|0|1|0|0|0|2|2|1
42|2,818|7,413|-44,761|0|1|0|0|0|2|2|1
42,175|2,818|7,763|-44,761|0|1|0|0|0|2|2|1
42,35|2,818|8,113|-44,761|0|1|0|0|0|2|2|1
42,525|2,818|8,463|-44,761|0|1|0|0|0|2|2|1
42,7|2,809|8,39|-44,989|0|1|0|0|0|3|1|1
42,875|2,777|8,327|-45,853|0|1|0|0|0|6|0|1
43,05|2,736|8,327|-46,899|0|1|0|0|0|6|0|1
43,225|2,698|8,327|-47,949|0|1|0|0|0|6|0|1
43,4|2,666|8,327|-48,998|0|1|0|0|0|6|0|1
43,575|2,641|8,06|-50,017|0|1|0|0|0|8|-5|1
43,75|2,616|8,587|-51,03|0|1|0|0|0|8|6|1
43,925|2,592|9,252|-52,043|0|1|0|0|0|6|2|1
44,1|2,568|9,23|-53,056|0|1|0|0|0|7|-4|1
44,275|2,545|8,247|-54,061|0|1|0|0|0|10|-9|1
44,45|2,522|6,46|-55,037|0|1|0|0|0|14|-13|1
44,625|2,498|4|-56,05|0|1|0|0|0|17|-16|1
44,8|2,471|0,977|-57,063|0|1|0|0|0|20|-19|1
44,975|2,426|-2,436|-58,075|0|1|0|0|1|18|-17|1
45,15|2,393|-4,796|-59,088|0|1|0|0|1|11|-9|1
45,325|2,375|-6,626|-60,101|0|1|0|0|0|6|0|1
45,5|2,366|-6,981|-61,138|0|1|0|0|0|6|0|1
45,675|2,359|-6,981|-62,187|0|1|0|0|0|6|0|1
45,85|2,349|-6,981|-63,237|0|1|0|0|0|6|0|1
46,025|2,325|-6,981|-64,287|0|1|0|0|0|6|0|1
46,2|2,288|-6,981|-65,336|0|1|0|0|0|6|0|1
46,375|2,246|-6,981|-66,386|0|1|0|0|0|6|0|1
46,55|2,208|-6,981|-67,435|0|1|0|0|0|6|0|1
46,725|2,188|-6,981|-68,485|0|1|0|0|0|6|0|1
46,9|2,188|-6,981|-69,535|0|1|0|0|0|6|0|1
47,075|2,196|-6,981|-70,585|0|1|0|0|0|6|0|1
47,25|2,205|-6,981|-71,635|0|1|0|0|0|6|0|1
47,425|2,215|-6,981|-72,684|0|1|0|0|0|6|0|1
47,6|2,224|-6,981|-73,734|0|1|0|0|0|6|0|1
47,775|2,233|-6,981|-74,784|0|1|0|0|0|6|0|1
47,95|1,612|-6,981|-75,58|0|0,9|0|-0,3|0|6|0|1
48,125|0,878|-6,981|-76,33|0|0,9|0|-0,4|0|6|0|1
48,3|0,482|-6,981|-77,216|0|1|0|-0,1|0|6|0|1
48,475|0,481|-6,981|-78,262|0|1|0|0|0|6|0|1
48,65|0,49|-6,981|-79,312|0|1|0|0|0|6|0|1
48,825|0,5|-6,981|-80,362|0|1|0|0|0|6|0|1
49|0,513|-6,628|-81,411|0|1|0|0|0|10|8|1
49,175|0,575|-5,623|-82,422|0|1|0|0,1|1|6|3|1
49,35|0,963|-5,141|-83,334|0|0,9|0|0,4|1|7|3|1
49,525|1,773|-4,695|-83,937|0|0,9|0|0,5|1|7|3|1
49,7|2,493|-4,247|-84,631|0|1|0|0,3|1|7|3|1
49,875|2,89|-3,818|-85,56|0|1|0|0,1|1|6|3|1
50,05|3,111|-3,762|-86,549|0|1|0|0|0|7|-3|1
50,225|3,251|-4,68|-87,552|0|1|0|0|0|10|-8|1
50,4|3,325|-6,412|-88,562|0|1|0|0|0|14|-12|1
50,575|3,252|-6,978|-89,584|0|1|0|-0,1|0|6|0|1
50,75|2,587|-6,978|-90,287|0|0,9|0|-0,4|0|6|0|1
50,925|1,682|-6,978|-90,814|0|0,9|0|-0,5|0|6|0|1
51,1|0,772|-6,978|-91,339|0|0,9|0|-0,5|0|6|0|1
51,275|-0,138|-6,978|-91,863|0|0,9|0|-0,5|0|6|0|1
51,45|-0,552|-5,87|-92,771|0|1|0|-0,2|0|7|4|1
51,625|-0,878|-5,327|-93,73|0|1|0|-0,1|1|7|3|1
51,8|-1,163|-5,184|-94,703|0|1|0|-0,1|0|6|-3|1
51,975|-1,439|-6,028|-95,678|0|1|0|-0,1|0|10|-8|1
52,15|-1,708|-6,914|-96,655|0|1|0|-0,1|1|6|-1|1
52,325|-1,97|-6,727|-97,633|0|1|0|-0,1|1|6|2|1
52,5|-2,127|-6,286|-98,632|0|1|0|0|1|6|2|1
52,675|-2,042|-5,876|-99,64|0|1|0|0,1|1|6|3|1
52,85|-1,799|-5,359|-100,624|0|1|0|0,2|1|6|2|1
53,025|-1,384|-4,924|-101,536|0|0,9|0|0,4|1|7|3|1
53,2|-0,586|-4,58|-102,156|0|0,9|0|0,5|0|6|-1|1
53,375|0,288|-5,114|-102,668|0|0,8|0|0,5|0|8|-6|1
53,55|1,177|-6,526|-103,154|0|0,9|0|0,5|0|12|-11|1
53,725|1,73|-6,978|-103,922|0|1|0|0,2|0|6|0|1
53,9|1,919|-6,324|-104,943|0|1|0|0,1|0|9|7|1
54,075|2,086|-5,533|-105,942|0|1|0|0,1|1|7|4|1
54,25|2,212|-5,034|-106,948|0|1|0|0|1|6|2|1
54,425|2,278|-4,58|-107,959|0|1|0|0|1|6|2|1
54,6|2,316|-4,141|-108,971|0|1|0|0|1|6|2|1
54,775|2,345|-3,72|-109,984|0|1|0|0|1|7|3|1
54,95|2,373|-3,266|-110,997|0|1|0|0|1|7|4|1
55,125|2,399|-3,075|-112,01|0|1|0|0|1|6|0|1
55,3|2,426|-2,798|-113,023|0|1|0|0|1|6|3|1
55,475|2,452|-2,318|-114,036|0|1|0|0|1|6|2|1
55,65|2,479|-2,01|-115,048|0|1|0|0|0|6|-1|1
55,825|2,506|-2,58|-116,061|0|1|0|0|0|9|-6|1
56|2,532|-4,021|-117,074|0|1|0|0|0|12|-11|1
56,175|2,558|-6,191|-118,087|0|1|0|0|0|16|-15|1
56,35|2,572|-6,981|-119,117|0|1|0|0|0|6|0|1
56,525|2,576|-6,981|-120,167|0|1|0|0|0|6|0|1
56,7|2,568|-6,981|-121,217|0|1|0|0|0|6|0|1
56,875|2,535|-6,981|-122,266|0|1|0|0|0|6|0|1
57,05|2,448|-6,981|-123,312|0|1|0|0|0|6|0|1
57,225|2,315|-6,981|-124,354|0|1|0|-0,1|0|6|0|1
57,4|2,178|-6,981|-125,395|0|1|0|-0,1|0|6|0|1
57,575|2,071|-6,981|-126,439|0|1|0|0|0|6|0|1
57,75|1,979|-6,981|-127,485|0|1|0|0|0|6|0|1
57,925|1,888|-6,981|-128,531|0|1|0|0|0|6|0|1
58,1|1,797|-6,981|-129,577|0|1|0|0|0|6|0|1
58,275|1,709|-6,981|-130,623|0|1|0|0|0|6|0|1
58,45|1,622|-6,327|-131,662|0|1|0|0|0|9|7|1
58,625|1,537|-5,536|-132,672|0|1|0|0|1|7|4|1
58,8|1,452|-5,037|-133,682|0|1|0|0|1|6|2|1
58,975|1,368|-4,582|-134,691|0|1|0|0|1|6|2|1
59,15|1,283|-4,144|-135,701|0|1|0|0|1|6|2|1
59,325|1,198|-3,723|-136,711|0|1|0|0|1|7|3|1
59,5|1,138|-3,269|-137,722|0|1|0|0|1|7|4|1
59,675|1,135|-2,77|-138,735|0|1|0|0|1|6|2|1
59,85|1,547|-2,31|-139,649|0|0,9|0|0,3|1|6|2|1
60,025|2,191|-1,876|-140,429|0|1|0|0,3|1|7|4|1
60,2|2,502|-1,366|-141,388|0|1|0|0,1|0|6|2|1
60,375|2,643|-1,468|-142,391|0|1|0|0|0|7|-4|1
60,55|2,728|-2,518|-143,401|0|1|0|0|0|11|-9|1
60,725|2,779|-4,361|-144,413|0|1|0|0|0|14|-13|1
60,9|2,799|-6,868|-145,426|0|1|0|0|0|6|0|1
61,075|2,758|-6,983|-146,462|0|1|0|0|0|6|0|1
61,25|2,7|-6,983|-147,51|0|1|0|0|0|6|0|1
61,425|2,649|-6,983|-148,559|0|1|0|0|0|6|0|1
61,6|2,599|-6,983|-149,607|0|1|0|0|0|6|0|1
61,775|2,549|-6,983|-150,656|0|1|0|0|0|6|0|1
61,95|2,5|-6,983|-151,705|0|1|0|0|0|6|0|1
62,125|2,45|-6,983|-152,754|0|1|0|0|0|6|0|1
62,3|2,401|-6,983|-153,803|0|1|0|0|0|6|0|1
62,475|2,351|-6,983|-154,852|0|1|0|0|0|6|0|1
62,65|2,315|-6,983|-155,614|0|1|0|0|0|1|0|1
62,825|2,314|-6,983|-155,646|0|1|0|0|0|0|0|1
63|2,314|-6,983|-155,646|0|1|0|0|0|0|0|1
63,175|2,314|-6,983|-155,646|0|1|0|0|0|0|0|1
63,35|2,314|-6,983|-155,646|0|1|0|0|0|0|0|1
63,525|2,314|-6,983|-155,646|0|1|0|0|0|0|0|1
63,7|2,346|-6,983|-154,966|0|-0,4|0|0,9|0|6|0|1
63,875|2,395|-6,983|-153,923|0|0|0|1|0|6|0|1
64,05|2,445|-6,983|-152,874|0|0|0|1|0|6|0|1
64,225|2,494|-6,983|-151,826|0|0|0|1|0|6|0|1
64,4|2,543|-5,874|-150,799|0|0|0|1|0|7|4|1
64,575|2,588|-5,332|-149,828|0|0|0|1|1|6|3|1
64,75|2,624|-4,88|-149,069|0|-0,4|0|0,9|1|3|3|1
64,925|2,604|-4,409|-149,495|0|1|0|-0,2|1|6|2|1
65,1|2,556|-3,989|-150,507|0|1|0|-0,1|1|7|3|1
65,275|2,509|-3,56|-151,519|0|1|0|0|1|6|3|1
65,45|2,461|-3,065|-152,531|0|1|0|0|1|7|3|1
65,625|2,413|-2,613|-153,543|0|1|0|0|1|6|3|1
65,8|2,365|-2,132|-154,556|0|1|0|0|1|6|2|1
65,975|2,318|-1,668|-155,568|0|1|0|0|1|7|3|1
66,15|2,27|-1,206|-156,58|0|1|0|0|1|6|3|1
66,325|2,222|-0,724|-157,592|0|1|0|0|1|7|3|1
66,5|2,175|-0,28|-158,604|0|1|0|0|1|7|3|1
66,675|2,129|0,164|-159,616|0|1|0|0|1|7|3|1
66,85|2,084|0,593|-160,629|0|1|0|0|1|6|3|1
67,025|2,04|1,056|-161,641|0|1|0|0|1|6|3|1
67,2|1,997|1,538|-162,653|0|1|0|0|1|7|3|1
67,375|1,956|1,979|-163,666|0|1|0|0|1|7|3|1
67,55|1,917|2,447|-164,678|0|1|0|0|1|6|2|1
67,725|1,882|2,861|-165,691|0|1|0|0|1|7|3|1
67,9|1,851|3,304|-166,703|0|1|0|0|1|7|3|1
68,075|1,825|3,78|-167,716|0|1|0|0|1|6|2|1
68,25|1,802|4,212|-168,729|0|1|0|0|1|7|4|1
68,425|1,78|4,613|-169,742|0|1|0|0|0|6|-1|1
68,6|1,759|4,127|-170,755|0|1|0|0|0|8|-6|1
68,775|1,738|2,755|-171,768|0|1|0|0|0|12|-10|1
68,95|1,717|0,643|-172,782|0|1|0|0|0|15|-14|1
69,125|1,704|-2,089|-173,795|0|1|0|0|0|18|-17|1
69,3|1,712|-5,34|-174,808|0|1|0|0|0|21|-20|1
69,475|1,748|-6,981|-175,83|0|1|0|0|0|6|0|1
69,65|1,83|-6,981|-176,876|0|1|0|0|0|6|0|1
69,825|1,929|-6,981|-177,921|0|1|0|0|0|6|0|1
70|2,029|-6,981|-178,966|0|1|0|0|0|6|0|1
70,175|2,155|-6,981|-180,009|0|1|0|0,1|0|6|0|1
70,35|2,324|-6,981|-181,045|0|1|0|0,1|0|6|0|1
70,525|2,521|-6,981|-182,076|0|1|0|0,1|0|6|0|1
70,7|2,727|-6,981|-183,106|0|1|0|0,1|0|6|0|1
70,875|2,934|-6,981|-184,135|0|1|0|0,1|0|6|0|1
71,05|3,141|-6,981|-185,165|0|1|0|0,1|0|6|0|1
71,226|3,348|-6,981|-186,194|0|1|0|0,1|0|6|0|1
71,401|3,556|-6,981|-187,223|0|1|0|0,1|0|6|0|1
71,576|3,763|-6,981|-188,253|0|1|0|0,1|0|6|0|1
71,751|3,971|-6,981|-189,282|0|1|0|0,1|0|6|0|1
71,926|4,482|-6,981|-190,107|0|0,9|0|0,3|0|6|0|1
72,101|5,315|-5,872|-190,704|0|0,9|0|0,4|0|7|4|1
72,276|6,051|-5,33|-191,385|0|1|0|0,2|1|7|3|1
72,451|6,34|-4,878|-192,35|0|1|0|0|1|6|3|1
72,626|6,389|-4,407|-193,361|0|1|0|0|1|6|2|1
72,801|6,313|-3,987|-194,371|0|1|0|-0,1|1|7|3|1
72,976|6,131|-3,558|-195,367|0|1|0|-0,1|1|6|3|1
73,151|5,88|-3,063|-196,349|0|1|0|-0,1|0|6|1|1
73,326|5,612|-3,298|-197,326|0|1|0|-0,1|0|7|-5|1
73,501|5,339|-4,459|-198,302|0|1|0|-0,1|0|11|-9|1
73,676|5,062|-5,61|-199,277|0|1|0|-0,1|1|6|-3|1
73,851|4,784|-5,644|-200,251|0|1|0|-0,1|1|7|3|1
74,026|4,504|-5,171|-201,225|0|1|0|-0,1|1|6|2|1
74,201|4,225|-4,735|-202,199|0|1|0|-0,1|1|7|3|1
74,376|3,946|-4,296|-203,173|0|1|0|-0,1|1|7|3|1
74,551|3,688|-3,863|-204,153|0|1|0|-0,1|1|7|3|1
74,726|3,537|-3,432|-205,154|0|1|0|0|1|6|3|1
74,901|3,468|-3,048|-206,165|0|1|0|0|0|6|-1|1
75,076|3,421|-3,558|-207,177|0|1|0|0|0|8|-6|1
75,251|3,384|-4,474|-208,19|0|1|0|0|1|6|-2|1
75,426|3,333|-4,381|-209,201|0|1|0|0|1|7|3|1
75,601|3,217|-3,893|-210,208|0|1|0|-0,1|1|6|2|1
75,776|3,066|-3,46|-211,21|0|1|0|-0,1|1|6|3|1
75,951|2,906|-3,006|-212,21|0|1|0|-0,1|1|6|3|1
76,126|2,742|-2,649|-213,21|0|1|0|-0,1|0|6|-1|1
76,301|2,578|-3,162|-214,21|0|1|0|-0,1|0|8|-6|1
76,476|2,414|-4,079|-215,21|0|1|0|-0,1|1|6|-2|1
76,651|2,253|-3,987|-216,21|0|1|0|-0,1|1|7|3|1
76,826|2,124|-3,515|-217,215|0|1|0|-0,1|1|6|2|1
77,001|2,026|-3,284|-218,224|0|1|0|0|0|6|-2|1
77,176|1,938|-3,984|-219,233|0|1|0|0|0|9|-7|1
77,351|1,855|-5,534|-220,243|0|1|0|0|0|13|-11|1
77,526|1,793|-6,981|-221,258|0|1|0|0|0|6|0|1
77,701|1,795|-6,981|-222,306|0|1|0|0|0|6|0|1
77,876|1,803|-6,981|-223,356|0|1|0|0|0|6|0|1
78,051|1,823|-6,981|-224,405|0|1|0|0|0|6|0|1
78,226|1,91|-6,981|-225,451|0|1|0|0|0|6|0|1
78,401|2,066|-6,981|-226,489|0|1|0|0,1|0|6|0|1
78,576|2,293|-6,981|-227,514|0|1|0|0,1|0|6|0|1
78,751|2,589|-6,981|-228,521|0|1|0|0,1|0|6|0|1
78,926|2,953|-6,981|-229,506|0|1|0|0,2|0|6|0|1
79,101|3,412|-6,981|-230,449|0|1|0|0,2|0|6|0|1
79,276|3,919|-6,981|-231,368|0|1|0|0,2|0|6|0|1
79,451|4,429|-6,981|-232,286|0|1|0|0,3|0|6|0|1
79,626|4,939|-6,981|-233,204|0|1|0|0,3|0|6|0|1
79,801|5,437|-6,075|-234,112|0|1|0|0,2|0|8|6|1
79,976|5,924|-5,409|-235|0|1|0|0,2|1|6|2|1
80,151|6,406|-4,976|-235,892|0|1|0|0,2|1|6|3|1
80,326|6,777|-4,513|-236,832|0|1|0|0,1|1|7|3|1
80,501|6,874|-4,084|-237,837|0|1|0|0|1|6|3|1
80,676|6,742|-3,618|-238,841|0|1|0|-0,1|1|6|2|1
80,852|6,539|-3,142|-239,833|0|1|0|-0,1|1|6|2|1
81,027|6,3|-2,709|-240,818|0|1|0|-0,1|1|6|3|1
81,202|6,024|-2,239|-241,793|0|1|0|-0,1|1|7|3|1
81,377|5,71|-1,747|-242,756|0|1|0|-0,2|1|6|2|1
81,552|5,353|-1,304|-243,704|0|1|0|-0,2|1|6|3|1
81,727|4,965|-0,792|-244,64|0|1|0|-0,2|1|6|2|1
81,902|4,564|-0,355|-245,571|0|1|0|-0,2|1|6|2|1
82,077|4,159|0,068|-246,499|0|1|0|-0,2|1|6|3|1
82,252|3,753|0,535|-247,428|0|1|0|-0,2|1|6|2|1
82,427|3,345|0,958|-248,355|0|1|0|-0,2|1|6|3|1
82,602|2,928|1,47|-249,279|0|1|0|-0,2|1|6|2|1
82,777|2,505|1,907|-250,199|0|1|0|-0,2|1|6|2|1
82,952|2,078|2,336|-251,118|0|1|0|-0,2|0|6|1|1
83,127|1,651|2,086|-252,037|0|1|0|-0,2|0|7|-5|1
83,302|1,223|0,912|-252,956|0|1|0|-0,2|0|11|-9|1
83,477|0,795|-1,034|-253,874|0|1|0|-0,2|0|15|-13|1
83,652|0,382|-3,071|-254,799|0|1|0|-0,2|0|6|0|1
83,827|0,171|-3,07|-255,818|0|1|0|-0,1|0|6|0|1
84,002|0,097|-3,07|-256,864|0|1|0|0|0|6|0|1
84,177|0,119|-3,07|-257,913|0|1|0|0|0|6|0|1
84,352|0,224|-2,416|-258,951|0|1|0|0,1|0|9|7|1
84,527|0,351|-1,625|-259,956|0|1|0|0,1|1|7|4|1
84,702|0,502|-1,126|-260,958|0|1|0|0,1|1|6|2|1
84,877|0,662|-0,672|-261,958|0|1|0|0,1|1|6|2|1
85,052|0,824|-0,233|-262,958|0|1|0|0,1|1|6|2|1
85,227|0,984|0,188|-263,959|0|1|0|0,1|1|7|3|1
85,402|1,117|0,642|-264,963|0|1|0|0,1|1|7|4|1
85,577|1,221|1,141|-265,971|0|1|0|0|1|6|2|1
85,752|1,305|1,601|-266,981|0|1|0|0|1|6|2|1
85,927|1,376|2,034|-267,992|0|1|0|0|1|7|4|1
86,102|1,438|2,544|-269,003|0|1|0|0|1|6|2|1
86,277|1,499|3,003|-270,014|0|1|0|0|1|7|3|1
86,452|1,558|3,454|-271,026|0|1|0|0|1|6|3|1
86,627|1,617|3,919|-272,037|0|1|0|0|1|6|2|1
86,802|1,675|4,106|-273,049|0|1|0|0|0|6|-2|1
86,977|1,732|3,368|-274,061|0|1|0|0|0|9|-7|1
87,152|1,788|1,787|-275,072|0|1|0|0|0|13|-12|1
87,327|1,844|-0,501|-276,084|0|1|0|0|0|16|-15|1
87,502|1,946|-3,07|-277,09|0|1|0|0,2|0|6|0|1
87,677|2,309|-3,07|-277,995|0|1|0|0,1|0|6|0|1
87,852|2,375|-3,07|-279,039|0|1|0|0|0|6|0|1
88,027|2,431|-3,07|-280,088|0|1|0|0|0|6|0|1
88,202|2,458|-1,962|-281,115|0|1|0|0|0|7|4|1
88,377|2,471|-1,419|-282,128|0|1|0|0|1|7|3|1
88,552|2,477|-0,968|-283,141|0|1|0|0|1|6|3|1
88,727|2,48|-0,497|-284,155|0|1|0|0|1|6|2|1
88,902|2,481|-0,076|-285,168|0|1|0|0|1|7|3|1
89,077|2,436|0,353|-286,18|0|1|0|0|1|6|3|1
89,252|2,332|0,848|-287,188|0|1|0|-0,1|0|6|1|1
89,427|2,213|0,613|-288,194|0|1|0|-0,1|0|7|-5|1
89,602|2,09|-0,548|-289,2|0|1|0|-0,1|0|11|-9|1
89,777|1,963|-2,484|-290,205|0|1|0|-0,1|0|15|-13|1
89,952|1,837|-5,068|-291,21|0|1|0|-0,1|0|18|-17|1
90,127|1,747|-6,981|-292,223|0|1|0|0|0|6|0|1
90,303|1,765|-6,981|-293,27|0|1|0|0|0|6|0|1
90,478|1,805|-6,981|-294,319|0|1|0|0|0|6|0|1
90,653|1,848|-6,981|-295,368|0|1|0|0|0|6|0|1
90,828|1,891|-6,981|-296,417|0|1|0|0|0|6|0|1
91,003|1,934|-6,981|-297,466|0|1|0|0|0|6|0|1
91,178|1,977|-6,981|-298,515|0|1|0|0|0|6|0|1
91,353|2,023|-6,981|-299,564|0|1|0|0|0|6|0|1
91,528|2,071|-6,981|-300,613|0|1|0|0|0|6|0|1
91,703|2,121|-6,981|-301,662|0|1|0|0|0|6|0|1
91,878|2,17|-6,981|-302,711|0|1|0|0|0|6|0|1
92,053|2,218|-6,981|-303,76|0|1|0|0|0|6|0|1
92,228|2,266|-6,981|-304,809|0|1|0|0|0|6|0|1
92,403|2,313|-5,872|-305,836|0|1|0|0|0|7|4|1
92,578|2,359|-5,33|-306,848|0|1|0|0|1|7|3|1
92,753|2,405|-4,878|-307,86|0|1|0|0|1|6|3|1
92,928|2,451|-4,721|-308,873|0|1|0|0|0|6|-3|1
93,103|2,496|-5,535|-309,885|0|1|0|0|0|10|-8|1
93,278|2,542|-5,695|-310,894|0|1|0|0|0|6|1|1
93,453|2,589|-5,173|-311,92|0|1|0|0|0|10|8|1
93,628|2,635|-4,169|-312,932|0|1|0|0|1|6|3|1
93,803|2,68|-3,686|-313,944|0|1|0|0|1|7|3|1
93,978|2,722|-3,241|-314,957|0|1|0|0|1|7|3|1
94,153|2,756|-2,793|-315,969|0|1|0|0|1|7|3|1
94,328|2,782|-2,363|-316,982|0|1|0|0|1|6|3|1
94,503|2,8|-1,902|-317,995|0|1|0|0|1|6|3|1
94,678|2,814|-1,881|-319,009|0|1|0|0|0|7|-3|1
94,853|2,816|-2,253|-320,02|0|1|0|0|0|6|1|1
95,028|2,789|-2,038|-321,046|0|1|0|0|0|6|1|1
95,203|2,71|-1,516|-322,07|0|1|0|0|0|10|8|1
95,378|2,595|-0,511|-323,077|0|1|0|-0,1|1|6|3|1
95,553|2,467|-0,029|-324,082|0|1|0|-0,1|1|7|3|1
95,728|2,333|0,417|-325,086|0|1|0|-0,1|1|7|3|1
95,903|2,199|0,864|-326,091|0|1|0|-0,1|1|7|3|1
96,078|2,089|1,19|-327,098|0|1|0|0|0|6|-1|1
96,253|2,001|0,639|-328,107|0|1|0|0|0|9|-6|1
96,428|1,938|-0,786|-329,119|0|1|0|0|0|6|0|1
96,603|1,92|-0,803|-330,155|0|1|0|0|0|6|0|1
96,778|1,924|-0,803|-331,205|0|1|0|0|0|12|10|1
96,953|1,928|0,452|-332,226|0|1|0|0|0|6|3|1
97,128|1,933|0,965|-333,239|0|1|0|0|1|6|2|1
97,303|1,937|1,402|-334,252|0|1|0|0|1|6|2|1
97,478|1,941|1,83|-335,265|0|1|0|0|1|6|3|1
97,653|1,946|2,298|-336,278|0|1|0|0|1|6|2|1
97,828|1,952|2,719|-337,292|0|1|0|0|0|6|2|1
98,003|2,157|2,569|-338,281|0|1|0|0,2|0|7|-4|1
98,178|2,35|1,48|-339,276|0|1|0|0|0|11|-9|1
98,353|2,467|-0,397|-340,282|0|1|0|0|0|14|-13|1
98,528|2,541|-2,142|-341,288|0|1|0|0|0|6|-1|1
98,703|2,621|-2,356|-342,309|0|1|0|0|0|6|-1|1
98,878|2,746|-1,83|-343,326|0|1|0|0,1|0|9|7|1
99,053|2,886|-1,039|-344,329|0|1|0|0,1|1|7|4|1
99,228|3,038|-0,54|-345,331|0|1|0|0,1|0|6|2|1
99,403|3,194|-0,651|-346,332|0|1|0|0,1|0|7|-4|1
99,578|3,351|-1,709|-347,333|0|1|0|0,1|0|11|-9|1
99,753|3,49|-3,558|-348,337|0|1|0|0|0|14|-13|1
99,929|3,583|-5,359|-349,342|0|1|0|0|0|6|-1|1
100,104|3,596|-5,574|-350,365|0|1|0|0|0|6|-1|1
100,279|3,595|-5,789|-351,393|0|1|0|0|0|6|-1|1
100,454|3,58|-6,005|-352,42|0|1|0|0|0|6|-1|1
100,629|3,552|-4,939|-353,439|0|1|0|0|0|7|4|1
100,804|3,515|-4,397|-354,451|0|1|0|0|1|7|3|1
100,979|3,467|-3,945|-355,464|0|1|0|0|1|6|3|1
101,154|3,415|-3,474|-356,475|0|1|0|0|1|6|2|1
101,329|3,362|-3,054|-357,487|0|1|0|0|1|7|3|1
101,504|3,308|-2,625|-358,499|0|1|0|0|0|6|0|1
101,679|3,254|-2,944|-359,511|0|1|0|0|0|8|-5|1
101,854|3,2|-4,176|-360,523|0|1|0|0|0|11|-10|1
102,029|3,146|-6,171|-361,534|0|1|0|0|0|15|-14|1
102,204|3,091|-6,981|-362,563|0|1|0|0|0|6|0|1
102,379|3,035|-6,981|-363,611|0|1|0|0|0|6|0|1
102,554|2,981|-6,981|-364,66|0|1|0|0|0|6|0|1
102,729|2,934|-6,981|-365,709|0|1|0|0|0|6|0|1
102,904|2,889|-6,981|-366,758|0|1|0|0|0|6|0|1
103,079|2,844|-6,981|-367,807|0|1|0|0|0|6|0|1
103,254|2,8|-6,981|-368,856|0|1|0|0|0|6|0|1
103,429|2,779|-6,981|-369,905|0|1|0|0|0|6|0|1
103,604|2,79|-6,981|-370,955|0|1|0|0|0|6|0|1
103,779|2,823|-6,981|-372,005|0|1|0|0|0|6|0|1
103,954|2,866|-6,981|-373,054|0|1|0|0|0|6|0|1
104,129|2,904|-7,439|-373,976|0|1|0|0|0|8|-7|1
104,304|2,946|-8,666|-374,949|0|1|0|0|1|7|-4|1
104,479|2,99|-8,978|-375,961|0|1|0|0|1|6|2|1
104,654|3,035|-9,094|-376,974|0|1|0|0|0|7|-4|1
104,829|3,08|-10,156|-377,986|0|1|0|0|0|11|-9|1
105,004|3,12|-11,768|-378,998|0|1|0|0|1|9|-6|1
105,179|3,138|-12,401|-380,011|0|1|0|0|0|6|-2|1
105,354|3,144|-13,165|-381,024|0|1|0|0|0|9|-7|1
105,529|3,131|-14,769|-382,038|0|1|0|0|0|13|-12|1
105,704|3,044|-15,273|-383,062|0|1|0|-0,1|0|6|0|1
105,879|2,823|-15,273|-384,088|0|1|0|-0,1|0|6|0|1
106,054|2,544|-14,923|-385,1|0|1|0|-0,1|0|10|8|1
106,229|2,27|-13,918|-386,075|0|1|0|-0,1|1|6|3|1
106,404|2,018|-13,436|-387,056|0|1|0|-0,1|1|7|3|1
106,579|1,827|-12,99|-388,051|0|1|0|-0,1|1|7|3|1
106,754|1,673|-12,542|-389,032|0|1|0|-0,1|1|7|3|1
106,929|1,525|-12,113|-390,034|0|1|0|-0,1|1|6|3|1
107,104|1,777|-11,651|-391,005|0|1|0|0,3|1|6|3|1
107,279|2,297|-11,169|-391,874|0|1|0|0,3|1|7|3|1
107,454|2,883|-10,72|-392,7|0|0,9|0|0,3|1|7|3|1
107,629|3,486|-10,261|-393,515|0|0,9|0|0,3|1|6|3|1
107,804|4,094|-9,767|-394,326|0|0,9|0|0,3|1|7|3|1
107,979|4,702|-9,279|-395,136|0|0,9|0|0,3|1|6|2|1
108,154|5,311|-8,847|-395,945|0|0,9|0|0,3|1|6|3|1
108,329|5,92|-8,388|-396,755|0|0,9|0|0,3|1|7|3|1
108,504|6,444|-7,96|-397,613|0|1|0|0,1|1|6|3|1
108,679|6,533|-7,493|-398,619|0|1|0|0|1|6|2|1
108,854|6,434|-7,017|-399,627|0|1|0|-0,1|1|6|2|1
109,03|6,27|-6,585|-400,627|0|1|0|-0,1|1|6|3|1
109,205|6,043|-6,135|-401,611|0|1|0|-0,2|1|6|3|1
109,38|5,405|-5,672|-402,39|0|0,9|0|-0,4|1|6|2|1
109,555|4,674|-5,247|-403,085|0|1|0|-0,3|1|7|3|1
109,73|4,269|-4,813|-404,01|0|1|0|-0,1|0|6|1|1
109,905|3,982|-5,119|-404,982|0|1|0|-0,1|0|8|-5|1
110,08|3,732|-6,34|-405,964|0|1|0|-0,1|0|11|-10|1
110,255|3,523|-6,981|-406,972|0|1|0|-0,1|0|6|0|1
110,43|3,306|-6,981|-407,97|0|1|0|-0,2|0|6|0|1
110,605|2,544|-6,981|-408,665|0|0,9|0|-0,4|0|6|0|1
110,78|1,737|-6,981|-409,336|0|0,9|0|-0,4|0|6|0|1
110,955|0,929|-6,981|-410,007|0|0,9|0|-0,4|0|6|0|1
111,13|0,445|-6,981|-410,849|0|1|0|-0,2|0|6|0|1
111,305|0,339|-6,981|-411,889|0|1|0|-0,1|0|6|0|1
111,48|0,257|-6,981|-412,936|0|1|0|0|0|6|0|1
111,655|0,276|-6,981|-413,984|0|1|0|0|0|6|0|1
111,83|0,514|-6,981|-415,003|0|1|0|0,1|0|6|0|1
112,005|0,922|-6,981|-415,969|0|1|0|0,2|0|6|0|1
112,18|1,39|-6,981|-416,909|0|1|0|0,2|0|6|0|1
112,355|1,861|-6,981|-417,847|0|1|0|0,2|0|6|0|1
112,53|2,267|-6,981|-418,814|0|1|0|0,2|0|6|0|1
112,705|2,498|-6,981|-419,836|0|1|0|0,1|0|6|0|1
112,88|2,621|-6,983|-420,879|0|1|0|0,1|0|6|0|1
113,055|2,677|-6,983|-421,927|0|1|0|0|0|6|0|1
113,23|2,688|-6,983|-422,977|0|1|0|0|0|6|0|1
113,405|2,675|-6,329|-424,019|0|1|0|0|0|9|7|1
113,58|2,662|-5,538|-425,032|0|1|0|0|1|7|4|1
113,755|2,649|-5,039|-426,046|0|1|0|0|1|6|2|1
113,93|2,635|-4,584|-427,059|0|1|0|0|1|6|2|1
114,105|2,622|-4,146|-428,072|0|1|0|0|1|6|2|1
114,28|2,609|-3,803|-429,085|0|1|0|0|0|6|-1|1
114,455|2,596|-4,234|-430,098|0|1|0|0|1|6|-2|1
114,63|2,582|-4,098|-431,112|0|1|0|0|1|6|2|1
114,805|2,556|-3,66|-432,125|0|1|0|0|1|6|2|1
114,98|2,518|-3,442|-433,137|0|1|0|0|0|6|-2|1
115,155|2,477|-4,154|-434,149|0|1|0|0|0|9|-7|1
115,33|2,346|-5,714|-435,15|0|1|0|-0,3|0|13|-11|1
115,505|1,863|-6,983|-436,028|0|0,9|0|-0,4|0|6|0|1
115,68|1,432|-6,633|-436,899|0|1|0|-0,2|0|10|8|1
115,855|1,344|-5,628|-437,908|0|1|0|0|1|6|3|1
116,03|1,282|-5,146|-438,92|0|1|0|0|1|7|3|1
116,205|1,625|-4,7|-439,863|0|1|0|0,3|1|7|3|1
116,38|2,225|-4,252|-440,678|0|0,9|0|0,4|1|7|3|1
116,555|2,65|-3,821|-441,583|0|1|0|0,1|0|6|1|1
116,73|2,829|-4,137|-442,58|0|1|0|0|1|6|-3|1
116,905|2,87|-4,203|-443,592|0|1|0|0|1|7|3|1
117,08|2,849|-3,764|-444,605|0|1|0|0|1|7|3|1
117,255|2,811|-3,416|-445,618|0|1|0|0|0|6|-1|1
117,43|2,77|-3,939|-446,63|0|1|0|0|0|8|-6|1
117,605|2,728|-5,341|-447,642|0|1|0|0|0|12|-11|1
117,78|2,495|-6,983|-448,607|0|0,9|0|-0,3|0|6|0|1
117,955|1,837|-6,983|-449,372|0|1|0|-0,3|0|6|0|1
118,13|1,742|-6,983|-450,399|0|1|0|-0,1|0|6|0|1
118,305|1,715|-6,983|-451,447|0|1|0|0|0|6|0|1
118,48|1,797|-5,874|-452,472|0|1|0|0|0|7|4|1
118,656|1,907|-5,332|-453,479|0|1|0|0,1|1|7|3|1
118,831|2,035|-4,88|-454,484|0|1|0|0,1|1|6|3|1
119,006|2,168|-4,409|-455,488|0|1|0|0,1|1|6|2|1
119,181|2,308|-3,989|-456,492|0|1|0|0,1|1|7|3|1
119,356|2,476|-3,56|-457,491|0|1|0|0,1|1|6|3|1
119,531|2,66|-3,065|-458,488|0|1|0|0,1|1|7|3|1
119,706|2,832|-2,613|-459,486|0|1|0|0,1|0|6|2|1
119,881|2,943|-2,764|-460,493|0|1|0|0|0|7|-4|1
120,056|3,006|-3,854|-461,504|0|1|0|0|0|11|-9|1
120,231|3,04|-5,731|-462,517|0|1|0|0|0|14|-13|1
120,406|3,039|-6,981|-463,54|0|1|0|0|0|6|0|1
120,581|2,979|-6,981|-464,587|0|1|0|0|0|6|0|1
120,756|2,904|-6,981|-465,634|0|1|0|0|0|6|0|1
120,931|2,838|-6,981|-466,682|0|1|0|0|0|6|0|1
121,106|2,774|-6,981|-467,73|0|1|0|0|0|6|0|1
121,281|2,71|-6,981|-468,778|0|1|0|0|0|6|0|1
121,456|2,645|-6,981|-469,826|0|1|0|0|0|6|0|1
121,631|2,581|-6,981|-470,874|0|1|0|0|0|6|0|1
121,806|2,517|-6,981|-471,922|0|1|0|0|0|6|0|1
121,981|2,453|-6,981|-472,97|0|1|0|0|0|6|0|1
122,156|2,389|-6,981|-474,018|0|1|0|0|0|6|0|1
122,331|2,325|-6,981|-475,066|0|1|0|0|0|6|0|1
122,506|2,262|-5,873|-476,092|0|1|0|0|0|7|4|1
122,681|2,2|-5,33|-477,103|0|1|0|0|1|7|3|1
122,856|2,139|-4,878|-478,115|0|1|0|0|1|6|3|1
123,031|2,077|-4,407|-479,126|0|1|0|0|1|6|2|1
123,206|2,015|-3,987|-480,137|0|1|0|0|1|7|3|1
123,381|1,953|-3,558|-481,149|0|1|0|0|1|6|3|1
123,556|1,891|-3,063|-482,16|0|1|0|0|1|7|3|1
123,731|1,829|-2,611|-483,171|0|1|0|0|1|6|3|1
123,906|1,767|-2,13|-484,183|0|1|0|0|1|6|2|1
124,081|1,699|-1,666|-485,194|0|1|0|0|1|7|3|1
124,256|1,568|-1,204|-486,198|0|1|0|-0,1|1|6|3|1
124,431|1,338|-0,722|-487,185|0|1|0|-0,1|1|7|3|1
124,606|1,017|-0,278|-488,145|0|1|0|-0,2|1|7|3|1
124,781|0,625|0,084|-489,079|0|0,9|0|-0,3|0|6|-1|1
124,956|-0,002|-0,435|-489,871|0|-0,9|0|0,5|0|8|-6|1
125,131|-0,808|-1,45|-490,481|0|-0,8|0|0,6|0|6|0|1
125,306|-1,777|-1,45|-490,873|0|-0,8|0|0,6|0|6|0|1
125,481|-2,757|-1,45|-491,25|0|-0,8|0|0,6|0|6|0|1
125,656|-3,737|-1,45|-491,626|0|-0,8|0|0,6|0|6|0|1
125,831|-4,684|-1,157|-491,989|0|-0,8|0|0,6|0|10|8|1
126,006|-5,619|-0,152|-492,348|0|-0,8|0|0,6|1|6|3|1
126,181|-6,555|0,33|-492,737|0|-0,8|0|0,5|1|7|3|1
126,356|-7,43|0,776|-493,245|0|0,9|0|-0,5|1|7|3|1
126,531|-7,89|1,223|-494,128|0|1|0|-0,1|1|7|3|1
126,706|-7,953|1,653|-495,137|0|1|0|0|1|6|3|1
126,881|-7,87|2,114|-496,147|0|1|0|0,1|1|6|3|1
127,056|-7,747|2,597|-497,153|0|1|0|0,1|1|7|3|1
127,231|-7,614|3,045|-498,157|0|1|0|0,1|1|7|3|1
127,406|-7,477|3,505|-499,161|0|1|0|0,1|1|6|3|1
127,581|-7,34|3,998|-500,165|0|1|0|0,1|1|7|3|1
127,756|-7,202|4,486|-501,169|0|1|0|0,1|1|6|2|1
127,931|-7,15|4,919|-502,173|0|1|0|-0,1|1|6|3|1
128,106|-7,506|5,377|-503,12|0|1|0|-0,2|1|7|3|1
128,282|-7,971|5,805|-504,02|0|1|0|-0,2|1|6|3|1
128,457|-8,434|6,273|-504,921|0|1|0|-0,2|1|6|2|1
128,632|-8,487|6,748|-505,922|0|1|0|0,1|1|6|2|1
128,807|-8,23|7,18|-506,901|0|1|0|0,2|1|6|3|1
128,982|-7,885|7,631|-507,854|0|1|0|0,2|1|6|3|1
129,157|-7,509|8,093|-508,794|0|1|0|0,2|1|6|2|1
129,332|-7,115|8,518|-509,728|0|1|0|0,2|1|7|3|1
129,507|-6,706|8,953|-510,655|0|1|0|0,2|1|6|3|1
129,682|-6,28|9,438|-511,574|0|1|0|0,2|1|6|2|1
129,857|-5,838|9,332|-512,486|0|1|0|0,2|0|7|-4|1
130,032|-5,38|8,279|-513,39|0|1|0|0,2|0|11|-9|1
130,207|-4,901|6,434|-514,283|0|1|0|0,3|0|14|-13|1
130,382|-4,404|3,925|-515,166|0|1|0|0,3|0|17|-16|1
130,557|-3,889|0,861|-516,038|0|1|0|0,3|0|20|-19|1
130,732|-3,344|-1,953|-516,892|0|1|0|0,3|0|6|0|1
130,907|-2,741|-1,953|-517,745|0|1|0|0,3|0|6|0|1
131,082|-2,181|-1,953|-518,632|0|1|0|0,3|0|6|0|1
131,257|-1,683|-1,953|-519,556|0|1|0|0,2|0|6|0|1
131,432|-1,245|-1,953|-520,51|0|1|0|0,2|0|6|0|1
131,607|-0,687|-1,953|-521,327|0|0,9|0|0,4|0|6|0|1
131,782|0,255|-1,953|-521,771|0|0,9|0|0,5|0|6|0|1
131,957|1,119|-1,953|-522,305|0|0,9|0|0,4|0|6|0|1
132,132|1,428|-1,953|-523,285|0|1|0|0,2|0|6|0|1
132,307|1,648|-1,953|-524,311|0|1|0|0,1|0|6|0|1
132,482|1,819|-1,953|-525,347|0|1|0|0,1|0|6|0|1
132,657|1,946|-1,953|-526,389|0|1|0|0,1|0|6|0|1
132,832|2,038|-1,953|-527,435|0|1|0|0|0|12|10|1
133,007|2,117|-0,698|-528,452|0|1|0|0|0|6|3|1
133,182|2,189|-0,185|-529,463|0|1|0|0|1|6|2|1
133,357|2,25|0,252|-530,475|0|1|0|0|1|6|2|1
133,532|2,308|0,68|-531,486|0|1|0|0|1|6|3|1
133,707|2,365|1,148|-532,498|0|1|0|0|1|6|2|1
133,882|2,421|1,569|-533,51|0|1|0|0|1|6|3|1
134,057|2,478|2,082|-534,521|0|1|0|0|1|6|2|1
134,232|2,534|2,519|-535,533|0|1|0|0|1|6|2|1
134,407|2,591|2,96|-536,544|0|1|0|0|1|6|3|1
134,582|2,648|3,481|-537,556|0|1|0|0|1|6|2|1
134,757|2,739|3,914|-538,563|0|1|0|0,1|1|7|4|1
134,932|3,507|4,413|-539,174|0|0,8|0|0,6|1|6|2|1
135,107|4,506|4,864|-539,322|0|0,7|0|0,7|1|6|2|1
135,282|5,52|5,3|-539,32|0|0,7|0|0,7|1|6|2|1
135,457|6,532|5,72|-539,279|0|0,7|0|0,7|1|7|3|1
135,632|7,476|6,176|-539,235|0|0,7|0|0,7|1|5|4|1
135,807|7,577|6,675|-539,59|0|-0,7|0|0,7|1|6|2|1
135,982|7,002|7,121|-540,422|0|0,9|0|-0,3|1|6|2|1
136,157|6,719|7,544|-541,391|0|1|0|-0,1|1|7|3|1
136,332|6,615|8,005|-542,398|0|1|0|0|1|6|2|1
136,507|6,742|8,444|-543,388|0|1|0|0,2|1|6|2|1
136,682|7,116|8,883|-544,323|0|1|0|0,1|1|7|3|1
136,857|7,192|9,364|-545,333|0|1|0|0|1|6|2|1
137,032|6,764|9,79|-546,235|0|0,9|0|-0,4|1|7|3|1
137,207|6,027|10,22|-546,928|0|0,9|0|-0,5|0|6|0|1
137,382|5,224|9,901|-547,546|0|0,9|0|-0,5|0|8|-5|1
137,557|4,395|8,668|-548,129|0|0,9|0|-0,5|0|11|-10|1
137,733|3,553|6,754|-548,692|0|0,9|0|-0,5|1|11|-9|1
137,908|2,721|5,649|-549,266|0|0,9|0|-0,4|1|6|-2|1
138,083|2,216|5,653|-550,138|0|1|0|-0,2|1|7|3|1
138,258|1,911|6,11|-551,103|0|1|0|-0,1|1|6|3|1
138,433|1,843|6,556|-552,099|0|1|0|0,1|1|6|3|1
138,608|2,18|7,021|-553,053|0|1|0|0,1|1|6|2|1
138,783|2,2|7,455|-554,062|0|1|0|-0,1|1|7|4|1
138,958|2,039|7,966|-555,061|0|1|0|-0,1|1|6|2|1
139,133|2,113|8,421|-556,057|0|1|0|0,2|1|7|3|1
139,308|2,532|8,868|-556,978|0|1|0|0,3|1|7|3|1
139,483|2,799|9,2|-557,946|0|1|0|0|0|6|-1|1
139,658|2,851|8,655|-558,957|0|1|0|-0,1|0|9|-6|1
139,833|2,833|7,235|-559,97|0|1|0|0|0|12|-11|1
140,008|2,784|5,082|-560,982|0|1|0|0|0|16|-15|1
140,183|2,722|2,316|-561,994|0|1|0|0|0|19|-18|1
140,358|2,663|-0,963|-563,005|0|1|0|0|0|21|-20|1
140,533|2,638|-1,953|-564,035|0|1|0|0|0|6|0|1
140,708|2,64|-1,953|-565,084|0|1|0|0|0|6|0|1
140,883|2,639|-1,953|-566,134|0|1|0|0|0|6|0|1
141,058|2,619|-1,953|-567,184|0|1|0|0|0|6|0|1
141,233|2,582|-1,953|-568,233|0|1|0|0|0|6|0|1
141,408|2,536|-1,953|-569,282|0|1|0|0|0|6|0|1
141,583|2,488|-1,953|-570,331|0|1|0|0|0|6|0|1
141,758|2,439|-1,953|-571,38|0|1|0|0|0|6|0|1
141,933|2,391|-1,953|-572,429|0|1|0|0|0|6|0|1
142,108|2,342|-1,953|-573,478|0|1|0|0|0|6|0|1
142,283|2,294|-1,953|-574,527|0|1|0|0|0|6|-1|1
142,458|2,246|-1,551|-575,538|0|1|0|0|0|9|7|1
142,633|2,199|-0,76|-576,55|0|1|0|0|1|7|4|1
142,808|2,152|-0,261|-577,562|0|1|0|0|1|6|2|1
142,983|2,105|0,194|-578,575|0|1|0|0|1|6|2|1
143,158|2,058|0,632|-579,587|0|1|0|0|1|6|2|1
143,333|2,011|1,053|-580,599|0|1|0|0|1|7|3|1
143,508|1,974|1,65|-581,404|0|1|0|0|0|6|4|1
143,683|1,94|2,386|-582,146|0|1|0|0|0|6|4|1
143,858|1,905|3,126|-582,89|0|1|0|0|0|6|4|1
144,033|1,871|3,865|-583,635|0|1|0|0|0|6|4|1
144,208|1,836|4,604|-584,38|0|1|0|0|0|6|4|1
144,383|1,802|5,343|-585,125|0|1|0|0|0|6|4|1
144,558|1,767|6,083|-585,87|0|1|0|0|0|6|4|1
144,733|1,733|6,822|-586,615|0|1|0|0|0|6|4|1
144,908|1,705|7,561|-587,36|0|1|0|0|0|6|4|1
145,083|1,701|8,301|-588,105|0|1|0|0|0|6|4|1
145,258|1,713|9,041|-588,851|0|1|0|0|0|6|4|1
145,433|1,735|9,78|-589,596|0|1|0|0|0|6|4|1
145,608|1,764|10,556|-590,311|0|1|0|0|0|6|4|1
145,783|1,804|11,283|-591,168|0|1|0|0|0|9|7|1
145,958|1,854|12,073|-592,167|0|1|0|0|1|7|4|1
146,133|1,915|12,573|-593,178|0|1|0|0|1|6|2|1
146,308|1,985|13,027|-594,189|0|1|0|0|1|6|2|1
146,483|2,064|13,465|-595,199|0|1|0|0|1|6|2|1
146,658|2,154|13,887|-596,208|0|1|0|0|1|7|3|1
146,833|2,251|14,34|-597,217|0|1|0|0|1|7|4|1
147,008|2,35|14,762|-598,225|0|1|0|0|0|6|0|1
147,183|2,448|14,292|-599,234|0|1|0|0|0|8|-6|1
147,359|2,538|12,934|-600,243|0|1|0|0|0|12|-10|1
147,534|2,619|10,834|-601,253|0|1|0|0|0|15|-14|1
147,709|2,694|8,112|-602,264|0|1|0|0|0|18|-17|1
147,884|2,767|4,869|-603,274|0|1|0|0|0|21|-20|1
148,059|2,836|1,191|-604,285|0|1|0|0|0|23|-22|1
148,234|2,903|-2,851|-605,296|0|1|0|0|0|25|-24|1
148,409|2,969|-7,198|-606,307|0|1|0|0|0|26|-26|1
148,584|3,031|-11,8|-607,311|0|1|0|0|0|28|-27|1