0|2,618|-0,971|-841,85|0|1|0|0|0|1|-1|1
0,175|2,618|-1,563|-841,85|0|1|0|0|0|7|-7|1
0,35|2,618|-1,953|-841,85|0|1|0|0|0|0|0|1
0,525|2,618|-1,953|-841,85|0|1|0|0|0|0|0|1
0,7|2,618|-1,953|-841,85|0|1|0|0|0|0|0|1
0,875|2,618|-1,953|-841,85|0|1|0|0|0|3|0|1
1,05|2,22|-1,953|-842,64|0|1|0|-0,2|0|6|0|1
1,225|1,95|-1,953|-843,646|0|1|0|-0,1|0|6|0|1
1,4|1,999|-1,953|-844,69|0|1|0|0|0|6|0|1
1,575|2,097|-1,953|-845,736|0|1|0|0|0|6|0|1
1,75|2,189|-1,953|-846,782|0|1|0|0|0|6|0|1
1,925|2,262|-1,953|-847,829|0|1|0|0|0|6|0|1
2,1|2,333|-1,953|-848,877|0|1|0|0|0|6|0|1
2,275|1,761|-1,953|-849,708|0|1|0|-0,3|0|6|0|1
2,45|1,158|-1,953|-850,528|0|1|0|-0,2|0|12|10|1
2,625|1,109|-0,698|-851,538|0|1|0|0|0|6|3|1
2,8|1,126|-0,185|-852,551|0|1|0|0|1|6|2|1
2,975|1,181|0,252|-853,562|0|1|0|0|1|6|2|1
3,15|1,246|0,68|-854,574|0|1|0|0|1|6|3|1
3,325|1,314|1,148|-855,585|0|1|0|0|1|6|2|1
3,5|1,381|1,569|-856,596|0|1|0|0|1|6|3|1
3,675|1,446|2,082|-857,607|0|1|0|0|1|6|2|1
3,85|1,513|2,519|-858,618|0|1|0|0|0|6|2|1
4,025|1,58|2,382|-859,629|0|1|0|0|0|7|-4|1
4,2|1,649|1,385|-860,64|0|1|0|0|1|7|-4|1
4,375|1,717|1,047|-861,651|0|1|0|0|1|6|2|1
4,55|1,786|1,523|-862,662|0|1|0|0|1|6|2|1
4,725|1,855|1,958|-863,673|0|1|0|0|1|7|3|1
4,9|1,924|2,405|-864,684|0|1|0|0|1|6|3|1
5,075|1,993|2,882|-865,695|0|1|0|0|1|7|3|1
5,25|2,062|3,314|-866,706|0|1|0|0|1|6|3|1
5,425|2,131|3,719|-867,717|0|1|0|0|0|6|0|1
5,6|2,2|3,243|-868,728|0|1|0|0|0|8|-6|1
5,775|2,269|2,357|-869,739|0|1|0|0|1|6|-2|1
5,95|2,338|2,474|-870,75|0|1|0|0|1|6|2|1
6,125|2,407|2,912|-871,761|0|1|0|0|1|6|3|1
6,3|2,475|3,413|-872,773|0|1|0|0|1|6|2|1
6,475|2,544|3,838|-873,784|0|1|0|0|1|7|3|1
6,65|2,613|4,273|-874,795|0|1|0|0|1|6|3|1
6,825|2,682|4,749|-875,806|0|1|0|0|1|6|2|1
7|2,751|5,224|-876,817|0|1|0|0|1|6|2|1
7,175|2,82|5,656|-877,828|0|1|0|0|1|6|3|1
7,35|2,889|6,105|-878,839|0|1|0|0|1|6|3|1
7,525|2,957|6,578|-879,85|0|1|0|0|1|6|2|1
7,7|2,997|7,014|-880,862|0|1|0|0|0|6|2|1
7,875|3,013|6,896|-881,875|0|1|0|0|0|7|-4|1
8,05|3,023|5,834|-882,889|0|1|0|0|0|11|-9|1
8,225|3,028|3,98|-883,902|0|1|0|0|1|12|-11|1
8,4|3,022|2,628|-884,915|0|1|0|0|1|7|-4|1
8,575|3|2,425|-885,928|0|1|0|0|1|6|2|1
8,75|2,973|2,863|-886,941|0|1|0|0|1|6|3|1
8,925|2,944|3,346|-887,954|0|1|0|0|1|6|2|1
9,1|2,915|3,527|-888,967|0|1|0|0|0|6|-2|1
9,275|2,886|2,786|-889,979|0|1|0|0|0|9|-7|1
9,45|2,857|1,201|-890,992|0|1|0|0|0|13|-12|1
9,625|2,818|-1,09|-892,005|0|1|0|0|0|16|-15|1
9,8|2,757|-1,953|-893,033|0|1|0|0|0|6|0|1
9,975|2,682|-1,953|-894,08|0|1|0|0|0|6|0|1
10,15|2,608|-1,953|-895,127|0|1|0|0|0|6|0|1
10,325|2,47|-1,953|-896,139|0|1|0|-0,1|0|6|0|1
10,5|1,771|-1,953|-896,898|0|0,9|0|-0,3|0|6|0|1
10,675|1,076|-1,953|-897,685|0|0,9|0|-0,3|0|6|0|1
10,85|0,775|-1,953|-898,604|0|1|0|-0,1|0|6|0|1
11,025|0,92|-1,953|-899,639|0|1|0|0,1|0|6|0|1
11,2|1,105|-1,953|-900,672|0|1|0|0,1|0|6|0|1
11,375|1,608|-1,953|-901,503|0|0,9|0|0,3|0|6|0|1
11,55|2,392|-1,953|-902,148|0|0,9|0|0,3|0|6|0|1
11,725|2,592|-1,603|-903,156|0|1|0|0,1|0|10|8|1
11,9|2,707|-0,598|-904,163|0|1|0|0|1|6|3|1
12,075|2,776|-0,116|-905,174|0|1|0|0|1|7|3|1
12,25|2,815|0,33|-906,186|0|1|0|0|1|7|3|1
12,425|2,838|0,778|-907,199|0|1|0|0|1|7|3|1
12,6|2,85|1,207|-908,213|0|1|0|0|1|6|3|1
12,775|2,856|1,669|-909,226|0|1|0|0|1|6|3|1
12,95|2,859|2,151|-910,239|0|1|0|0|1|7|3|1
13,125|2,861|2,6|-911,252|0|1|0|0|1|7|3|1
13,3|2,862|3,059|-912,265|0|1|0|0|1|6|3|1
13,475|2,863|3,553|-913,279|0|1|0|0|1|7|3|1
13,65|2,477|4,041|-914,204|0|0,9|0|-0,3|1|6|2|1
13,825|1,869|4,473|-915,013|0|1|0|-0,3|1|6|3|1
14|1,601|4,932|-915,985|0|1|0|0|1|7|3|1
14,175|1,529|5,36|-916,996|0|1|0|0|1|6|3|1
14,35|1,51|5,827|-918,009|0|1|0|0|0|2|2|1
14,525|1,51|6,177|-918,009|0|1|0|0|0|2|2|1
14,7|1,51|6,527|-918,009|0|1|0|0|0|2|2|1
14,875|1,51|6,877|-918,009|0|1|0|0|0|2|2|1
15,05|1,51|7,227|-918,009|0|1|0|0|0|2|2|1
15,225|1,51|7,577|-918,009|0|1|0|0|0|2|2|1
15,4|1,51|7,927|-918,009|0|1|0|0|0|2|2|1
15,575|1,51|8,277|-918,009|0|1|0|0|0|2|2|1
15,75|1,51|8,627|-918,009|0|1|0|0|0|2|2|1
15,925|1,51|8,977|-918,009|0|1|0|0|0|2|2|1
16,1|1,51|9,327|-918,009|0|1|0|0|0|2|2|1
16,275|1,51|9,677|-918,009|0|1|0|0|0|2|2|1
16,45|1,51|10,027|-918,009|0|1|0|0|0|2|2|1
16,625|1,51|10,377|-918,009|0|1|0|0|0|2|2|1
16,8|1,51|10,727|-918,009|0|1|0|0|0|2|2|1
16,975|1,51|11,077|-918,009|0|1|0|0|0|2|2|1
17,15|1,51|11,427|-918,009|0|1|0|0|0|2|2|1
17,325|1,516|11,52|-918,147|0|1|0|0|0|4|-3|1
17,5|1,562|11,367|-918,901|0|1|0|0|0|6|0|1
17,675|1,648|11,367|-919,941|0|1|0|0|0|6|0|1
17,85|1,754|11,367|-920,985|0|1|0|0,1|0|6|0|1
18,025|1,861|11,367|-922,03|0|1|0|0,1|0|6|0|1
18,2|1,953|11,183|-923,034|0|1|0|0|0|7|-5|1
18,375|2,032|10,028|-924,028|0|1|0|0|0|11|-9|1
18,55|2,099|8,097|-925,039|0|1|0|0|0|15|-13|1
18,725|2,155|5,517|-926,051|0|1|0|0|1|15|-14|1
18,9|2,203|3,556|-927,063|0|1|0|0|1|9|-7|1
19,075|2,245|2,845|-928,075|0|1|0|0|1|6|0|1
19,25|2,282|2,703|-929,088|0|1|0|0|0|7|-4|1
19,425|2,31|1,691|-930,101|0|1|0|0|0|10|-9|1
19,6|2,316|-0,121|-931,114|0|1|0|0|0|14|-13|1
19,775|2,3|-1,953|-932,131|0|1|0|0|0|6|0|1
19,95|2,257|-1,953|-933,178|0|1|0|0|0|6|0|1
20,125|2,218|-1,953|-934,227|0|1|0|0|0|6|0|1
20,3|2,183|-1,953|-935,277|0|1|0|0|0|6|0|1
20,475|2,149|-1,953|-936,326|0|1|0|0|0|6|0|1
20,65|2,116|-1,953|-937,376|0|1|0|0|0|6|0|1
20,825|2,095|-1,953|-938,425|0|1|0|0|0|6|0|1
21|2,107|-1,953|-939,475|0|1|0|0|0|6|0|1
21,175|2,149|-1,953|-940,524|0|1|0|0|0|6|0|1
21,35|2,193|-1,953|-941,574|0|1|0|0|0|12|10|1
21,525|2,236|-0,698|-942,593|0|1|0|0|0|6|3|1
21,7|2,271|-0,185|-943,606|0|1|0|0|1|6|2|1
21,875|2,298|0,252|-944,517|0|1|0|0|1|6|2|1
22,05|2,327|0,68|-945,403|0|1|0|0|1|6|3|1
22,225|2,355|1,148|-946,289|0|1|0|0|1|5|2|1
22,4|2,379|1,569|-947,176|0|1|0|0|1|6|3|1
22,575|2,4|2,082|-948,062|0|1|0|0|1|5|2|1
22,75|2,42|2,519|-948,948|0|1|0|0|1|6|2|1
22,925|2,439|2,96|-949,834|0|1|0|0|1|6|3|1
23,1|2,457|3,481|-950,721|0|1|0|0|1|5|2|1
23,275|2,476|3,914|-951,607|0|1|0|0|0|5|1|1
23,45|2,496|3,726|-952,38|0|1|0|0|0|6|-4|1
23,625|2,518|2,605|-952,986|0|1|0|0|0|10|-9|1
23,8|2,545|1,486|-953,742|0|1|0|0|1|6|-2|1
23,975|2,568|1,48|-954,628|0|1|0|0|1|6|3|1
24,15|2,589|1,927|-955,514|0|1|0|0|1|6|3|1
24,325|2,608|2,362|-956,4|0|1|0|0|1|6|3|1
24,5|2,627|2,82|-957,287|0|1|0|0|1|5|2|1
24,675|2,645|3,23|-958,173|0|1|0|0|1|6|3|1
24,85|2,663|3,671|-959,051|0|1|0|0|0|5|0|1
25,025|2,684|3,249|-959,788|0|1|0|0|0|7|-6|1
25,2|2,707|1,931|-960,365|0|1|0|0|0|11|-10|1
25,375|2,731|-0,137|-960,808|0|1|0|0|0|14|-14|1
25,55|2,756|-1,953|-961,322|0|1|0|0|0|5|0|1
25,725|2,768|-1,047|-962,327|0|1|0|0|0|8|6|1
25,9|2,779|-0,381|-963,34|0|1|0|0|1|6|2|1
26,075|2,79|0,052|-964,353|0|1|0|0|0|6|0|1
26,25|2,801|-0,269|-965,366|0|1|0|0|0|8|-5|1
26,425|2,811|-1,502|-966,379|0|1|0|0|0|11|-10|1
26,6|2,739|-1,953|-967,376|0|1|0|-0,1|0|6|0|1
26,775|2,055|-1,953|-968,146|0|0,9|0|-0,3|0|6|0|1
26,95|1,321|-1,953|-968,896|0|0,9|0|-0,4|0|6|0|1
27,125|0,587|-1,953|-969,647|0|0,9|0|-0,4|0|6|0|1
27,3|-0,064|-1,953|-970,431|0|1|0|-0,3|0|6|0|1
27,475|-0,094|-1,953|-971,46|0|1|0|0|0|6|0|1
27,65|-0,008|-1,953|-972,506|0|1|0|0|0|6|0|1
27,825|0,109|-1,299|-973,542|0|1|0|0,1|0|9|7|1
28|0,231|-0,508|-974,548|0|1|0|0,1|1|7|4|1
28,175|0,363|-0,009|-975,552|0|1|0|0,1|1|6|2|1
28,35|0,511|0,446|-976,555|0|1|0|0,1|1|6|2|1
28,525|0,691|0,884|-977,552|0|1|0|0,1|1|6|2|1
28,7|0,982|1,305|-978,535|0|1|0|0,1|1|7|3|1
28,875|1,612|1,759|-979,479|0|1|0|0,2|0|7|1|1
29,05|2,577|1,572|-980,382|0|1|0|0,3|0|9|-4|1
29,225|3,972|0,451|-981,117|0|0,8|0|0,6|0|14|-9|1
29,4|5,832|-1,452|-981,447|0|0,6|0|0,8|0|18|-13|1
29,575|7,54|-1,953|-981,643|0|0,7|0|0,7|0|7|0|1
29,75|8,81|-1,953|-981,833|0|0,8|0|0,7|0|7|0|1
29,925|10,081|-1,953|-981,945|0|0,7|0|0,7|0|7|0|1
30,1|11,354|-1,953|-982,031|0|0,7|0|0,7|0|7|0|1
30,275|12,627|-1,953|-982,116|0|0,7|0|0,7|0|7|0|1
30,45|13,901|-1,953|-982,199|0|0,7|0|0,7|0|7|0|1
30,625|15,174|-1,953|-982,283|0|0,7|0|0,7|0|7|0|1
30,8|16,447|-1,953|-982,367|0|0,7|0|0,7|0|7|0|1
30,975|17,655|-1,953|-982,244|0|0,6|0|0,8|0|7|0|1
31,15|18,747|-1,953|-981,664|0|0,5|0|0,9|0|7|0|1
31,325|19,925|-1,953|-981,287|0|0,6|0|0,8|0|7|0|1
31,5|21,029|-1,953|-981,304|0|0,6|0|0,8|0|6|0|1
31,675|21,868|-1,953|-981,941|0|0,9|0|0,5|0|7|0|1
31,85|22,32|-1,953|-983,104|0|1|0|0,2|0|7|0|1
32,025|22,558|-1,953|-984,351|0|1|0|0,1|0|7|0|1
32,2|22,674|-1,047|-985,669|0|1|0|0,1|0|10|6|1
32,375|22,767|-0,381|-987,321|0|1|0|0|0|11|2|1
32,55|22,841|-0,404|-989,295|0|1|0|0|0|13|-4|1
32,725|22,906|-1,305|-991,537|0|1|0|0|1|14|-4|1
32,9|22,972|-1,564|-994,005|0|1|0|0|1|15|2|1
33,075|23,042|-1,129|-996,66|0|1|0|0|1|16|3|1
33,25|23,117|-0,646|-999,473|0|1|0|0|1|17|2|1
33,425|23,192|-0,388|-1002,418|0|1|0|0|0|17|-2|1
33,6|23,24|-1,068|-1005,473|0|1|0|0|0|19|-7|1
33,775|22,779|-1,953|-1008,146|0|1|0|-0,3|0|8|0|1
33,95|21,653|-1,953|-1008,771|0|-0,9|0|0,5|0|7|0|1
34,125|20,395|-1,953|-1008,884|0|-0,7|0|0,7|0|7|0|1
34,3|19,218|-1,603|-1008,69|0|-0,6|0|0,8|0|11|8|1
34,475|17,839|-0,598|-1008,238|0|-0,7|0|0,8|1|10|3|1
34,65|16,036|-0,116|-1008,191|0|-0,8|0|0,7|1|12|3|1
34,825|13,941|0,33|-1008,39|0|-0,8|0|0,6|1|13|3|1
35|11,611|0,778|-1008,692|0|-0,8|0|0,6|1|14|3|1
35,175|9,084|1,207|-1009,048|0|-0,8|0|0,6|1|15|3|1
35,35|6,372|1,463|-1009,299|0|-0,6|0|0,8|0|16|-2|1
35,525|3,737|0,759|-1009,667|0|-0,7|0|0,8|0|16|-7|1
35,7|1,555|-0,795|-1010,596|0|0,9|0|-0,4|0|18|-11|1
35,875|0,144|-1,953|-1011,996|0|1|0|-0,3|0|8|0|1
36,05|-0,201|-1,953|-1013,236|0|1|0|-0,1|0|12|10|1
36,225|-0,386|-0,698|-1014,654|0|1|0|-0,1|0|10|3|1
36,4|-0,517|-0,185|-1016,433|0|1|0|0|1|11|2|1
36,575|-0,533|0,252|-1018,517|0|1|0|0|1|13|2|1
36,75|-0,423|0,68|-1020,85|0|1|0|0,1|1|14|3|1
36,925|-0,243|1,148|-1023,388|0|1|0|0,1|1|15|2|1
37,1|-0,028|1,569|-1026,099|0|1|0|0,1|1|16|3|1
37,275|0,209|2,082|-1028,954|0|1|0|0,1|1|17|2|1
37,45|0,453|2,315|-1031,93|0|1|0|0,1|0|18|-2|1
37,625|0,682|1,617|-1034,765|0|1|0|0,1|0|16|-7|1
37,8|0,894|0,067|-1037,136|0|1|0|0,1|0|17|-11|1
37,975|1,088|-1,955|-1039,118|0|1|0|0,1|0|8|0|1
38,15|1,225|-1,953|-1040,284|0|1|0|0,1|0|6|0|1
38,325|1,353|-1,953|-1041,328|0|1|0|0,1|0|6|0|1
38,5|1,48|-1,953|-1042,371|0|1|0|0,1|0|6|0|1
38,675|1,603|-1,953|-1043,414|0|1|0|0,1|0|6|0|1
38,85|1,724|-1,953|-1044,457|0|1|0|0,1|0|6|0|1
39,025|1,843|-1,953|-1045,5|0|1|0|0,1|0|6|0|1
39,2|1,957|-1,953|-1046,544|0|1|0|0,1|0|6|0|1
39,375|2,058|-1,953|-1047,589|0|1|0|0|0|6|0|1
39,55|2,152|-1,953|-1048,635|0|1|0|0|0|6|0|1
39,725|2,243|-1,953|-1049,681|0|1|0|0|0|6|0|1
39,9|2,332|-1,891|-1050,731|0|1|0|0|0|6|2|1
40,075|2,422|-1,891|-1051,809|0|1|0|0|0|6|2|1
40,25|2,512|-1,891|-1052,888|0|1|0|0|0|6|2|1
40,425|2,592|-1,541|-1053,851|0|1|0|0|0|12|12|1
40,6|2,63|0,616|-1054,297|0|1|0|0|1|13|13|1
40,775|2,662|2,849|-1054,67|0|1|0|0|0|13|13|1
40,95|2,687|5,176|-1054,959|0|0,9|0|-0,4|0|14|14|1
41,125|2,674|7,588|-1054,778|0|-0,2|0|1|0|14|14|1
41,3|2,621|10,069|-1054,101|0|-0,1|0|1|0|15|14|1
41,475|2,566|12,608|-1053,409|0|-0,1|0|1|0|15|15|1
41,65|2,533|15,197|-1052,969|0|0,9|0|-0,5|0|15|15|1
41,825|2,548|17,826|-1053,13|0|1|0|-0,1|0|15|15|1
42|2,589|20,49|-1053,586|0|1|0|0|0|16|15|1
42,175|2,623|23,182|-1053,969|0|1|0|0|0|16|15|1
42,35|2,653|25,898|-1054,29|0|1|0|0|0|16|16|1
42,525|2,678|28,635|-1054,559|0|1|0|0|0|16|16|1
42,7|2,683|31,388|-1054,58|0|-0,5|0|0,8|0|16|16|1
42,875|2,677|34,155|-1054,473|0|-0,5|0|0,8|0|16|16|1
43,05|2,673|36,934|-1054,383|0|-0,5|0|0,8|0|16|16|1
43,225|2,671|39,723|-1054,309|0|-0,5|0|0,8|0|16|16|1
43,4|2,671|42,52|-1054,271|0|-0,8|0|0,6|0|16|16|1
43,575|2,705|45,324|-1054,639|0|1|0|-0,1|0|16|16|1
43,75|2,744|47,775|-1055,074|0|1|0|-0,1|0|10|9|1
43,925|2,778|48,915|-1055,461|0|1|0|-0,1|0|4|2|1
44,1|2,842|48,904|-1056,208|0|1|0|0|0|7|-4|1
44,275|2,921|47,93|-1057,219|0|1|0|0|1|8|-6|1
44,45|2,985|47,314|-1058,23|0|1|0|0|1|6|0|1
44,625|3,041|47,646|-1059,241|0|1|0|0|0|6|1|1
44,8|3,096|47,386|-1060,253|0|1|0|0|0|8|-5|1
44,975|3,14|46,205|-1061,266|0|1|0|0|0|11|-10|1
45,15|3,149|45,342|-1062,288|0|1|0|0|0|6|0|1
45,325|3,124|45,342|-1063,337|0|1|0|0|0|6|0|1
45,5|3,103|45,342|-1064,387|0|1|0|0|0|6|0|1
45,675|3,085|45,342|-1065,437|0|1|0|0|0|6|0|1
45,85|3,067|45,342|-1066,486|0|1|0|0|0|6|0|1
46,025|3,038|45,342|-1067,536|0|1|0|0|0|6|0|1
46,2|2,988|45,342|-1068,585|0|1|0|0|0|6|0|1
46,375|2,916|45,342|-1069,632|0|1|0|0|0|6|0|1
46,55|2,829|45,342|-1070,679|0|1|0|0|0|6|0|1
46,725|2,738|45,342|-1071,725|0|1|0|0|0|12|10|1
46,9|2,701|46,597|-1072,743|0|1|0|0,2|0|6|3|1
47,075|3,248|47,11|-1073,541|0|0,8|0|0,6|1|6|2|1
47,25|4,207|47,546|-1073,856|0|0,7|0|0,7|1|6|2|1
47,425|5,212|47,975|-1073,982|0|0,7|0|0,7|0|6|0|1
47,6|6,222|47,651|-1074,064|0|0,7|0|0,7|0|8|-5|1
47,775|7,219|46,416|-1074,223|0|0,9|0|0,5|0|11|-10|1
47,95|8,136|44,417|-1074,648|0|0,9|0|0,4|0|15|-14|1
48,125|8,957|41,78|-1075,239|0|1|0|0,2|0|6|0|1
48,3|9,134|41,547|-1076,178|0|1|0|0|0|6|0|1
48,475|9,036|41,547|-1077,221|0|1|0|0|0|6|0|1
48,65|8,901|41,547|-1078,261|0|1|0|-0,1|0|6|0|1
48,825|8,445|41,547|-1079,193|0|1|0|-0,3|0|6|0|1
49|7,687|41,547|-1079,909|0|0,9|0|-0,4|0|6|0|1
49,175|6,752|41,547|-1080,375|0|-0,8|0|0,5|0|6|0|1
49,35|5,793|41,589|-1080,697|0|-0,8|0|0,6|0|10|8|1
49,525|4,828|42,594|-1081,007|0|-0,8|0|0,6|1|6|3|1
49,7|3,861|43,076|-1081,308|0|-0,8|0|0,6|1|7|3|1
49,875|2,892|43,17|-1081,606|0|-0,8|0|0,6|0|7|-3|1
50,05|1,923|42,282|-1081,902|0|-0,8|0|0,6|0|10|-8|1
50,225|0,954|40,575|-1082,198|0|-0,8|0|0,6|0|14|-12|1
50,4|-0,015|38,182|-1082,494|0|-0,8|0|0,6|0|17|-16|1
50,575|-0,984|36|-1082,789|0|-0,8|0|0,6|1|10|-8|1
50,75|-1,953|35,103|-1083,084|0|-0,8|0|0,6|1|6|-1|1
50,925|-2,923|35,282|-1083,38|0|-0,8|0|0,6|0|6|2|1
51,1|-3,887|35,198|-1083,69|0|-0,8|0|0,6|0|7|-4|1
51,275|-4,798|34,163|-1084,13|0|0,9|0|-0,4|0|11|-9|1
51,45|-5,613|32,332|-1084,73|0|0,9|0|-0,3|0|14|-13|1
51,625|-6,329|30,747|-1085,447|0|1|0|-0,3|0|6|0|1
51,8|-6,802|30,747|-1086,376|0|1|0|-0,2|0|6|0|1
51,975|-7,139|30,747|-1087,369|0|1|0|-0,2|0|6|0|1
52,15|-7,372|30,747|-1088,392|0|1|0|-0,1|0|6|0|1
52,325|-7,46|30,747|-1089,437|0|1|0|0|0|6|0|1
52,5|-7,436|30,747|-1090,486|0|1|0|0|0|6|0|1
52,675|-7,341|30,747|-1091,531|0|1|0|0|0|6|0|1
52,85|-7,21|30,747|-1092,573|0|1|0|0,1|0|6|0|1
53,025|-7,041|30,747|-1093,609|0|1|0|0,1|0|6|0|1
53,2|-6,813|31,228|-1094,582|0|1|0|0,1|0|9|7|1
53,375|-6,547|32,019|-1095,559|0|1|0|0,2|1|7|4|1
53,55|-6,229|32,204|-1096,521|0|1|0|0,2|0|6|-3|1
53,725|-5,893|31,394|-1097,477|0|1|0|0,2|0|10|-8|1
53,9|-5,569|29,832|-1098,437|0|1|0|0,1|1|9|-7|1
54,075|-5,344|29,022|-1099,424|0|1|0|0,1|1|6|-1|1
54,25|-5,208|29,274|-1100,428|0|1|0|0|1|6|2|1
54,425|-5,121|29,705|-1101,438|0|1|0|0|1|6|3|1
54,6|-5,069|30,146|-1102,45|0|1|0|0|1|6|3|1
54,775|-5,057|30,631|-1103,463|0|1|0|0|1|6|2|1
54,95|-5,058|31,055|-1104,476|0|1|0|0|1|6|3|1
55,125|-5,064|31,299|-1105,489|0|1|0|0|0|6|-2|1
55,3|-5,07|30,582|-1106,502|0|1|0|0|0|9|-7|1
55,475|-5,077|29,017|-1107,516|0|1|0|0|1|11|-9|1
55,65|-5,084|27,907|-1108,529|0|1|0|0|1|6|-2|1
55,825|-5,091|27,666|-1109,542|0|1|0|0|0|7|-3|1
56|-5,242|26,714|-1110,539|0|1|0|-0,3|0|10|-8|1
56,175|-5,657|25,146|-1111,462|0|0,9|0|-0,4|0|6|0|1
56,35|-6,268|25,147|-1112,26|0|1|0|-0,3|0|6|0|1
56,525|-6,067|25,147|-1113,252|0|1|0|0,1|0|6|0|1
56,7|-5,464|25,147|-1114,093|0|0,9|0|0,3|0|6|0|1
56,875|-4,584|25,147|-1114,655|0|0,9|0|0,5|0|6|0|1
57,05|-3,622|25,147|-1115,073|0|0,8|0|0,5|0|6|0|1
57,225|-2,634|25,147|-1115,43|0|0,8|0|0,6|0|6|0|1
57,4|-1,667|25,712|-1115,764|0|0,8|0|0,6|0|9|7|1
57,575|-0,709|26,468|-1116,094|0|0,8|0|0,6|0|6|0|1
57,75|0,249|26,124|-1116,423|0|0,8|0|0,6|0|8|-5|1
57,925|1,207|24,871|-1116,753|0|0,8|0|0,6|0|11|-10|1
58,1|2,166|22,859|-1117,082|0|0,8|0|0,6|0|15|-14|1
58,275|3,124|20,291|-1117,411|0|0,8|0|0,6|1|14|-12|1
58,45|4,082|18,639|-1117,74|0|0,8|0|0,6|1|8|-5|1
58,625|5,04|18,186|-1118,068|0|0,8|0|0,6|1|6|1|1
58,8|5,999|18,574|-1118,397|0|0,8|0|0,6|0|6|2|1
58,975|6,969|18,441|-1118,682|0|0,7|0|0,7|0|7|-4|1
59,15|7,98|17,366|-1118,69|0|0,6|0|0,8|0|11|-9|1
59,325|8,983|15,501|-1118,547|0|0,7|0|0,7|0|14|-13|1
59,5|9,994|12,977|-1118,578|0|0,8|0|0,6|0|17|-16|1
59,675|10,989|9,9|-1118,766|0|0,8|0|0,5|0|20|-19|1
59,85|11,924|6,36|-1119,148|0|0,9|0|0,4|0|6|0|1
60,025|12,335|5,747|-1120,007|0|1|0|0,1|0|6|0|1
60,2|12,199|5,747|-1121,039|0|1|0|-0,1|0|6|0|1
60,375|11,886|5,747|-1122,04|0|1|0|-0,1|0|6|0|1
60,55|11,5|5,747|-1123,016|0|1|0|-0,2|0|6|0|1
60,725|11,078|5,747|-1123,978|0|1|0|-0,2|0|6|0|1
60,9|10,661|6,856|-1124,917|0|1|0|-0,2|0|7|4|1
61,075|10,25|7,398|-1125,843|0|1|0|-0,2|1|7|3|1
61,25|9,839|7,542|-1126,769|0|1|0|-0,2|0|6|-3|1
61,425|9,427|6,698|-1127,695|0|1|0|-0,2|0|10|-8|1
61,6|9,016|5,503|-1128,621|0|1|0|-0,2|1|7|-3|1
61,775|8,605|5,362|-1129,547|0|1|0|-0,2|1|6|3|1
61,95|8,194|5,851|-1130,473|0|1|0|-0,2|1|7|3|1
62,125|7,782|6,341|-1131,399|0|1|0|-0,2|1|6|2|1
62,3|7,371|6,769|-1132,324|0|1|0|-0,2|1|6|3|1
62,475|6,96|6,823|-1133,25|0|1|0|-0,2|0|7|-3|1
62,65|6,548|6,145|-1134,176|0|1|0|-0,2|1|6|-1|1
62,825|6,137|6,293|-1135,102|0|1|0|-0,2|1|6|2|1
63|5,734|6,766|-1136,032|0|1|0|-0,2|1|6|2|1
63,175|5,354|7,037|-1136,971|0|1|0|-0,2|0|6|-2|1
63,35|4,992|6,45|-1137,917|0|1|0|-0,2|1|6|-2|1
63,525|4,661|6,456|-1138,875|0|1|0|-0,2|1|7|3|1
63,7|4,352|6,601|-1139,84|0|1|0|-0,1|0|6|-3|1
63,875|4,053|5,756|-1140,808|0|1|0|-0,1|0|10|-8|1
64,05|3,762|4,084|-1141,778|0|1|0|-0,1|0|13|-12|1
64,225|3,484|1,721|-1142,753|0|1|0|-0,1|0|17|-16|1
64,4|3,155|-1,221|-1143,708|0|0,9|0|-0,3|0|19|-19|1
64,575|2,411|-1,953|-1144,198|0|-0,8|0|0,6|0|6|0|1
64,75|1,659|-1,953|-1144,282|0|-0,8|0|0,6|0|1|0|1
64,925|1,627|-1,953|-1144,286|0|-0,8|0|0,6|0|0|0|1
65,1|1,627|-1,953|-1144,286|0|-0,8|0|0,6|0|0|0|1
65,275|2,1|-1,953|-1144,208|0|1|0|0,3|0|6|0|1
65,45|2,924|-1,953|-1144,657|0|0,9|0|0,4|0|6|0|1
65,625|3,567|-1,953|-1145,483|0|0,9|0|0,3|0|6|0|1
65,8|4,198|-1,953|-1146,322|0|0,9|0|0,3|0|6|0|1
65,975|4,341|-1,953|-1147,175|0|1|0|0,1|0|1|0|1
66,15|4,336|-1,953|-1147,245|0|1|0|0,1|0|0|0|1
66,325|4,336|-1,953|-1147,245|0|1|0|0,1|0|0|0|1
66,5|4,336|-1,953|-1147,245|0|1|0|0,1|0|3|0|1
66,675|3,452|-1,953|-1147,17|0|-0,8|0|0,6|0|6|0|1
66,85|2,407|-1,953|-1147,091|0|-0,7|0|0,7|0|6|0|1
67,025|1,36|-1,953|-1147,014|0|-0,7|0|0,7|0|3|0|1
67,2|1,198|-1,953|-1147,002|0|-0,7|0|0,7|0|0|0|1
67,375|1,196|-1,953|-1147,002|0|-0,7|0|0,7|0|3|0|1
67,55|1,8|-1,953|-1147,652|0|1|0|0,2|0|6|0|1
67,725|2,439|-1,953|-1148,442|0|1|0|0,2|0|6|0|1
67,9|2,481|-1,953|-1148,792|0|1|0|0,2|0|0|0|1
68,075|2,482|-1,953|-1148,797|0|1|0|0,2|0|0|0|1
68,25|2,482|-1,953|-1148,797|0|1|0|0,2|0|0|0|1
68,425|2,466|-1,953|-1149,477|0|1|0|0|0|6|0|1
68,6|2,442|-1,953|-1150,521|0|1|0|0|0|6|0|1
68,775|2,495|-1,953|-1151,568|0|1|0|0|0|12|10|1
68,95|2,625|-0,698|-1152,58|0|1|0|0,1|0|6|3|1
69,125|2,751|-0,185|-1153,586|0|1|0|0,1|1|6|2|1
69,3|2,805|0,252|-1154,597|0|1|0|0|1|6|2|1
69,475|2,773|0,68|-1155,61|0|1|0|0|1|6|3|1
69,65|2,713|1,148|-1156,621|0|1|0|0|1|6|2|1
69,825|2,651|1,569|-1157,633|0|1|0|0|1|6|3|1
70|2,597|2,082|-1158,644|0|1|0|0|1|6|2|1
70,175|2,55|2,519|-1159,656|0|1|0|0|1|6|2|1
70,35|2,506|2,801|-1160,669|0|1|0|0|0|6|-2|1
70,525|2,463|2,142|-1161,682|0|1|0|0|0|9|-7|1
70,7|2,422|1,41|-1162,694|0|1|0|0|1|6|0|1
70,875|2,38|1,663|-1163,707|0|1|0|0|1|7|3|1
71,05|2,338|2,121|-1164,719|0|1|0|0|1|6|2|1
71,226|2,297|2,493|-1165,732|0|1|0|0|0|6|0|1
71,401|2,255|2,054|-1166,744|0|1|0|0|0|8|-6|1
71,576|2,214|1,197|-1167,757|0|1|0|0|1|6|-1|1
71,751|2,176|1,34|-1168,77|0|1|0|0|1|6|2|1
71,926|2,157|1,761|-1169,783|0|1|0|0|1|7|3|1
72,101|2,151|2,195|-1170,796|0|1|0|0|1|6|3|1
72,276|2,15|2,695|-1171,809|0|1|0|0|1|6|2|1
72,451|2,15|2,928|-1172,822|0|1|0|0|0|6|-2|1
72,626|2,153|2,238|-1173,835|0|1|0|0|0|9|-7|1
72,801|2,161|1,173|-1174,849|0|1|0|0|1|6|-3|1
72,976|2,171|1,14|-1175,862|0|1|0|0|1|7|3|1
73,151|2,184|1,612|-1176,875|0|1|0|0|1|6|2|1
73,326|2,253|2,05|-1177,885|0|1|0|0,1|1|6|2|1
73,501|2,465|2,486|-1178,876|0|1|0|0,1|1|6|2|1
73,676|2,771|2,922|-1179,841|0|1|0|0,2|1|6|2|1
73,851|3,118|3,39|-1180,794|0|1|0|0,2|1|7|3|1
74,026|3,475|3,877|-1181,742|0|1|0|0,2|1|6|2|1
74,201|3,833|4,318|-1182,689|0|1|0|0,2|1|6|3|1
74,376|4,15|4,84|-1183,651|0|1|0|0,1|1|6|2|1
74,551|4,393|5,272|-1184,635|0|1|0|0,1|1|7|4|1
74,726|4,569|5,765|-1185,633|0|1|0|0,1|1|6|2|1
74,901|4,7|5,95|-1186,637|0|1|0|0|0|6|-2|1
75,076|4,807|5,211|-1187,645|0|1|0|0|0|9|-7|1
75,251|4,881|3,627|-1188,656|0|1|0|0|0|13|-12|1
75,426|4,908|1,338|-1189,668|0|1|0|0|0|16|-15|1
75,601|4,867|-1,542|-1190,681|0|1|0|-0,1|0|6|0|1
75,776|4,661|-1,953|-1191,694|0|1|0|-0,1|0|6|0|1
75,951|4,193|-1,953|-1192,561|0|0,9|0|-0,3|0|6|0|1
76,126|3,286|-1,953|-1193,072|0|0,9|0|-0,5|0|6|0|1
76,301|2,53|-1,953|-1193,707|0|0,9|0|-0,3|0|6|0|1
76,476|2,208|-1,953|-1194,697|0|1|0|-0,2|0|6|0|1
76,651|1,954|-1,953|-1195,714|0|1|0|-0,1|0|6|0|1
76,826|1,825|-1,953|-1196,756|0|1|0|-0,1|0|6|0|1
77,001|1,749|-1,953|-1197,803|0|1|0|0|0|6|0|1
77,176|1,682|-1,953|-1198,851|0|1|0|0|0|6|0|1
77,351|1,617|-0,844|-1199,877|0|1|0|0|0|7|4|1
77,526|1,552|-0,302|-1200,888|0|1|0|0|1|7|3|1
77,701|1,487|0,15|-1201,9|0|1|0|0|1|6|3|1
77,876|1,421|0,621|-1202,911|0|1|0|0|1|6|2|1
78,051|1,334|1,041|-1203,92|0|1|0|-0,1|1|7|3|1
78,226|1,206|1,47|-1204,925|0|1|0|-0,1|1|6|3|1
78,401|1,042|1,965|-1205,925|0|1|0|-0,1|1|7|3|1
78,576|0,847|2,417|-1206,92|0|1|0|-0,1|1|6|3|1
78,751|0,64|2,49|-1207,911|0|1|0|-0,1|0|7|-3|1
78,926|0,424|1,587|-1208,901|0|1|0|-0,1|0|10|-8|1
79,101|0,017|1,013|-1209,778|0|1|0|-0,3|0|6|0|1
79,276|-0,914|1,363|-1209,986|0|-0,7|0|0,7|0|10|8|1
79,451|-1,911|2,368|-1209,802|0|-0,6|0|0,8|1|6|3|1
79,626|-2,902|2,85|-1209,59|0|-0,6|0|0,8|1|7|3|1
79,801|-3,89|3,296|-1209,366|0|-0,6|0|0,8|1|7|3|1
79,976|-4,865|3,744|-1209,581|0|0,9|0|-0,5|1|7|3|1
80,151|-5,457|4,174|-1210,362|0|1|0|-0,1|1|6|3|1
80,326|-5,52|4,635|-1211,368|0|1|0|0,1|1|6|3|1
80,501|-5,117|5,118|-1212,269|0|0,9|0|0,4|1|7|3|1
80,676|-4,241|5,566|-1212,752|0|0,7|0|0,7|1|7|3|1
80,852|-3,272|5,712|-1212,705|0|0,6|0|0,8|0|6|-3|1
81,027|-2,456|4,942|-1212,641|0|0,6|0|0,8|0|2|0|1
81,202|-1,932|4,943|-1212,379|0|0,5|0|0,8|0|6|0|1
81,377|-0,987|5,849|-1212,117|0|0,7|0|0,7|0|8|6|1
81,552|0,024|6,515|-1212,163|0|0,8|0|0,6|1|6|2|1
81,727|1,022|6,948|-1212,337|0|0,8|0|0,6|1|6|3|1
81,902|2,013|7,411|-1212,55|0|0,8|0|0,6|1|7|3|1
82,077|3,001|7,84|-1212,774|0|0,8|0|0,6|1|6|3|1
82,252|3,988|8,306|-1213,002|0|0,8|0|0,6|0|6|2|1
82,427|4,903|8,184|-1213,429|0|0,9|0|0,3|0|7|-4|1
82,602|5,68|7,372|-1213,966|0|0,9|0|0,3|0|2|0|1
82,777|5,792|7,373|-1214,043|0|0,9|0|0,3|0|10|10|1
82,952|5,797|8,628|-1214,047|0|0,9|0|0,3|0|3|3|1
83,127|6,082|9,141|-1214,52|0|1|0|0,3|1|6|2|1
83,302|6,594|9,578|-1215,395|0|1|0|0,3|1|6|2|1
83,477|7,097|10,007|-1216,275|0|1|0|0,3|1|6|3|1
83,652|7,597|10,474|-1217,156|0|1|0|0,3|1|6|2|1
83,827|8,072|10,353|-1218,004|0|1|0|0,2|0|6|-4|1
84,002|8,371|9,963|-1218,538|0|1|0|0,2|0|0|0|1
84,177|8,395|10,313|-1219,24|0|1|0|0,1|0|10|8|1
84,352|8,35|11,318|-1220,252|0|1|0|-0,1|1|6|3|1
84,527|8,177|11,8|-1221,249|0|1|0|-0,1|1|7|3|1
84,702|8,071|12,246|-1222,214|0|1|0|0,2|1|7|3|1
84,877|8,589|12,694|-1223,057|0|0,9|0|0,4|1|6|3|1
85,052|8,444|13,124|-1224,003|0|0,9|0|-0,4|1|6|3|1
85,227|7,515|13,585|-1224,299|0|-0,6|0|0,8|1|6|3|1
85,402|6,699|13,909|-1223,752|0|-0,3|0|1|0|5|-1|1
85,577|6,047|13,381|-1223,208|0|-0,3|0|1|0|2|0|1
85,752|5,952|13,383|-1223,13|0|-0,3|0|1|0|0|0|1
85,927|5,677|13,733|-1223,213|0|-0,6|0|0,8|0|10|8|1
86,102|4,713|14,738|-1223,461|0|-0,6|0|0,8|1|6|3|1
86,277|3,722|15,22|-1223,286|0|-0,5|0|0,8|1|7|3|1
86,452|2,842|15,666|-1222,807|0|-0,3|0|0,9|1|7|3|1
86,627|2,544|16,114|-1222,222|0|-0,2|0|1|1|4|3|1
86,802|2,946|16,55|-1221,8|0|-0,2|0|1|1|6|3|1
86,977|2,873|16,813|-1220,814|0|-0,4|0|0,9|1|6|2|1
87,152|2,205|17,079|-1220,063|0|-0,7|0|0,7|0|6|-2|1
87,327|1,278|16,673|-1219,703|0|-0,8|0|0,6|0|3|0|1
87,502|1,123|16,673|-1219,696|0|-0,8|0|0,6|0|0|0|1
87,677|1,04|16,673|-1219,781|0|-0,8|0|0,6|0|5|0|1
87,852|0,72|16,673|-1220,686|0|1|0|-0,2|0|12|10|1
88,027|0,575|17,928|-1221,695|0|1|0|-0,1|0|6|3|1
88,202|0,441|18,441|-1222,692|0|1|0|-0,1|1|6|2|1
88,377|0,325|18,878|-1223,564|0|1|0|-0,1|1|5|2|1
88,552|0,228|19,306|-1224,294|0|1|0|-0,1|1|5|3|1
88,727|0,147|19,774|-1224,905|0|1|0|-0,1|1|4|2|1
88,902|0,079|20,195|-1225,416|0|1|0|-0,1|1|4|3|1
89,077|0,022|20,708|-1225,843|0|1|0|-0,1|1|3|2|1
89,252|0,03|21,144|-1226,223|0|1|0|0,1|1|5|2|1
89,427|0,821|21,586|-1226,726|0|0,8|0|0,5|1|6|3|1
89,602|1,799|22,029|-1226,98|0|0,7|0|0,7|0|6|0|1
89,777|2,797|21,611|-1226,848|0|0,4|0|0,9|0|8|-6|1
89,952|3,439|21,05|-1226,573|0|0,3|0|1|0|0|0|1
90,127|3,465|21,05|-1226,562|0|0,3|0|1|0|0|0|1
90,303|4,073|21,4|-1226,26|0|0,4|0|0,9|0|10|8|1
90,478|4,921|22,405|-1225,705|0|0,4|0|0,9|1|6|3|1
90,653|5,724|22,887|-1225,088|0|0,4|0|0,9|1|7|3|1
90,828|6,502|23,333|-1224,45|0|0,4|0|0,9|1|6|3|1
91,003|7,181|23,781|-1223,891|0|0,4|0|0,9|1|5|3|1
91,178|7,749|24,21|-1223,422|0|0,4|0|0,9|1|5|3|1
91,353|8,224|24,671|-1223,03|0|0,4|0|0,9|1|4|3|1
91,528|8,573|25,154|-1222,39|0|0,1|0|1|1|7|3|1
91,703|8,492|25,602|-1221,387|0|-0,1|0|1|1|7|3|1
91,878|7,811|26,062|-1220,664|0|-0,5|0|0,8|1|6|3|1
92,053|6,93|26,401|-1220,165|0|-0,4|0|0,9|0|6|-1|1
92,228|6,173|25,792|-1219,556|0|-0,3|0|0,9|0|5|0|1
92,403|5,934|25,74|-1219,361|0|-0,3|0|0,9|0|0|0|1
92,578|6,533|26,645|-1219,052|0|0,3|0|0,9|0|8|6|1
92,753|7,417|27,311|-1218,562|0|0,4|0|0,9|1|6|2|1
92,928|7,992|27,744|-1217,736|0|0,2|0|1|1|6|3|1
93,103|7,857|28,207|-1216,76|0|-0,3|0|1|1|7|3|1
93,278|7,201|28,636|-1215,995|0|-0,4|0|0,9|1|6|3|1
93,453|6,404|29,102|-1215,37|0|-0,5|0|0,9|1|6|2|1
93,628|5,773|29,578|-1214,596|0|-0,2|0|1|1|6|2|1
93,803|5,427|30,011|-1213,644|0|-0,1|0|1|1|6|3|1
93,978|4,954|30,481|-1212,767|0|-0,4|0|0,9|1|7|3|1
94,153|4,105|30,973|-1212,222|0|-0,6|0|0,8|1|6|2|1
94,328|3,172|30,954|-1211,825|0|-0,6|0|0,8|0|7|-4|1
94,503|2,259|30,73|-1211,939|0|-0,8|0|0,6|0|6|0|1
94,678|1,48|30,73|-1212,631|0|0,9|0|-0,4|0|6|0|1
94,853|0,481|31,08|-1212,813|0|-0,8|0|0,6|0|10|8|1
95,028|-0,528|32,085|-1212,899|0|-0,7|0|0,7|1|6|3|1
95,203|-1,538|32,567|-1212,979|0|-0,7|0|0,7|1|7|3|1
95,378|-2,548|33,013|-1213,058|0|-0,7|0|0,7|1|7|3|1
95,553|-3,554|33,461|-1213,176|0|-0,8|0|0,6|1|7|3|1
95,728|-4,545|33,89|-1213,386|0|-0,8|0|0,6|1|6|3|1
95,903|-5,537|34,352|-1213,227|0|-0,6|0|0,8|1|6|3|1
96,078|-6,46|34,834|-1212,811|0|-0,5|0|0,9|1|7|3|1
96,253|-7,456|35,282|-1212,83|0|-0,8|0|0,6|1|7|3|1
96,428|-8,292|35,742|-1213,375|0|1|0|-0,3|0|6|2|1
96,603|-8,728|35,598|-1214,284|0|1|0|0|0|7|-4|1
96,778|-9,022|35,06|-1215,262|0|1|0|-0,1|0|6|0|1
96,953|-9,102|35,966|-1216,291|0|1|0|0|0|8|6|1
97,128|-9,062|36,631|-1217,302|0|1|0|0,1|1|6|2|1
97,303|-8,966|37,064|-1218,306|0|1|0|-0,1|1|6|3|1
97,478|-9,261|37,527|-1219,272|0|1|0|-0,2|1|7|3|1
97,653|-9,689|37,956|-1220,19|0|1|0|-0,2|1|6|3|1
97,828|-10,118|38,422|-1221,108|0|1|0|-0,2|1|6|2|1
98,003|-10,475|38,898|-1222,056|0|1|0|-0,1|1|6|2|1
98,178|-10,706|39,332|-1223,042|0|1|0|-0,1|1|6|3|1
98,353|-10,526|39,802|-1224,016|0|1|0|0,3|1|7|3|1
98,528|-9,948|39,908|-1224,847|0|0,9|0|0,4|0|6|2|1
98,703|-9,141|39,93|-1225,384|0|0,8|0|0,6|0|6|0|1
98,878|-8,147|39,93|-1225,135|0|0,6|0|0,8|0|6|0|1
99,053|-7,163|40,584|-1224,791|0|0,6|0|0,8|0|9|7|1
99,228|-6,163|41,375|-1224,671|0|0,8|0|0,6|1|7|4|1
99,403|-5,184|41,874|-1224,92|0|0,8|0|0,5|1|6|2|1
99,578|-4,246|42,328|-1225,305|0|0,8|0|0,5|1|6|2|1
99,753|-3,324|42,767|-1225,725|0|0,8|0|0,5|1|6|2|1
99,929|-2,406|43,188|-1226,154|0|0,8|0|0,5|1|7|3|1
100,104|-1,489|43,642|-1226,585|0|0,8|0|0,5|1|7|4|1
100,279|-0,569|44,141|-1227,009|0|0,8|0|0,5|1|6|2|1
100,454|0,394|44,601|-1227,291|0|0,7|0|0,7|1|6|2|1
100,629|1,383|45,034|-1227,089|0|0,6|0|0,8|1|7|4|1
100,804|2,323|45,544|-1226,713|0|0,5|0|0,8|1|6|2|1
100,979|3,205|45,435|-1226,22|0|0,3|0|0,9|0|7|-4|1
101,154|3,926|45,08|-1225,499|0|0,3|0|1|0|3|0|1
101,329|3,611|45,43|-1225,603|0|-0,5|0|0,9|0|10|8|1
101,504|2,657|46,435|-1225,941|0|-0,7|0|0,7|1|6|3|1
101,679|1,649|46,917|-1225,997|0|-0,6|0|0,8|1|7|3|1
101,854|0,642|47,363|-1225,962|0|-0,8|0|0,6|1|7|3|1
102,029|-0,275|47,811|-1226,377|0|0,9|0|-0,4|1|7|3|1
102,204|-0,927|48,24|-1227,13|0|1|0|-0,1|1|6|3|1
102,379|-1,024|48,702|-1228,132|0|1|0|0,1|1|6|3|1
102,554|-0,885|49,184|-1229,135|0|1|0|0,1|1|7|3|1
102,729|-0,681|49,632|-1230,127|0|1|0|0,1|1|7|3|1
102,904|-0,461|50,092|-1231,116|0|1|0|0,1|0|6|2|1
103,079|-0,255|49,948|-1232,108|0|1|0|0,1|0|7|-4|1
103,254|-0,079|48,862|-1233,106|0|1|0|0,1|0|11|-9|1
103,429|0,038|48,433|-1234,128|0|1|0|0|0|6|0|1
103,604|0,072|48,433|-1235,177|0|1|0|0|0|6|0|1
103,779|0,057|48,433|-1236,227|0|1|0|0|0|6|0|1
103,954|0,029|48,433|-1237,277|0|1|0|0|0|12|10|1
104,129|0,001|49,688|-1238,297|0|1|0|0|0|6|3|1
104,304|-0,021|50,201|-1239,31|0|1|0|0|1|6|2|1
104,479|-0,019|50,636|-1240,5|0|1|0|0|1|9|2|1
104,654|-0,005|50,485|-1242,274|0|1|0|0|0|13|-5|1
104,829|0,013|49,501|-1244,546|0|1|0|0|1|15|-4|1
105,004|0,04|49,259|-1247,236|0|1|0|0|1|17|2|1
105,179|0,072|49,689|-1250,275|0|1|0|0|1|19|3|1
105,354|0,108|49,977|-1253,606|0|1|0|0|0|20|-2|1
105,529|0,142|49,189|-1257,182|0|1|0|0|0|23|-8|1
105,704|0,178|48,217|-1260,962|0|1|0|0|1|22|-2|1
105,879|0,219|48,198|-1264,914|0|1|0|0|0|23|0|1
106,054|0,26|47,815|-1269,009|0|1|0|0|0|25|-6|1
106,229|0,298|46,395|-1273,224|0|1|0|0|0|27|-11|1
106,404|0,336|44,109|-1277,539|0|1|0|0|0|29|-16|1
106,579|0,372|41,152|-1281,612|0|1|0|0|0|28|-19|1
106,754|0,407|37,714|-1285,021|0|1|0|0|0|27|-21|1
106,929|0,437|33,872|-1287,873|0|1|0|0|0|27|-23|1
107,104|0,462|30,146|-1290,26|0|1|0|0|0|6|0|1
107,279|0,475|30,147|-1291,284|0|1|0|0|0|6|0|1
107,454|1,124|30,147|-1292,055|0|0,9|0|0,3|0|6|0|1
107,629|1,692|30,147|-1292,862|0|1|0|0,2|0|6|0|1
107,804|1,752|30,147|-1293,901|0|1|0|0,1|0|6|0|1
107,979|1,791|30,801|-1294,943|0|1|0|0|0|9|7|1
108,154|1,825|31,592|-1295,956|0|1|0|0|1|7|4|1
108,329|1,826|32,091|-1296,969|0|1|0|0|1|6|2|1
108,504|1,708|32,546|-1297,967|0|1|0|-0,2|1|6|2|1
108,679|1,155|32,984|-1298,811|0|0,9|0|-0,4|1|6|2|1
108,854|0,737|33,405|-1299,711|0|1|0|0|1|7|3|1
109,03|1,05|33,824|-1300,664|0|1|0|0,3|0|6|0|1
109,205|1,57|33,48|-1301,533|0|1|0|0,2|0|8|-5|1
109,38|1,908|32,468|-1302,484|0|1|0|0|1|7|-3|1
109,555|1,994|32,337|-1303,492|0|1|0|0|1|6|3|1
109,73|1,996|32,834|-1304,505|0|1|0|0|1|7|3|1
109,905|1,976|33,316|-1305,519|0|1|0|0|0|6|2|1
110,08|1,951|33,275|-1306,532|0|1|0|0|0|7|-4|1
110,255|1,924|32,277|-1307,545|0|1|0|0|1|9|-6|1
110,43|1,897|31,641|-1308,558|0|1|0|0|1|6|0|1
110,605|1,869|31,955|-1309,57|0|1|0|0|0|6|1|1
110,78|1,841|31,681|-1310,583|0|1|0|0|0|8|-5|1
110,955|1,812|30,568|-1311,595|0|1|0|0|1|8|-5|1
111,13|1,784|30,134|-1312,608|0|1|0|0|1|6|1|1
111,305|1,756|30,537|-1313,621|0|1|0|0|1|6|2|1
111,48|1,727|30,893|-1314,633|0|1|0|0|0|6|-1|1
111,655|1,699|30,402|-1315,646|0|1|0|0|0|8|-6|1
111,83|1,671|29,811|-1316,658|0|1|0|0|1|6|0|1
112,005|1,643|30,005|-1317,671|0|1|0|0|0|6|-1|1
112,18|1,614|29,498|-1318,683|0|1|0|0|1|6|-2|1
112,355|1,586|29,57|-1319,696|0|1|0|0|1|7|4|1
112,53|1,558|29,775|-1320,709|0|1|0|0|0|6|-2|1
112,705|1,529|29,767|-1321,721|0|1|0|0|1|7|3|1
112,88|1,501|29,899|-1322,734|0|1|0|0|0|6|-3|1
113,055|1,473|29,044|-1323,746|0|1|0|0|0|10|-8|1
113,23|1,444|27,365|-1324,759|0|1|0|0|0|13|-12|1
113,405|1,416|25,047|-1325,771|0|1|0|0|0|6|0|1
113,58|1,387|25,047|-1326,815|0|1|0|0|0|6|0|1
113,755|1,358|25,047|-1327,865|0|1|0|0|0|6|0|1
113,93|1,328|25,047|-1328,915|0|1|0|0|0|6|0|1
114,105|1,299|25,047|-1329,964|0|1|0|0|0|6|0|1
114,28|1,068|25,047|-1330,923|0|1|0|-0,2|0|6|0|1
114,455|0,319|25,047|-1331,646|0|0,9|0|-0,4|0|6|0|1
114,63|-0,454|25,047|-1332,356|0|0,9|0|-0,4|0|6|0|1
114,805|-1,232|25,047|-1333,061|0|0,9|0|-0,4|0|6|0|1
114,98|-2,017|25,047|-1333,758|0|0,9|0|-0,4|0|6|0|1
115,155|-2,807|25,047|-1334,45|0|0,9|0|-0,4|0|6|0|1
115,33|-2,99|25,047|-1335,442|0|1|0|-0,1|0|6|0|1
115,505|-3,068|25,047|-1336,488|0|1|0|0|0|6|0|1
115,68|-3,144|25,047|-1337,536|0|1|0|0|0|6|0|1
115,855|-3,219|25,953|-1338,568|0|1|0|0|0|8|6|1
116,03|-3,292|26,619|-1339,579|0|1|0|0|1|6|2|1
116,205|-3,365|27,052|-1340,59|0|1|0|0|1|6|3|1
116,38|-3,439|27,515|-1341,601|0|1|0|0|1|7|3|1
116,555|-3,512|27,944|-1342,611|0|1|0|0|1|6|3|1
116,73|-3,586|28,41|-1343,622|0|1|0|0|1|6|2|1
116,905|-3,682|28,886|-1344,631|0|1|0|-0,1|1|6|2|1
117,08|-3,835|29,319|-1345,632|0|1|0|-0,1|1|6|3|1
117,255|-4,054|29,789|-1346,621|0|1|0|-0,1|1|7|3|1
117,43|-4,328|29,896|-1347,597|0|1|0|-0,2|0|6|-3|1
117,605|-4,635|29,021|-1348,562|0|1|0|-0,2|0|10|-8|1
117,78|-4,964|27,324|-1349,521|0|1|0|-0,2|0|13|-12|1
117,955|-5,295|25,11|-1350,477|0|1|0|-0,1|0|6|1|1
118,13|-5,131|25,332|-1351,428|0|1|0|0,2|0|6|1|1
118,305|-4,303|25,507|-1352,013|0|0,9|0|0,5|0|6|1|1
118,48|-3,384|25,983|-1352,494|0|0,9|0|0,5|0|10|8|1
118,656|-2,501|26,987|-1352,991|0|0,9|0|0,5|1|6|3|1
118,831|-1,642|27,47|-1353,528|0|0,9|0|0,5|1|7|3|1
119,006|-0,795|27,915|-1354,084|0|0,9|0|0,5|1|7|3|1
119,181|0,049|28,363|-1354,644|0|0,9|0|0,5|1|7|3|1
119,356|0,893|28,793|-1355,206|0|0,9|0|0,5|1|6|3|1
119,531|1,736|29,254|-1355,768|0|0,9|0|0,5|1|6|3|1
119,706|2,682|29,737|-1356,088|0|0,7|0|0,7|1|7|3|1
119,881|3,695|30,185|-1356,123|0|0,7|0|0,7|1|7|3|1
120,056|4,703|30,645|-1356,213|0|0,8|0|0,6|1|6|3|1
120,231|5,682|31,138|-1356,469|0|0,8|0|0,6|1|7|3|1
120,406|6,605|31,247|-1356,886|0|0,9|0|0,5|0|6|-3|1
120,581|7,438|30,373|-1357,459|0|0,9|0|0,3|0|10|-8|1
120,756|8,026|28,79|-1358,27|0|1|0|-0,1|0|5|1|1
120,931|7,641|28,98|-1359,155|0|1|0|-0,2|0|6|1|1
121,106|7,013|29,955|-1359,965|0|0,9|0|-0,3|0|8|6|1
121,281|6,361|30,62|-1360,74|0|0,9|0|-0,4|1|6|2|1
121,456|5,689|31,053|-1361,498|0|0,9|0|-0,4|1|6|3|1
121,631|5,012|31,516|-1362,252|0|0,9|0|-0,4|1|7|3|1
121,806|4,308|31,945|-1362,978|0|0,9|0|-0,5|1|6|3|1
121,981|3,362|32,411|-1363,324|0|-0,8|0|0,7|1|6|2|1
122,156|2,362|32,887|-1363,485|0|-0,8|0|0,7|1|6|2|1
122,331|1,366|33,321|-1363,668|0|-0,8|0|0,6|1|6|3|1
122,506|0,402|33,791|-1363,978|0|-0,8|0|0,6|1|7|3|1
122,681|-0,497|34,282|-1364,443|0|0,9|0|-0,5|1|6|2|1
122,856|-1,2|34,726|-1365,146|0|1|0|-0,2|1|6|3|1
123,031|-1,478|35,238|-1366,117|0|1|0|-0,1|1|6|2|1
123,206|-1,582|35,675|-1367,125|0|1|0|0|1|6|2|1
123,381|-1,633|36,098|-1368,137|0|1|0|0|1|6|3|1
123,556|-1,671|36,565|-1369,149|0|1|0|0|1|6|2|1
123,731|-1,705|36,442|-1370,162|0|1|0|0|0|7|-4|1
123,906|-1,452|36,196|-1371,081|0|1|0|0,3|0|6|2|1
124,081|-1,124|36,57|-1371,979|0|1|0|0,1|0|6|2|1
124,256|-0,814|36,949|-1372,889|0|1|0|0,1|0|6|2|1
124,431|-0,889|37,347|-1373,845|0|1|0|-0,1|0|6|2|1
124,606|-1,299|37,716|-1374,731|0|1|0|-0,2|0|6|2|1
124,781|-1,983|38,017|-1375,455|0|0,9|0|-0,4|0|6|1|1
124,956|-2,888|38,108|-1375,672|0|-0,7|0|0,7|0|6|-1|1
125,131|-3,648|38,277|-1375,078|0|-0,4|0|0,9|0|10|8|1
125,306|-4,015|39,282|-1374,14|0|-0,1|0|1|1|6|3|1
125,481|-4,214|39,764|-1373,148|0|-0,1|0|1|1|7|3|1
125,656|-4,605|40,21|-1372,228|0|-0,3|0|0,9|1|7|3|1
125,831|-5,291|40,658|-1371,485|0|-0,4|0|0,9|1|7|3|1
126,006|-6,046|41,087|-1370,809|0|-0,4|0|0,9|1|6|3|1
126,181|-6,66|41,549|-1370,023|0|-0,2|0|1|1|6|3|1
126,356|-6,835|42,031|-1369,029|0|0|0|1|1|7|3|1
126,531|-6,823|42,48|-1368,016|0|0|0|1|1|7|3|1
126,706|-6,731|42,939|-1367,007|0|0,1|0|1|1|6|3|1
126,881|-6,553|43,433|-1366,01|0|0,1|0|1|1|7|3|1
127,056|-6,288|43,921|-1365,032|0|0,2|0|1|1|6|2|1
127,231|-5,965|44,353|-1364,072|0|0,2|0|1|1|6|3|1
127,406|-5,613|44,812|-1363,121|0|0,2|0|1|1|7|3|1
127,581|-5,254|45,24|-1362,174|0|0,2|0|1|1|6|3|1
127,756|-4,904|45,707|-1361,223|0|0,2|0|1|1|6|2|1
127,931|-4,563|45,59|-1360,269|0|0,2|0|1|0|7|-4|1
128,106|-4,23|45,094|-1359,334|0|0,2|0|1|0|6|2|1
128,282|-3,903|45,447|-1358,408|0|0,2|0|1|0|6|2|1
128,457|-3,539|45,797|-1357,489|0|0,2|0|1|0|6|2|1
128,632|-3,089|46,134|-1356,603|0|0,2|0|1|0|6|2|1
128,807|-2,515|46,446|-1355,782|0|0,3|0|1|0|6|2|1
128,982|-1,903|46,749|-1354,985|0|0,3|0|0,9|0|6|1|1
129,157|-1,203|47,191|-1354,257|0|0,4|0|0,9|0|9|7|1
129,332|-0,449|47,982|-1353,58|0|0,4|0|0,9|1|7|4|1
129,507|0,333|48,481|-1352,937|0|0,4|0|0,9|1|6|2|1
129,682|1,126|48,936|-1352,306|0|0,4|0|0,9|1|6|2|1
129,857|1,922|49,374|-1351,679|0|0,4|0|0,9|1|6|2|1
130,032|2,719|49,795|-1351,053|0|0,4|0|0,9|1|7|3|1
130,207|3,529|50,249|-1350,445|0|0,5|0|0,9|1|7|4|1
130,382|4,375|50,748|-1349,886|0|0,5|0|0,9|1|6|2|1
130,557|5,247|51,208|-1349,372|0|0,5|0|0,9|1|6|2|1
130,732|6,154|51,448|-1348,919|0|0,6|0|0,8|0|6|-2|1
130,907|7,087|50,756|-1348,526|0|0,6|0|0,8|0|9|-7|1
131,082|8,045|50,356|-1348,297|0|0,7|0|0,7|0|6|1|1
131,257|9,058|50,584|-1348,39|0|0,7|0|0,7|0|6|1|1
131,432|10,055|50,754|-1348,666|0|0,8|0|0,6|0|6|1|1
131,607|11,012|50,974|-1348,732|0|0,7|0|0,7|0|6|2|1
131,782|11,996|51,812|-1348,541|0|0,7|0|0,8|0|9|7|1
131,957|13,001|52,603|-1348,488|0|0,8|0|0,6|1|7|4|1
132,132|13,868|53,102|-1348,993|0|0,9|0|0,4|1|6|2|1
132,307|14,538|53,557|-1349,752|0|1|0|0,3|1|6|2|1
132,482|15,115|53,995|-1350,585|0|1|0|0,3|1|6|2|1
132,657|15,657|54,416|-1351,441|0|1|0|0,3|1|7|3|1
132,832|16,189|54,87|-1352,303|0|1|0|0,3|1|7|4|1
133,007|16,719|55,369|-1353,167|0|1|0|0,3|1|6|2|1
133,182|17,248|55,829|-1354,031|0|1|0|0,3|1|6|2|1
133,357|17,774|56,263|-1354,897|0|1|0|0,3|1|7|4|1
133,532|18,278|56,691|-1355,776|0|1|0|0,2|0|6|0|1
133,707|18,755|56,224|-1356,669|0|1|0|0,2|0|8|-6|1
133,882|19,183|55,946|-1357,555|0|1|0|0,2|0|6|2|1
134,057|19,567|56,28|-1358,47|0|1|0|0,2|0|6|2|1
134,232|19,903|56,606|-1359,409|0|1|0|0,2|0|6|2|1
134,407|20,138|56,912|-1360,385|0|1|0|0,1|0|6|2|1
134,582|20,245|57,187|-1361,392|0|1|0|0|0|6|1|1
134,757|20,233|57,43|-1362,412|0|1|0|0|0|6|1|1
134,932|20,16|58,22|-1363,433|0|1|0|0|0|9|7|1
135,107|20,076|59,011|-1364,443|0|1|0|0|1|7|4|1
135,282|19,986|59,51|-1365,453|0|1|0|0|1|6|2|1
135,457|19,894|59,965|-1366,461|0|1|0|0|1|6|2|1
135,632|19,781|60,403|-1367,468|0|1|0|-0,1|1|6|2|1
135,807|19,628|60,824|-1368,47|0|1|0|-0,1|1|7|3|1
135,982|19,42|61,278|-1369,462|0|1|0|-0,1|1|7|4|1
136,157|19,165|61,778|-1370,442|0|1|0|-0,1|1|6|2|1
136,332|18,532|62,237|-1371,219|0|0,9|0|-0,5|1|6|2|1
136,507|17,691|62,671|-1371,783|0|-0,9|0|0,5|1|7|4|1
136,682|17,073|63,181|-1372,575|0|1|0|-0,2|1|6|2|1
136,857|16,653|63,072|-1373,497|0|1|0|-0,2|0|6|2|1
137,032|16,337|63,368|-1374,407|0|1|0|-0,2|0|6|2|1
137,207|16,028|63,741|-1375,338|0|1|0|-0,2|0|6|2|1
137,382|15,65|64,114|-1376,243|0|1|0|-0,2|0|6|2|1
137,557|15,234|64,487|-1377,133|0|1|0|-0,2|0|6|2|1
137,733|14,801|65,046|-1378,016|0|1|0|-0,2|0|10|8|1
137,908|14,353|66,051|-1378,925|0|1|0|-0,2|1|6|3|1
138,083|13,905|66,533|-1379,833|0|1|0|-0,2|1|7|3|1
138,258|13,457|66,979|-1380,742|0|1|0|-0,2|1|7|3|1
138,433|13,009|67,427|-1381,651|0|1|0|-0,2|1|7|3|1
138,608|12,56|67,856|-1382,56|0|1|0|-0,2|1|6|3|1
138,783|12,082|68,318|-1383,45|0|0,9|0|-0,3|1|6|3|1
138,958|11,267|68,8|-1384,042|0|-0,8|0|0,5|1|7|3|1
139,133|10,351|69,249|-1384,474|0|-0,8|0|0,5|1|7|3|1
139,308|9,566|69,708|-1385,089|0|1|0|-0,2|1|6|3|1
139,483|9,306|70,202|-1386,06|0|1|0|0|1|7|3|1
139,658|9,36|70,69|-1387,07|0|1|0|0,1|1|6|2|1
139,833|9,536|71,122|-1388,068|0|1|0|0,1|0|6|3|1
140,008|9,577|71,5|-1388,266|0|1|0|0,1|0|2|2|1
140,183|9,577|71,85|-1388,266|0|1|0|0,1|0|2|2|1
140,358|9,577|72,2|-1388,266|0|1|0|0,1|0|2|2|1
140,533|9,577|72,55|-1388,266|0|1|0|0,1|0|2|2|1
140,708|9,577|72,9|-1388,266|0|1|0|0,1|0|2|2|1
140,883|9,577|73,25|-1388,266|0|1|0|0,1|0|2|2|1
141,058|9,577|73,6|-1388,266|0|1|0|0,1|0|2|2|1
141,233|9,577|73,95|-1388,266|0|1|0|0,1|0|2|2|1
141,408|9,577|74,3|-1388,266|0|1|0|0,1|0|2|2|1
141,583|9,577|74,65|-1388,266|0|1|0|0,1|0|2|2|1
141,758|9,577|75|-1388,266|0|1|0|0,1|0|2|2|1
141,933|9,577|75,35|-1388,266|0|1|0|0,1|0|2|2|1
142,108|9,577|75,7|-1388,266|0|1|0|0,1|0|2|2|1
142,283|9,577|76,05|-1388,266|0|1|0|0,1|0|2|2|1
142,458|9,577|76,4|-1388,266|0|1|0|0,1|0|2|2|1
142,633|9,577|76,75|-1388,266|0|1|0|0,1|0|2|2|1
142,808|9,577|77,1|-1388,266|0|1|0|0,1|0|2|2|1
142,983|9,577|77,45|-1388,266|0|1|0|0,1|0|2|2|1
143,158|9,577|77,8|-1388,266|0|1|0|0,1|0|2|2|1
143,333|9,577|78,15|-1388,266|0|1|0|0,1|0|2|2|1
143,508|9,577|78,5|-1388,266|0|1|0|0,1|0|2|2|1
143,683|9,577|78,85|-1388,266|0|1|0|0,1|0|2|2|1
143,858|9,577|78,99|-1388,266|0|1|0|0,1|0|0|0|1
144,033|9,577|79,2|-1388,266|0|1|0|0,1|0|2|2|1
144,208|9,577|79,55|-1388,266|0|1|0|0,1|0|2|2|1
144,383|9,577|79,9|-1388,266|0|1|0|0,1|0|2|2|1
144,558|9,577|80,25|-1388,266|0|1|0|0,1|0|2|2|1
144,733|9,577|80,6|-1388,266|0|1|0|0,1|0|2|2|1
144,908|9,577|80,95|-1388,266|0|1|0|0,1|0|2|2|1
145,083|9,577|81,09|-1388,266|0|1|0|0,1|0|0|0|1
145,258|9,341|81,392|-1387,77|0|-0,5|0|0,8|1|7|3|1
145,433|8,601|81,717|-1387,091|0|-0,7|0|0,7|0|6|-1|1
145,608|7,638|81,166|-1386,802|0|-0,8|0|0,5|0|9|-6|1
145,783|6,672|79,741|-1386,98|0|1|0|-0,2|0|12|-11|1
145,958|6,115|78,368|-1387,775|0|1|0|0,1|1|7|-4|1
146,133|6,143|78,251|-1388,373|0|1|0|0,2|0|2|2|1
146,308|6,143|78,461|-1388,373|0|1|0|0,2|0|0|0|1
146,483|6,143|78,461|-1388,373|0|1|0|0,2|0|2|2|1
146,658|6,143|78,811|-1388,373|0|1|0|0,2|0|2|2|1
146,833|6,143|79,161|-1388,373|0|1|0|0,2|0|2|2|1
147,008|6,143|79,511|-1388,373|0|1|0|0,2|0|2|2|1
147,183|6,143|79,581|-1388,373|0|1|0|0,2|0|0|0|1
147,359|6,316|79,815|-1388,345|0|0,9|0|0,5|1|5|2|1
147,534|7,287|80,253|-1388,219|0|0,8|0|0,6|0|6|2|1
147,709|7,489|80,596|-1388,234|0|0,8|0|0,6|0|2|2|1
147,884|7,489|80,946|-1388,234|0|0,8|0|0,6|0|2|2|1
148,059|7,489|81,296|-1388,234|0|0,8|0|0,6|0|2|2|1
148,234|7,489|81,646|-1388,234|0|0,8|0|0,6|0|2|2|1
148,409|7,489|81,996|-1388,234|0|0,8|0|0,6|0|2|2|1
148,584|7,489|82,066|-1388,234|0|0,8|0|0,6|0|0|0|1
148,759|7,489|81,856|-1388,234|0|0,8|0|0,6|0|2|-2|1
148,934|7,489|81,506|-1388,234|0|0,8|0|0,6|0|2|-2|1
149,109|7,489|81,156|-1388,234|0|0,8|0|0,6|0|2|-2|1
149,284|7,489|80,806|-1388,234|0|0,8|0|0,6|0|2|-2|1
149,459|7,489|80,456|-1388,234|0|0,8|0|0,6|0|2|-2|1
149,634|7,489|80,176|-1388,234|0|0,8|0|0,6|0|0|0|1
149,809|7,489|80,176|-1388,234|0|0,8|0|0,6|0|0|0|1
149,984|7,486|80,409|-1388,175|0|0,6|0|0,8|1|4|2|1
150,159|7,436|80,638|-1387,303|0|0,1|0|1|0|6|-2|1
150,334|7,615|79,935|-1386,411|0|0,6|0|0,8|0|9|-7|1
150,509|7,98|78,382|-1385,724|0|0,9|0|0,5|0|12|-11|1
150,684|8,315|76,2|-1385,671|0|1|0|0,1|1|11|-11|1
150,859|8,597|74,87|-1386,562|0|1|0|0|1|7|-3|1
151,034|8,722|74,687|-1387,567|0|1|0|0|1|6|2|1
151,209|8,781|75,146|-1388,374|0|1|0|0|0|2|2|1
151,384|8,781|75,496|-1388,374|0|1|0|0|0|2|2|1
151,559|8,781|75,636|-1388,374|0|1|0|0|0|0|0|1
151,734|8,781|75,636|-1388,374|0|1|0|0|0|0|0|1
151,909|8,84|75,87|-1388,371|0|1|0|0,3|1|4|2|1
152,084|9,673|76,098|-1388,333|0|0,8|0|0,6|0|5|-2|1
152,259|9,843|76,033|-1388,325|0|0,8|0|0,6|0|0|0|1
152,434|9,843|76,103|-1388,325|0|0,8|0|0,6|0|2|2|1
152,609|9,843|76,453|-1388,325|0|0,8|0|0,6|0|2|2|1
152,784|9,843|76,803|-1388,325|0|0,8|0|0,6|0|2|2|1
152,959|9,843|77,153|-1388,325|0|0,8|0|0,6|0|2|2|1
153,134|9,843|77,503|-1388,325|0|0,8|0|0,6|0|2|2|1
153,309|9,843|77,853|-1388,325|0|0,8|0|0,6|0|2|2|1
153,484|9,843|77,853|-1388,325|0|0,8|0|0,6|0|2|-2|1
153,659|9,843|77,503|-1388,325|0|0,8|0|0,6|0|2|-2|1
153,834|9,843|77,153|-1388,325|0|0,8|0|0,6|0|2|-2|1
154,009|9,843|76,803|-1388,325|0|0,8|0|0,6|0|2|-2|1
154,184|9,843|76,453|-1388,325|0|0,8|0|0,6|0|2|-2|1
154,359|9,843|76,103|-1388,325|0|0,8|0|0,6|0|2|-2|1
154,534|9,843|75,753|-1388,325|0|0,8|0|0,6|0|2|-2|1
154,709|9,843|75,403|-1388,325|0|0,8|0|0,6|0|2|-2|1
154,884|9,843|75,053|-1388,325|0|0,8|0|0,6|0|2|-2|1
155,059|9,843|74,703|-1388,325|0|0,8|0|0,6|0|2|-2|1
155,234|9,843|74,353|-1388,325|0|0,8|0|0,6|0|2|-2|1
155,409|9,843|74,283|-1388,325|0|0,8|0|0,6|0|0|0|1
155,584|9,843|74,283|-1388,325|0|0,8|0|0,6|0|0|0|1
155,759|9,843|74,283|-1388,325|0|0,8|0|0,6|0|0|0|1
155,934|9,843|74,283|-1388,325|0|0,8|0|0,6|1|2|1|1
156,109|9,808|74,691|-1387,574|0|0,1|0|1|1|6|2|1
156,284|9,901|74,569|-1386,597|0|0,5|0|0,9|0|7|-4|1
156,459|10,43|73,502|-1385,791|0|0,8|0|0,6|0|10|-9|1
156,634|10,802|71,645|-1385,414|0|0,9|0|-0,4|0|13|-13|1
156,809|10,555|69,911|-1385,602|0|1|0|-0,2|1|8|-6|1
156,985|10,383|69,389|-1386,597|0|1|0|0|1|6|1|1
157,16|10,371|69,792|-1387,61|0|1|0|0|1|6|2|1
157,335|10,387|70,2|-1388,218|0|1|0|0|0|2|2|1
157,51|10,387|70,55|-1388,218|0|1|0|0|0|2|2|1
157,685|10,387|70,9|-1388,218|0|1|0|0|0|2|2|1
157,86|10,387|71,25|-1388,218|0|1|0|0|0|2|2|1
158,035|10,387|71,6|-1388,218|0|1|0|0|0|2|2|1
158,21|10,387|71,95|-1388,218|0|1|0|0|0|2|2|1
158,385|10,387|72,3|-1388,218|0|1|0|0|0|2|2|1
158,56|10,387|72,65|-1388,218|0|1|0|0|0|2|2|1
158,735|10,387|73|-1388,218|0|1|0|0|0|2|2|1
158,91|10,387|73,35|-1388,218|0|1|0|0|0|2|2|1
159,085|10,387|73,7|-1388,218|0|1|0|0|0|2|2|1
159,26|10,387|74,05|-1388,218|0|1|0|0|0|2|2|1
159,435|10,387|74,4|-1388,218|0|1|0|0|0|2|2|1
159,61|10,387|74,75|-1388,218|0|1|0|0|0|2|2|1
159,785|10,387|75,1|-1388,218|0|1|0|0|0|2|2|1
159,96|10,387|75,45|-1388,218|0|1|0|0|0|2|2|1
160,135|10,387|75,8|-1388,218|0|1|0|0|0|2|2|1
160,31|10,387|76,15|-1388,218|0|1|0|0|0|2|2|1
160,485|10,387|76,5|-1388,218|0|1|0|0|0|2|2|1
160,66|10,387|76,85|-1388,218|0|1|0|0|0|2|2|1
160,835|10,387|77,2|-1388,218|0|1|0|0|0|2|2|1
161,01|10,387|77,55|-1388,218|0|1|0|0|0|2|2|1
161,185|10,387|77,9|-1388,218|0|1|0|0|0|2|2|1
161,36|10,387|78,25|-1388,218|0|1|0|0|0|0|0|1
161,535|10,387|78,04|-1388,218|0|1|0|0|0|2|-2|1
161,71|10,387|77,69|-1388,218|0|1|0|0|0|2|-2|1
161,885|10,387|77,34|-1388,218|0|1|0|0|0|2|-2|1
162,06|10,387|76,99|-1388,218|0|1|0|0|0|2|-2|1
162,235|10,387|76,92|-1388,218|0|1|0|0|0|2|2|1
162,41|10,387|77,27|-1388,218|0|1|0|0|0|0|0|1
162,585|10,387|77,27|-1388,218|0|1|0|0|0|2|-2|1
162,76|10,387|76,92|-1388,218|0|1|0|0|0|2|-2|1
162,935|10,387|76,85|-1388,218|0|1|0|0|0|2|2|1
163,11|10,387|77,2|-1388,218|0|1|0|0|0|2|2|1
163,285|10,387|77,2|-1388,218|0|1|0|0|0|2|-2|1
163,46|10,387|76,85|-1388,218|0|1|0|0|0|2|-2|1
163,635|10,387|76,99|-1388,218|0|1|0|0|0|2|2|1
163,81|10,387|77,34|-1388,218|0|1|0|0|0|0|0|1
163,985|10,387|77,13|-1388,218|0|1|0|0|0|2|-2|1
164,16|10,387|76,78|-1388,218|0|1|0|0|0|2|-2|1
164,335|10,387|76,99|-1388,218|0|1|0|0|0|2|2|1
164,51|10,387|77,2|-1388,218|0|1|0|0|0|0|0|1
164,685|10,387|76,92|-1388,218|0|1|0|0|0|2|-2|1
164,86|10,387|76,64|-1388,218|0|1|0|0|0|2|2|1
165,035|10,387|76,99|-1388,218|0|1|0|0|0|2|2|1
165,21|10,387|77,34|-1388,218|0|1|0|0|0|2|2|1
165,385|10,387|77,69|-1388,218|0|1|0|0|0|2|2|1
165,56|10,387|77,62|-1388,218|0|1|0|0|0|2|-2|1
165,735|10,387|77,27|-1388,218|0|1|0|0|0|2|-2|1
165,91|10,387|76,92|-1388,218|0|1|0|0|0|2|-2|1
166,085|10,387|76,64|-1388,218|0|1|0|0|0|0|0|1
166,26|10,387|76,92|-1388,218|0|1|0|0|0|2|2|1
166,436|10,387|77,27|-1388,218|0|1|0|0|0|2|2|1
166,611|10,387|77,62|-1388,218|0|1|0|0|0|2|2|1
166,786|10,387|77,97|-1388,218|0|1|0|0|0|2|2|1
166,961|10,387|78,32|-1388,218|0|1|0|0|0|2|2|1
167,136|10,387|78,669|-1388,218|0|1|0|0|0|2|2|1
167,311|10,387|79,019|-1388,218|0|1|0|0|0|2|2|1
167,486|10,387|79,229|-1388,218|0|1|0|0|0|2|-2|1
167,661|10,387|78,879|-1388,218|0|1|0|0|0|2|-2|1
167,836|10,387|78,53|-1388,218|0|1|0|0|0|2|-2|1
168,011|10,387|78,18|-1388,218|0|1|0|0|0|2|-2|1
168,186|10,387|77,83|-1388,218|0|1|0|0|0|2|-2|1
168,361|10,387|77,48|-1388,218|0|1|0|0|0|2|-2|1
168,536|10,387|77,13|-1388,218|0|1|0|0|0|2|-2|1
168,711|10,387|77,13|-1388,218|0|1|0|0|0|2|2|1
168,886|10,387|77,48|-1388,218|0|1|0|0|0|2|2|1
169,061|10,387|77,83|-1388,218|0|1|0|0|0|2|2|1
169,236|10,387|78,18|-1388,218|0|1|0|0|0|2|2|1
169,411|10,387|78,53|-1388,218|0|1|0|0|0|2|2|1
169,586|10,387|78,879|-1388,218|0|1|0|0|0|2|2|1
169,761|10,387|79,229|-1388,218|0|1|0|0|0|2|2|1
169,936|10,387|79,579|-1388,218|0|1|0|0|0|2|2|1
170,111|10,387|79,929|-1388,218|0|1|0|0|0|2|2|1
170,286|10,387|80,279|-1388,218|0|1|0|0|0|2|2|1
170,461|10,387|80,629|-1388,218|0|1|0|0|0|2|2|1
170,636|10,387|80,979|-1388,218|0|1|0|0|0|2|2|1
170,811|10,387|81,329|-1388,218|0|1|0|0|0|2|2|1
170,986|10,387|81,679|-1388,218|0|1|0|0|0|2|2|1
171,161|10,387|82,029|-1388,218|0|1|0|0|0|2|2|1
171,336|10,387|82,379|-1388,218|0|1|0|0|0|2|2|1
171,511|10,387|82,729|-1388,218|0|1|0|0|0|2|2|1
171,686|10,387|83,079|-1388,218|0|1|0|0|0|2|2|1
171,861|10,387|83,429|-1388,218|0|1|0|0|0|2|2|1
172,036|10,387|83,779|-1388,218|0|1|0|0|0|2|2|1
172,211|10,387|84,129|-1388,218|0|1|0|0|0|2|2|1
172,386|10,387|84,479|-1388,218|0|1|0|0|0|2|2|1
172,561|10,387|84,829|-1388,218|0|1|0|0|0|2|2|1
172,736|10,387|85,179|-1388,218|0|1|0|0|0|2|2|1
172,911|10,387|85,529|-1388,218|0|1|0|0|0|2|2|1
173,086|10,387|85,879|-1388,218|0|1|0|0|0|1|1|1
173,261|10,335|85,687|-1388,544|0|1|0|-0,1|0|4|2|1
173,436|10,122|85,717|-1389,459|0|1|0|-0,1|0|6|0|1
173,611|9,803|85,717|-1390,425|0|1|0|-0,2|0|6|0|1
173,786|8,951|85,717|-1391,005|0|0,9|0|-0,4|0|6|0|1
173,961|8,055|85,717|-1391,552|0|0,9|0|-0,5|0|6|0|1
174,136|7,159|86,067|-1392,099|0|0,9|0|-0,5|0|10|8|1
174,311|6,294|87,071|-1392,627|0|0,9|0|-0,5|1|6|3|1
174,486|5,43|87,554|-1393,156|0|0,9|0|-0,5|1|7|3|1
174,661|4,569|87,999|-1393,691|0|0,9|0|-0,5|1|7|3|1
174,836|3,761|88,447|-1394,299|0|0,9|0|-0,4|1|7|3|1
175,011|3,165|88,877|-1395,113|0|1|0|-0,2|1|6|3|1
175,186|2,825|89,338|-1396,065|0|1|0|-0,1|1|6|3|1
175,361|2,818|89,821|-1397,061|0|1|0|0,2|1|7|3|1
175,536|3,408|90,269|-1397,875|0|0,9|0|0,4|1|7|3|1
175,711|4,181|90,729|-1398,531|0|0,9|0|0,5|1|6|3|1
175,886|4,986|91,222|-1399,145|0|0,9|0|0,4|1|7|3|1
176,062|5,674|91,71|-1399,885|0|1|0|0,3|1|6|2|1
176,237|6,151|92,142|-1400,776|0|1|0|0,2|1|6|3|1
176,412|6,522|92,603|-1401,719|0|1|0|0,2|0|6|1|1
176,587|6,869|92,32|-1402,671|0|1|0|0,2|0|8|-5|1
176,762|7,208|91,118|-1403,626|0|1|0|0,2|0|11|-10|1
176,937|7,542|89,479|-1404,583|0|1|0|0,2|0|6|0|1
177,112|7,949|89,48|-1405,543|0|1|0|0,2|0|6|0|1
177,287|8,556|89,48|-1406,395|0|1|0|0,3|0|6|0|1
177,462|9,245|89,48|-1407,187|0|0,9|0|0,3|0|6|0|1
177,637|9,938|89,48|-1407,976|0|0,9|0|0,4|0|6|0|1
177,812|10,631|89,48|-1408,765|0|0,9|0|0,4|0|6|0|1
177,987|11,324|89,48|-1409,553|0|0,9|0|0,4|0|6|0|1
178,162|12,002|89,781|-1410,325|0|0,9|0|0,4|0|10|8|1
178,337|12,663|90,785|-1411,093|0|0,9|0|0,3|1|6|3|1
178,512|13,262|91,268|-1411,91|0|1|0|0,3|1|7|3|1
178,687|13,808|91,713|-1412,764|0|1|0|0,3|1|7|3|1
178,862|14,306|92,161|-1413,646|0|1|0|0,2|1|7|3|1
179,037|14,742|92,251|-1414,56|0|1|0|0,2|0|7|-3|1
179,212|15,138|91,36|-1415,493|0|1|0|0,2|0|10|-8|1
179,387|15,495|89,651|-1416,441|0|1|0|0,1|0|14|-12|1
179,562|15,779|88,587|-1417,416|0|1|0|0,1|0|6|1|1
179,737|15,855|88,698|-1418,451|0|1|0|0|0|6|0|1
179,912|15,628|88,754|-1419,469|0|1|0|-0,1|0|6|0|1
180,087|15,131|88,752|-1420,389|0|1|0|-0,3|0|6|0|1
180,262|14,516|88,722|-1421,239|0|1|0|-0,3|0|6|0|1
180,437|13,892|88,69|-1422,082|0|1|0|-0,3|0|6|0|1
180,612|13,275|89,583|-1422,913|0|0,9|0|-0,3|0|8|6|1
180,787|12,671|90,248|-1423,727|0|0,9|0|-0,3|1|6|2|1
180,962|12,067|90,681|-1424,54|0|0,9|0|-0,3|1|6|3|1
181,137|11,459|91,144|-1425,351|0|0,9|0|-0,3|1|7|3|1
181,312|10,807|91,573|-1426,126|0|0,9|0|-0,4|1|6|3|1
181,487|10,081|92,039|-1426,832|0|0,9|0|-0,4|1|6|2|1
181,662|9,296|92,515|-1427,473|0|0,9|0|-0,4|1|6|2|1
181,837|8,476|92,948|-1428,067|0|0,9|0|-0,5|0|6|0|1
182,012|7,639|92,628|-1428,638|0|0,9|0|-0,5|0|8|-5|1
182,187|6,796|91,871|-1429,201|0|0,9|0|-0,5|1|6|-1|1
182,362|5,95|92,097|-1429,759|0|0,9|0|-0,5|1|6|2|1
182,537|5,127|92,525|-1430,35|0|0,9|0|-0,4|1|7|3|1
182,712|4,362|92,64|-1431,013|0|0,9|0|-0,4|0|6|-3|1
182,887|3,652|91,773|-1431,736|0|0,9|0|-0,3|0|10|-8|1
183,062|3,013|90,672|-1432,523|0|1|0|-0,3|0|6|0|1
183,237|2,557|90,72|-1433,461|0|1|0|-0,2|0|6|0|1
183,412|2,35|90,715|-1434,484|0|1|0|-0,1|0|6|0|1
183,587|2,46|90,647|-1435,519|0|1|0|0,1|0|6|-1|1
183,762|2,814|90,533|-1436,498|0|1|0|0,2|0|6|-1|1
183,937|3,35|90,388|-1437,386|0|1|0|0,3|0|6|-1|1
184,112|4,039|90,218|-1438,157|0|0,9|0|0,4|0|6|-1|1
184,287|4,8|90,037|-1438,857|0|0,9|0|0,4|0|12|10|1
184,462|5,594|91,292|-1439,492|0|0,9|0|0,5|0|6|3|1
184,637|6,476|91,804|-1439,968|0|0,8|0|0,7|1|6|2|1
184,812|7,484|92,241|-1439,942|0|0,6|0|0,8|1|6|2|1
184,987|8,484|92,67|-1439,832|0|0,8|0|0,6|1|6|3|1
185,162|9,409|93,083|-1440,228|0|0,9|0|0,4|0|6|0|1
185,337|10,205|92,728|-1440,853|0|1|0|0,3|0|8|-5|1
185,513|10,859|92,25|-1441,624|0|1|0|0,3|1|6|1|1
185,688|11,416|92,617|-1442,47|0|1|0|0,3|1|6|3|1
185,863|11,945|93,126|-1443,335|0|1|0|0,3|1|6|2|1
186,038|12,468|93,565|-1444,203|0|1|0|0,3|1|6|2|1
186,213|13,281|94,006|-1444,789|0|0,8|0|0,6|1|6|2|1
186,388|14,153|94,469|-1445,288|0|0,9|0|0,4|1|7|3|1
186,563|14,807|94,928|-1446,059|0|1|0|0,3|1|6|3|1
186,738|15,371|95,424|-1446,901|0|1|0|0,3|1|7|3|1
186,913|15,897|95,529|-1447,767|0|1|0|0,2|0|6|-3|1
187,088|16,373|94,651|-1448,661|0|1|0|0,2|0|10|-8|1
187,263|16,786|92,952|-1449,586|0|1|0|0,2|0|13|-12|1
187,438|17,094|92,127|-1450,551|0|1|0|0,1|0|6|1|1
187,613|17,134|92,232|-1451,587|0|1|0|0|0|6|0|1
187,788|16,841|92,274|-1452,588|0|1|0|-0,2|0|6|0|1
187,963|16,341|92,625|-1453,509|0|1|0|-0,2|0|10|8|1
188,138|15,73|93,629|-1454,312|0|-0,9|0|0,5|1|6|3|1
188,313|14,834|94,112|-1454,773|0|-0,8|0|0,6|1|7|3|1
188,488|13,854|94,557|-1455,028|0|-0,8|0|0,6|1|7|3|1
188,663|12,963|94,924|-1455,482|0|0,9|0|-0,4|0|6|-1|1
188,838|12,243|94,404|-1456,189|0|1|0|-0,1|0|8|-6|1
189,013|11,949|93,79|-1457,144|0|1|0|0,1|1|6|0|1
189,188|11,9|94,122|-1458,151|0|1|0|-0,1|0|6|1|1
189,363|11,583|93,863|-1459,113|0|1|0|-0,3|0|8|-5|1
189,538|11,153|92,682|-1460,03|0|1|0|-0,3|0|11|-10|1
189,713|10,673|90,729|-1460,922|0|1|0|-0,3|0|15|-13|1
189,888|10,185|88,131|-1461,81|0|1|0|-0,2|0|6|0|1
190,063|9,845|88,13|-1462,784|0|1|0|-0,1|0|6|0|1
190,238|9,638|88,13|-1463,813|0|1|0|-0,1|0|6|0|1
190,413|9,488|88,13|-1464,852|0|1|0|-0,1|0|6|0|1
190,588|9,391|88,13|-1465,897|0|1|0|0|0|6|0|1
190,763|9,356|88,13|-1466,946|0|1|0|0|0|6|0|1
190,938|9,396|87,99|-1467,968|0|1|0|0|0|7|-4|1
191,113|9,471|88,958|-1468,977|0|1|0|0|0|7|4|1
191,288|9,562|89,5|-1469,986|0|1|0|0,1|0|6|1|1
191,463|9,666|89,265|-1470,994|0|1|0|0,1|0|7|-5|1
191,638|9,772|88,104|-1472,001|0|1|0|0,1|0|11|-9|1
191,813|9,88|86,167|-1473,009|0|1|0|0,1|0|15|-13|1
191,988|9,988|83,583|-1474,017|0|1|0|0,1|0|18|-17|1
192,163|10,096|80,455|-1475,024|0|1|0|0,1|0|20|-20|1
192,338|10,201|76,874|-1476,032|0|1|0|0|0|23|-22|1
192,513|10,294|72,912|-1477,041|0|1|0|0|0|24|-24|1
192,688|10,375|68,633|-1478,051|0|1|0|0|0|26|-25|1
192,863|10,447|64,087|-1479,062|0|1|0|0|0|27|-27|1
193,038|10,51|59,318|-1480,073|0|1|0|0|0|29|-28|1
193,213|10,477|54,364|-1481,082|0|1|0|-0,2|0|29|-29|1
193,388|10,158|49,253|-1482,042|0|0,9|0|-0,3|0|30|-30|1
193,563|9,809|44,012|-1482,991|0|1|0|-0,1|0|31|-30|1
193,738|9,623|38,661|-1483,986|0|1|0|0|0|31|-31|1
193,913|9,534|33,219|-1484,995|0|1|0|0|0|32|-31|1
194,088|9,497|27,701|-1486,008|0|1|0|0|0|32|-32|1
194,263|9,487|22,118|-1487,021|0|1|0|0|0|33|-32|1
194,438|9,487|16,482|-1488,034|0|1|0|0|0|33|-32|1
194,613|9,477|10,802|-1489,047|0|1|0|0|0|33|-33|1
194,788|9,437|5,083|-1490,06|0|1|0|0|0|33|-33|1
194,963|9,349|-0,666|-1491,069|0|1|0|-0,1|0|33|-33|1
195,139|9,163|-1,953|-1492,081|0|1|0|-0,1|0|6|0|1
195,314|8,935|-1,953|-1493,105|0|1|0|-0,1|0|6|0|1
195,489|8,707|-1,953|-1494,13|0|1|0|-0,1|0|6|0|1
195,664|8,48|-1,953|-1495,156|0|1|0|-0,1|0|6|0|1
195,839|8,288|-1,953|-1496,187|0|1|0|-0,1|0|6|0|1
196,014|8,271|-1,953|-1497,235|0|1|0|0|0|6|0|1
196,189|8,306|-1,953|-1498,284|0|1|0|0|0|6|0|1
196,364|8,342|-1,953|-1499,333|0|1|0|0|0|6|0|1
196,539|8,377|-1,953|-1500,383|0|1|0|0|0|6|0|1
196,714|8,413|-1,953|-1501,432|0|1|0|0|0|6|0|1
196,889|8,449|-1,953|-1502,481|0|1|0|0|0|6|0|1
197,064|8,484|-1,953|-1503,53|0|1|0|0|0|6|0|1
197,239|8,52|-1,953|-1504,579|0|1|0|0|0|6|0|1
197,414|8,472|-1,953|-1505,597|0|1|0|-0,1|0|6|0|1
197,589|7,806|-1,953|-1506,384|0|0,9|0|-0,3|0|6|0|1
197,764|7,091|-1,953|-1507,151|0|0,9|0|-0,4|0|6|0|1
197,939|6,374|-1,953|-1507,919|0|0,9|0|-0,4|0|6|0|1
198,114|5,657|-1,953|-1508,686|0|0,9|0|-0,4|0|6|0|1
198,289|4,94|-1,953|-1509,453|0|0,9|0|-0,4|0|6|0|1
198,464|4,859|-1,953|-1510,459|0|1|0|-0,1|0|6|0|1
198,639|4,893|-1,953|-1511,508|0|1|0|0|0|6|0|1
198,814|4,928|-1,047|-1512,542|0|1|0|0|0|8|6|1
198,989|4,963|-0,381|-1513,555|0|1|0|0|1|6|2|1
199,164|4,997|0,052|-1514,567|0|1|0|0|1|6|3|1
199,339|5,029|0,515|-1515,58|0|1|0|0|1|7|3|1
199,514|5,032|0,944|-1516,593|0|1|0|0|1|6|3|1
199,689|5,018|1,41|-1517,606|0|1|0|0|1|6|2|1
199,864|5,001|1,886|-1518,62|0|1|0|0|1|6|2|1
200,039|4,982|2,319|-1519,633|0|1|0|0|1|6|3|1
200,214|4,962|2,791|-1520,646|0|1|0|0|0|6|1|1
200,389|4,943|2,525|-1521,659|0|1|0|0|0|8|-5|1
200,564|4,923|1,815|-1522,672|0|1|0|0|1|6|-1|1
200,739|4,904|2,08|-1523,685|0|1|0|0|1|6|2|1
200,914|4,887|2,522|-1524,699|0|1|0|0|1|6|3|1
201,089|4,895|2,959|-1525,712|0|1|0|0|0|6|0|1
201,264|4,925|2,534|-1526,725|0|1|0|0|1|7|-3|1
201,439|4,982|2,377|-1527,736|0|1|0|0|1|6|3|1
201,614|5,051|2,853|-1528,747|0|1|0|0|1|7|3|1
201,789|5,125|3,176|-1529,758|0|1|0|0|0|6|-1|1
201,964|5,202|2,625|-1530,768|0|1|0|0|0|9|-6|1
202,139|5,282|1,199|-1531,778|0|1|0|0|1|10|-8|1
202,314|5,363|0,205|-1532,788|0|1|0|0|1|6|-2|1
202,489|5,446|0,302|-1533,798|0|1|0|0|1|7|3|1
202,664|5,541|0,752|-1534,807|0|1|0|0,1|1|6|2|1
202,839|5,676|1,175|-1535,811|0|1|0|0,1|0|6|0|1
203,014|5,834|0,853|-1536,812|0|1|0|0,1|0|8|-5|1
203,189|6|-0,381|-1537,811|0|1|0|0,1|0|11|-10|1
203,364|6,258|-1,953|-1538,787|0|0,9|0|0,3|0|6|0|1
203,539|7,045|-1,953|-1539,44|0|0,9|0|0,4|0|6|0|1
203,714|7,378|-0,844|-1540,382|0|1|0|0,2|0|7|4|1
203,889|7,611|-0,302|-1541,368|0|1|0|0,1|1|7|3|1
204,064|7,759|0,15|-1542,37|0|1|0|0,1|1|6|3|1
204,239|7,857|0,621|-1543,378|0|1|0|0|1|6|2|1
204,414|7,921|1,041|-1544,39|0|1|0|0|1|7|3|1
204,589|7,951|1,47|-1545,402|0|1|0|0|1|6|3|1
204,765|7,966|1,965|-1546,416|0|1|0|0|1|7|3|1
204,94|7,978|2,417|-1547,429|0|1|0|0|0|6|2|1
205,115|7,99|2,266|-1548,442|0|1|0|0|0|7|-4|1
205,29|8,001|1,176|-1549,455|0|1|0|0|0|11|-9|1
205,465|8,011|-0,701|-1550,468|0|1|0|0|0|14|-13|1
205,64|8,016|-1,643|-1550,874|0|1|0|0|0|6|1|
205,815|8,016|-1,643|-1550,874|0|1|0|0|0|6|1|
205,99|8,016|-1,643|-1550,874|0|1|0|0|0|6|1|
206,165|8,016|-1,643|-1550,874|0|1|0|0|0|6|1|
206,34|8,016|-1,643|-1550,874|0|1|0|0|0|6|1|