0|8,018|-0,97|-1495,65|0|1|0|0|0|1|-1|1
0,175|8,018|-1,562|-1495,65|0|1|0|0|0|7|-7|1
0,35|8,018|-1,953|-1495,65|0|1|0|0|0|0|0|1
0,525|8,018|-1,953|-1495,65|0|1|0|0|0|0|0|1
0,7|8,169|-1,953|-1496,306|0|1|0|0,1|0|6|0|1
0,875|7,904|-1,953|-1497,302|0|1|0|-0,1|0|6|0|1
1,05|7,554|-1,953|-1498,292|0|1|0|-0,2|0|6|0|1
1,225|7,22|-1,953|-1499,287|0|1|0|-0,2|0|6|0|1
1,4|6,956|-1,953|-1500,302|0|1|0|-0,1|0|6|0|1
1,575|6,818|-1,953|-1501,342|0|1|0|-0,1|0|6|0|1
1,75|6,74|-1,953|-1502,389|0|1|0|0|0|6|0|1
1,925|6,666|-1,953|-1503,437|0|1|0|0|0|6|0|1
2,1|6,592|-1,953|-1504,484|0|1|0|0|0|6|0|1
2,275|6,534|-1,953|-1505,532|0|1|0|0|0|6|0|1
2,45|6,49|-1,953|-1506,582|0|1|0|0|0|6|0|1
2,625|6,255|-1,953|-1507,541|0|1|0|-0,2|0|6|0|1
2,8|5,517|-1,953|-1508,275|0|0,9|0|-0,4|0|6|0|1
2,975|4,758|-1,953|-1509,001|0|0,9|0|-0,4|0|6|0|1
3,15|4,621|-1,953|-1510,001|0|1|0|-0,1|0|6|0|1
3,325|4,597|-1,953|-1511,05|0|1|0|0|0|6|0|1
3,5|4,574|-1,953|-1512,099|0|1|0|0|0|6|0|1
3,675|4,551|-1,953|-1513,149|0|1|0|0|0|6|0|1
3,85|4,528|-1,953|-1514,199|0|1|0|0|0|6|-1|1
4,025|4,506|-1,143|-1515,216|0|1|0|0|0|8|6|1
4,2|4,483|-0,559|-1516,229|0|1|0|0|0|6|0|1
4,375|4,461|-0,947|-1517,242|0|1|0|0|0|8|-5|1
4,55|4,444|-1,995|-1518,256|0|1|0|0|1|7|-3|1
4,725|4,433|-2,157|-1519,269|0|1|0|0|1|6|3|1
4,9|4,425|-1,685|-1520,282|0|1|0|0|1|7|3|1
5,075|4,418|-1,594|-1521,295|0|1|0|0|0|7|-3|1
5,25|4,417|-1,699|-1521,498|0|1|0|0|0|7|-4|
5,425|4,417|-1,699|-1521,498|0|1|0|0|0|7|-4|
5,6|4,417|-1,699|-1521,498|0|1|0|0|0|7|-4|
5,775|4,417|-1,699|-1521,498|0|1|0|0|0|7|-4|
5,95|4,417|-1,699|-1521,498|0|1|0|0|0|7|-4|
6,125|8,018|-0,97|-1495,65|0|1|0|0|0|1|-1|1
6,3|8,034|-1,562|-1495,988|0|1|0|0|0|7|-7|1
6,475|8,077|-1,953|-1496,852|0|1|0|0|0|6|0|1
6,65|8,126|-1,953|-1497,897|0|1|0|0|0|6|0|1
6,825|8,176|-1,953|-1498,946|0|1|0|0|0|6|0|1
7|8,226|-1,953|-1499,994|0|1|0|0|0|6|0|1
7,175|8,277|-1,953|-1501,043|0|1|0|0|0|6|0|1
7,35|8,321|-1,953|-1502,092|0|1|0|0|0|6|0|1
7,525|8,358|-1,953|-1503,141|0|1|0|0|0|6|0|1
7,7|8,392|-1,953|-1504,19|0|1|0|0|0|6|0|1
7,875|8,424|-1,953|-1505,24|0|1|0|0|0|6|0|1
8,05|8,447|-1,953|-1506,29|0|1|0|0|0|6|0|1
8,225|8,458|-1,953|-1507,34|0|1|0|0|0|6|0|1
8,4|8,459|-1,953|-1508,389|0|1|0|0|0|6|0|1
8,575|8,452|-1,953|-1509,439|0|1|0|0|0|6|0|1
8,75|8,36|-1,953|-1510,454|0|1|0|-0,1|0|6|0|1
8,925|7,66|-1,953|-1511,21|0|0,9|0|-0,3|0|6|0|1
9,1|6,921|-1,047|-1511,935|0|0,9|0|-0,4|0|8|6|1
9,275|6,197|-0,381|-1512,644|0|0,9|0|-0,4|1|6|2|1
9,45|5,473|-0,411|-1513,353|0|0,9|0|-0,4|0|7|-4|1
9,625|4,915|-1,4|-1514,194|0|1|0|-0,1|0|10|-9|1
9,8|4,646|-2,407|-1515,166|0|1|0|0|1|6|-2|1
9,975|4,565|-2,321|-1516,176|0|1|0|0|1|7|3|1
10,15|4,535|-1,949|-1517,188|0|1|0|0|0|6|-1|1
10,325|4,516|-2,465|-1518,202|0|1|0|0|1|7|-4|1
10,5|4,502|-2,697|-1519,215|0|1|0|0|1|6|2|1
10,675|4,491|-2,271|-1520,228|0|1|0|0|0|6|1|1
10,85|4,48|-2,545|-1521,241|0|1|0|0|0|8|-5|1
11,025|4,469|-2,955|-1522,254|0|1|0|0|1|6|1|1
11,2|4,458|-2,61|-1523,268|0|1|0|0|0|6|0|1
11,375|4,466|-3,071|-1524,281|0|1|0|0|0|8|-6|1
11,55|4,572|-3,637|-1525,287|0|1|0|0,1|1|6|0|1
11,725|4,75|-3,658|-1526,285|0|1|0|0,1|0|7|-3|1
11,9|4,944|-4,487|-1527,28|0|1|0|0,1|1|7|-4|1
12,075|5,145|-4,685|-1528,273|0|1|0|0,1|1|6|2|1
12,25|5,337|-4,244|-1529,267|0|1|0|0,1|1|6|3|1
12,425|5,519|-3,724|-1530,264|0|1|0|0,1|1|6|2|1
12,6|5,696|-3,327|-1531,262|0|1|0|0,1|0|6|0|1
12,775|5,872|-3,672|-1532,26|0|1|0|0,1|0|8|-5|1
12,95|6,047|-4,141|-1533,258|0|1|0|0,1|1|6|1|1
13,125|6,223|-3,767|-1534,256|0|1|0|0,1|1|6|3|1
13,3|6,398|-3,277|-1535,254|0|1|0|0,1|1|7|3|1
13,475|6,573|-2,785|-1536,252|0|1|0|0,1|1|3|2|1
13,65|6,835|-2,344|-1536,302|0|1|0|0,1|1|4|3|1
13,825|7,29|-1,868|-1536,675|0|1|0|0,1|1|6|2|1
14|7,641|-1,464|-1537,623|0|1|0|0,1|0|6|0|1
14,175|7,897|-1,804|-1538,604|0|1|0|0,1|0|6|0|1
14,35|7,979|-1,953|-1538,95|0|1|0|0,1|0|0|0|1
14,525|7,98|-1,953|-1538,956|0|1|0|0,1|0|0|0|1
14,7|8,073|-1,953|-1539,425|0|1|0|0,1|0|12|10|1
14,875|8,272|-0,698|-1540,418|0|1|0|0,1|0|6|3|1
15,05|8,461|-0,185|-1541,414|0|1|0|0,1|1|6|2|1
15,225|8,589|0,048|-1542,419|0|1|0|0|0|6|-2|1
15,4|8,641|-0,651|-1543,43|0|1|0|0|0|9|-7|1
15,575|8,642|-1,954|-1544,444|0|1|0|0|0|3|0|1
15,75|8,64|-1,953|-1544,601|0|1|0|0|0|0|0|1
15,925|8,64|-1,953|-1544,603|0|1|0|0|0|10|10|1
16,1|8,635|-0,698|-1544,673|0|1|0|0|0|3|3|1
16,275|8,583|-0,185|-1545,45|0|1|0|0|1|6|2|1
16,45|8,515|0,252|-1546,461|0|1|0|0|1|6|2|1
16,625|8,446|0,218|-1547,471|0|1|0|0|0|7|-4|1
16,8|8,385|-0,774|-1548,381|0|1|0|0|0|10|-9|1
16,975|8,345|-1,953|-1548,977|0|0,9|0|-0,5|0|2|0|
17,15|8,345|-1,953|-1548,977|0|0,9|0|-0,5|0|2|0|
17,325|8,345|-1,953|-1548,977|0|0,9|0|-0,5|0|2|0|
17,5|8,345|-1,953|-1548,977|0|0,9|0|-0,5|0|2|0|
17,675|8,345|-1,953|-1548,977|0|0,9|0|-0,5|0|2|0|
17,85|8,345|-1,953|-1548,977|0|0,9|0|-0,5|0|2|0|
18,025|8,018|-1,093|-1495,65|0|1|0|0|0|3|-3|1
18,2|8,018|-1,953|-1495,65|0|1|0|0|0|0|0|1
18,375|7,983|-1,953|-1496,33|0|1|0|0|0|6|0|1
18,55|7,948|-1,953|-1497,373|0|1|0|0|0|6|0|1
18,725|7,956|-1,953|-1498,423|0|1|0|0|0|6|0|1
18,9|7,987|-1,953|-1499,472|0|1|0|0|0|6|0|1
19,075|8,032|-1,953|-1500,521|0|1|0|0|0|6|0|1
19,25|7,874|-1,953|-1501,496|0|1|0|-0,2|0|6|0|1
19,425|7,188|-1,953|-1502,28|0|0,9|0|-0,3|0|6|0|1
19,6|6,481|-1,953|-1503,055|0|0,9|0|-0,4|0|6|0|1
19,775|5,773|-1,953|-1503,83|0|0,9|0|-0,4|0|6|0|1
19,95|5,065|-1,953|-1504,605|0|0,9|0|-0,4|0|6|0|1
20,125|4,847|-1,953|-1505,558|0|1|0|-0,1|0|6|0|1
20,3|4,879|-1,953|-1506,319|0|1|0|0|0|1|0|1
20,475|5,166|-1,953|-1506,333|0|0,9|0|0,4|0|5|0|1
20,65|6,183|-1,953|-1506,272|0|0,7|0|0,7|0|6|0|1
20,825|7,231|-1,953|-1506,228|0|0,7|0|0,7|0|6|0|1
21|8,089|-1,953|-1506,691|0|0,9|0|0,5|0|6|0|1
21,175|8,353|-1,953|-1507,627|0|1|0|0,1|0|6|0|1
21,35|8,357|-1,953|-1508,675|0|1|0|0|0|6|0|1
21,525|8,356|-1,953|-1509,725|0|1|0|0|0|6|0|1
21,7|8,355|-1,953|-1510,775|0|1|0|0|0|6|0|1
21,875|8,356|-1,953|-1511,824|0|1|0|0|0|6|0|1
22,05|8,872|-1,953|-1512,644|0|0,9|0|0,3|0|6|0|1
22,225|9,66|-1,299|-1513,324|0|0,9|0|0,4|0|9|7|1
22,4|10,385|-0,508|-1514,026|0|1|0|0,2|1|7|4|1
22,575|10,745|-0,087|-1514,97|0|1|0|0,1|0|6|0|1
22,75|10,97|-0,557|-1515,957|0|1|0|0|0|8|-6|1
22,925|11,13|-1,834|-1516,958|0|1|0|0|1|8|-6|1
23,1|11,238|-2,406|-1517,965|0|1|0|0|1|6|0|1
23,275|11,326|-2,431|-1518,974|0|1|0|0|0|7|-3|1
23,45|11,411|-3,105|-1519,984|0|1|0|0|1|6|-1|1
23,625|11,492|-2,954|-1520,994|0|1|0|0|1|6|2|1
23,8|11,573|-2,636|-1522,004|0|1|0|0|0|6|-1|1
23,975|11,654|-2,948|-1523,015|0|1|0|0|1|6|0|1
24,15|11,734|-2,576|-1524,025|0|1|0|0|1|7|3|1
24,325|11,786|-2,115|-1525,037|0|1|0|0|0|6|2|1
24,5|11,785|-2,258|-1526,05|0|1|0|0|1|6|-2|1
24,675|11,73|-2,179|-1527,061|0|1|0|0|1|7|4|1
24,85|11,65|-1,687|-1528,072|0|1|0|0|0|6|2|1
25,025|11,564|-1,804|-1529,081|0|1|0|0|0|7|-4|1
25,2|11,477|-2,626|-1530,091|0|1|0|0|1|6|-2|1
25,375|11,388|-2,598|-1531,1|0|1|0|0|1|7|3|1
25,55|11,299|-2,122|-1532,11|0|1|0|0|1|6|2|1
25,725|11,21|-1,692|-1533,119|0|1|0|0|0|6|1|1
25,9|11,121|-1,912|-1534,129|0|1|0|0|0|7|-5|1
26,075|11,021|-2,584|-1535,137|0|1|0|-0,1|1|6|-1|1
26,25|10,879|-2,322|-1536,14|0|1|0|-0,1|1|6|3|1
26,425|11,088|-2,228|-1536,789|0|1|0|-0,1|0|5|-3|1
26,6|11,175|-2,616|-1537,72|0|1|0|-0,2|1|6|1|1
26,775|10,946|-2,323|-1538,606|0|0,9|0|-0,4|0|5|-1|1
26,95|10,945|-2,828|-1539,588|0|0,9|0|-0,5|0|8|-6|1
27,125|10,945|-4,215|-1540,561|0|-0,8|0|0,6|0|12|-11|1
27,3|10,774|-5,555|-1541,222|0|-0,7|0|0,8|1|6|-4|1
27,475|9,809|-5,747|-1541,425|0|-0,6|0|0,8|1|6|2|1
27,65|8,801|-5,301|-1541,328|0|-0,6|0|0,8|1|6|0|1
27,825|7,867|-5,299|-1540,978|0|-0,4|0|0,9|1|6|0|1
28|7,403|-5,299|-1540,111|0|0|0|1|1|6|0|1
28,175|7,418|-5,299|-1539,101|0|0,1|0|1|1|6|0|1
28,35|7,669|-5,299|-1538,13|0|0,3|0|1|1|6|0|1
28,525|8,355|-5,299|-1537,39|0|0,4|0|0,9|1|6|0|1
28,7|9,245|-5,299|-1536,945|0|0,7|0|0,7|1|6|0|1
28,875|10,256|-5,299|-1536,956|0|0,8|0|0,6|1|6|0|1
29,05|11,258|-5,122|-1537,113|0|0,8|0|0,6|1|7|3|1
29,225|12,251|-4,66|-1537,316|0|0,8|0|0,6|1|7|3|1
29,4|13,196|-4,198|-1537,362|0|0,4|0|0,9|1|5|3|1
29,575|13,399|-3,719|-1536,493|0|-0,3|0|0,9|1|7|3|1
29,75|12,681|-3,291|-1535,803|0|-0,6|0|0,8|1|6|3|1
29,925|11,735|-2,839|-1535,456|0|-0,7|0|0,7|1|7|3|1
30,1|10,901|-2,387|-1535,965|0|1|0|-0,2|1|6|3|1
30,275|10,419|-1,936|-1536,505|0|1|0|-0,1|1|7|3|1
30,45|9,83|-1,454|-1537,309|0|0,9|0|-0,5|1|6|2|1
30,625|8,868|-1,522|-1537,616|0|-0,7|0|0,7|0|7|-4|1
30,8|8,17|-1,953|-1537,861|0|-0,8|0|0,6|0|5|0|1
30,975|7,907|-1,953|-1538,815|0|1|0|-0,2|0|6|0|1
31,15|7,682|-1,953|-1539,719|0|1|0|-0,1|0|1|0|1
31,325|7,665|-1,953|-1539,789|0|1|0|-0,1|0|0|0|1
31,5|7,664|-1,953|-1539,79|0|1|0|-0,1|0|0|0|1
31,675|7,664|-1,953|-1539,79|0|1|0|-0,1|0|0|0|1
31,85|7,664|-1,953|-1539,79|0|1|0|-0,1|0|0|0|1
32,025|7,664|-1,953|-1539,79|0|1|0|-0,1|0|0|0|1
32,2|7,664|-1,953|-1539,79|0|1|0|-0,1|0|0|0|1
32,375|7,664|-1,953|-1539,79|0|1|0|-0,1|0|3|0|1
32,55|7,623|-1,953|-1540,676|0|1|0|0|0|6|0|1
32,725|7,584|-0,844|-1541,701|0|1|0|0|0|7|4|1
32,9|7,553|-0,302|-1542,714|0|1|0|0|1|7|3|1
33,075|7,53|0,15|-1543,727|0|1|0|0|1|6|3|1
33,25|7,513|0,621|-1544,74|0|1|0|0|1|6|2|1
33,425|7,497|1,041|-1545,753|0|1|0|0|1|7|3|1
33,6|7,483|1,47|-1546,766|0|1|0|0|1|6|3|1
33,775|7,469|1,965|-1547,78|0|1|0|0|1|7|3|1
33,95|7,455|2,417|-1548,793|0|1|0|0|1|6|3|1
34,125|7,441|2,584|-1549,806|0|1|0|0|0|6|-2|1
34,3|7,426|1,781|-1550,819|0|1|0|0|0|10|-8|1
34,475|7,412|0,144|-1551,832|0|1|0|0|0|13|-12|1
34,65|7,398|-1,953|-1552,845|0|1|0|0|0|6|0|1
34,825|7,384|-1,953|-1553,89|0|1|0|0|0|6|0|1
35|7,383|-1,953|-1554,939|0|1|0|0|0|6|0|1
35,175|7,423|-1,953|-1555,989|0|1|0|0|0|6|0|1
35,35|7,477|-1,953|-1557,037|0|1|0|0|0|6|0|1
35,525|7,183|-1,953|-1557,962|0|1|0|-0,2|0|6|0|1
35,7|6,485|-1,953|-1558,74|0|0,9|0|-0,3|0|6|0|1
35,875|5,767|-1,953|-1559,507|0|0,9|0|-0,4|0|6|0|1
36,05|5,042|-1,953|-1560,266|0|0,9|0|-0,4|0|6|0|1
36,225|4,521|-1,953|-1561,105|0|1|0|-0,2|0|6|0|1
36,4|4,524|-1,953|-1562,146|0|1|0|0|0|6|0|1
36,575|4,612|-1,299|-1563,184|0|1|0|0|0|9|7|1
36,75|4,725|-0,508|-1564,191|0|1|0|0,1|1|7|4|1
36,925|4,843|-0,009|-1565,271|0|1|0|0,1|1|8|2|1
37,1|4,975|0,446|-1566,778|0|1|0|0,1|1|10|2|1
37,275|5,622|0,884|-1568,57|0|0,9|0|0,4|1|12|2|1
37,45|6,615|0,762|-1570,522|0|0,9|0|0,4|0|14|-4|1
37,625|7,591|-0,304|-1572,721|0|1|0|0,2|1|16|-7|1
37,8|8,175|-0,997|-1575,277|0|1|0|0,1|1|16|0|1
37,975|8,473|-0,731|-1578,092|0|1|0|0|1|17|3|1
38,15|8,637|-0,209|-1581,094|0|1|0|0|1|18|2|1
38,325|8,712|0,224|-1584,249|0|1|0|0|1|19|4|1
38,5|8,711|0,721|-1587,529|0|1|0|0|1|19|2|1
38,675|8,635|1,159|-1590,913|0|1|0|0|1|20|2|1
38,85|8,488|1,596|-1594,382|0|1|0|0|0|20|2|1
39,025|8,322|1,483|-1597,923|0|1|0|0|0|21|-4|1
39,2|8,146|0,901|-1601,524|0|1|0|0|1|21|0|1
39,375|7,941|1,19|-1605,173|0|1|0|0|1|21|3|1
39,55|7,719|1,625|-1608,865|0|1|0|0|0|21|2|1
39,725|7,502|1,477|-1612,591|0|1|0|0|1|22|-2|1
39,9|7,281|1,552|-1616,347|0|1|0|0|1|22|4|1
40,075|7,063|1,758|-1620,127|0|1|0|0|0|21|-2|1
40,25|7,064|0,966|-1623,542|0|0,9|0|0,3|0|19|-8|1
40,425|7,473|-0,661|-1626,376|0|0,9|0|0,4|0|19|-12|1
40,6|8,182|-1,953|-1628,28|0|0,9|0|0,4|0|6|0|1
40,775|9,017|-1,953|-1628,962|0|0,9|0|0,4|0|6|0|1
40,95|9,851|-1,953|-1629,6|0|0,9|0|0,4|0|6|0|1
41,125|10,331|-1,953|-1630,434|0|1|0|0,2|0|6|0|1
41,3|10,326|-1,299|-1631,47|0|1|0|0|0|9|7|1
41,475|10,262|-0,508|-1632,481|0|1|0|0|1|7|4|1
41,65|10,15|-0,317|-1633,488|0|1|0|-0,1|0|6|-2|1
41,825|10,004|-1,121|-1634,491|0|1|0|-0,1|0|10|-8|1
42|9,812|-2,282|-1635,486|0|1|0|-0,1|1|7|-3|1
42,175|9,565|-2,395|-1636,469|0|1|0|-0,1|1|6|3|1
42,35|9,296|-1,946|-1637,445|0|1|0|-0,1|1|7|3|1
42,525|9,007|-1,467|-1638,416|0|1|0|-0,2|1|6|2|1
42,7|8,697|-1,038|-1639,381|0|1|0|-0,2|1|7|3|1
42,875|8,477|-0,59|-1640,362|0|1|0|0|1|6|2|1
43,05|8,676|-0,133|-1641,353|0|1|0|0,1|1|6|3|1
43,225|8,589|0,324|-1642,359|0|1|0|-0,1|1|6|2|1
43,4|8,33|0,757|-1643,338|0|1|0|-0,2|1|7|4|1
43,575|8,026|1,255|-1644,305|0|1|0|-0,2|1|6|2|1
43,75|7,712|1,136|-1645,268|0|1|0|-0,2|0|7|-4|1
43,925|7,395|0,548|-1646,231|0|1|0|-0,2|1|6|0|1
44,1|7,05|0,832|-1647,183|0|1|0|-0,2|1|6|3|1
44,275|6,463|1,281|-1647,987|0|0,9|0|-0,5|1|6|2|1
44,45|5,559|1,746|-1648,438|0|-0,8|0|0,6|1|7|3|1
44,625|4,597|2,205|-1648,757|0|-0,8|0|0,6|1|6|2|1
44,8|3,625|2,613|-1649,042|0|-0,8|0|0,6|1|6|3|1
44,975|2,65|3,08|-1649,32|0|-0,8|0|0,6|1|6|3|1
45,15|1,688|3,56|-1649,63|0|-0,9|0|0,5|1|7|3|1
45,325|0,96|3,992|-1650,325|0|1|0|-0,3|1|6|3|1
45,5|0,401|4,475|-1651,17|0|1|0|-0,3|1|6|2|1
45,675|-0,104|4,774|-1652,048|0|1|0|-0,2|0|6|-1|1
45,85|-0,592|4,271|-1652,936|0|1|0|-0,2|1|6|-2|1
46,025|-1,035|4,348|-1653,847|0|1|0|-0,2|1|7|4|1
46,2|-1,367|4,856|-1654,803|0|1|0|-0,1|0|6|2|1
46,375|-1,59|4,753|-1655,791|0|1|0|0|0|7|-4|1
46,55|-1,693|3,702|-1656,799|0|1|0|0,1|0|11|-9|1
46,725|-1,494|1,939|-1657,779|0|0,9|0|0,4|1|10|-8|1
46,9|-0,77|0,961|-1658,476|0|0,9|0|0,5|1|6|-2|1
47,075|-0,003|1,071|-1659,124|0|1|0|0,3|0|6|2|1
47,25|0,554|0,93|-1659,969|0|1|0|0,2|0|7|-4|1
47,425|1,019|0,088|-1660,869|0|1|0|0,2|1|6|-2|1
47,6|1,405|0,099|-1661,806|0|1|0|0,2|1|7|3|1
47,775|1,762|0,561|-1662,755|0|1|0|0,2|1|6|3|1
47,95|2,112|0,887|-1663,705|0|1|0|0,2|0|6|-1|1
48,125|2,46|0,265|-1664,657|0|1|0|0,2|0|9|-7|1
48,3|2,807|-0,978|-1665,609|0|1|0|0,2|1|7|-4|1
48,475|3,153|-1,304|-1666,561|0|1|0|0,2|1|6|2|1
48,65|3,498|-0,864|-1667,514|0|1|0|0,2|1|6|2|1
48,825|3,843|-0,402|-1668,467|0|1|0|0,2|1|7|3|1
49|4,188|-0,259|-1669,42|0|1|0|0,2|0|6|-3|1
49,175|4,575|-1,105|-1670,354|0|0,9|0|0,4|0|10|-8|1
49,35|5,259|-1,953|-1671,086|0|0,9|0|0,5|0|6|0|1
49,525|6,15|-1,953|-1671,634|0|0,9|0|0,5|0|6|0|1
49,7|7,01|-1,953|-1672,236|0|0,9|0|0,5|0|6|0|1
49,875|7,779|-1,953|-1672,947|0|0,9|0|0,4|0|5|0|1
50,05|7,617|-1,953|-1673,907|0|1|0|-0,1|0|6|0|1
50,225|6,913|-1,953|-1674,655|0|0,9|0|-0,4|0|6|0|1
50,4|5,917|-1,953|-1674,939|0|-0,8|0|0,6|0|6|0|1
50,575|4,873|-1,953|-1675,045|0|-0,7|0|0,7|0|6|0|1
50,75|3,824|-1,953|-1675,044|0|-0,7|0|0,7|0|6|0|1
50,925|2,78|-1,953|-1674,94|0|-0,7|0|0,7|0|6|0|1
51,1|1,743|-1,891|-1674,776|0|-0,7|0|0,8|0|6|2|1
51,275|0,678|-1,541|-1674,607|0|-0,6|0|0,8|0|13|12|1
51,45|-0,322|0,616|-1674,449|0|-0,6|0|0,8|1|14|13|1
51,625|-1,19|2,853|-1674,313|0|-0,6|0|0,8|0|14|13|1
51,8|-1,852|5,187|-1674,225|0|1|0|-0,1|0|14|14|1
51,975|-1,976|7,603|-1674,385|0|0,9|0|0,4|0|14|14|1
52,15|-1,7|10,089|-1674,73|0|0,7|0|0,7|0|15|14|1
52,325|-1,04|12,571|-1674,777|0|0,6|0|0,8|0|12|11|1
52,5|-0,129|14,01|-1674,468|0|0,3|0|1|0|7|4|1
52,675|0,681|14,25|-1673,862|0|0,3|0|1|1|6|0|1
52,85|1,038|14,566|-1672,929|0|0|0|1|1|7|3|1
53,025|1,073|15,057|-1671,917|0|0|0|1|1|6|2|1
53,2|1,022|15,341|-1670,905|0|0|0|1|0|6|-2|1
53,375|0,953|14,682|-1669,894|0|0|0|1|0|9|-7|1
53,55|0,877|13,247|-1668,884|0|0|0|1|1|9|-7|1
53,725|0,795|12,543|-1667,874|0|0|0|1|1|6|0|1
53,9|0,714|12,099|-1666,906|0|0|0|1|0|8|-6|1
54,075|0,645|10,762|-1666,089|0|0|0|1|0|4|0|1
54,25|0,405|10,547|-1665,646|0|-0,2|0|1|0|6|0|1
54,425|-0,351|11,453|-1664,979|0|-0,4|0|0,9|0|8|6|1
54,6|-1,009|12,119|-1664,222|0|-0,2|0|1|1|6|2|1
54,775|-1,169|12,552|-1663,228|0|0|0|1|1|6|3|1
54,95|-1,069|13,015|-1662,221|0|0,1|0|1|1|7|3|1
55,125|-0,881|13,444|-1661,225|0|0,1|0|1|1|6|3|1
55,3|-0,574|13,91|-1660,269|0|0,3|0|1|1|6|2|1
55,475|0,176|14,386|-1659,599|0|0,5|0|0,9|1|6|2|1
55,65|1,097|14,819|-1659,181|0|0,6|0|0,8|1|6|3|1
55,825|2,067|15,289|-1658,886|0|0,6|0|0,8|1|7|3|1
56|2,969|15,781|-1658,457|0|0,4|0|0,9|1|6|2|1
56,175|3,589|16,224|-1657,661|0|0,2|0|1|1|6|3|1
56,35|4,044|16,736|-1656,756|0|0,2|0|1|1|6|2|1
56,525|4,4|17,173|-1655,807|0|0,2|0|1|1|6|2|1
56,7|4,721|17,596|-1654,846|0|0,2|0|1|1|6|3|1
56,875|5,031|18,063|-1653,882|0|0,2|0|1|1|6|2|1
57,05|5,337|18,486|-1652,916|0|0,2|0|1|1|6|3|1
57,225|5,643|18,998|-1651,95|0|0,2|0|1|1|6|2|1
57,4|5,949|19,435|-1650,984|0|0,2|0|1|1|6|2|1
57,575|6,254|19,864|-1650,017|0|0,2|0|1|1|7|3|1
57,75|6,56|20,314|-1649,051|0|0,2|0|1|1|6|2|1
57,925|6,865|20,737|-1648,085|0|0,2|0|1|1|6|3|1
58,1|7,171|21,01|-1647,119|0|0,2|0|1|0|6|-2|1
58,275|7,474|20,324|-1646,16|0|0,2|0|1|0|9|-7|1
58,45|7,713|19,187|-1645,63|0|0,2|0|1|0|0|0|1
58,625|8,354|19,187|-1645,901|0|0,7|0|0,7|0|6|0|1
58,8|9,293|20,296|-1646,309|0|0,8|0|0,6|0|7|4|1
58,975|10,222|20,838|-1646,713|0|0,8|0|0,6|0|6|1|1
59,15|11,151|20,603|-1647,117|0|0,8|0|0,5|0|7|-5|1
59,325|12,08|20,226|-1647,521|0|0,8|0|0,5|1|6|1|1
59,5|13,01|20,678|-1647,925|0|0,8|0|0,5|1|6|2|1
59,675|13,939|21,112|-1648,329|0|0,8|0|0,5|1|6|2|1
59,85|14,868|21,515|-1648,733|0|0,8|0|0,5|1|6|3|1
60,025|15,871|21,981|-1648,747|0|0,6|0|0,8|1|6|2|1
60,2|16,847|22,391|-1648,477|0|0,6|0|0,8|1|6|3|1
60,375|17,74|22,457|-1648,009|0|0,3|0|1|0|7|-3|1
60,55|18,332|21,735|-1647,199|0|-0,1|0|1|0|5|0|1
60,725|18,034|21,737|-1646,248|0|-0,2|0|1|0|6|0|1
60,9|17,946|21,737|-1645,634|0|0|0|1|0|10|10|1
61,075|18,265|22,992|-1645,626|0|0,1|0|1|0|3|3|1
61,25|19,006|23,505|-1645,763|0|0,7|0|0,8|1|6|2|1
61,425|19,99|23,942|-1646,004|0|0,8|0|0,6|1|6|2|1
61,6|20,975|24,37|-1646,244|0|0,8|0|0,6|1|6|3|1
61,775|21,974|24,838|-1646,41|0|0,7|0|0,7|1|6|2|1
61,95|22,986|25,259|-1646,434|0|0,7|0|0,7|1|6|3|1
62,125|23,936|25,772|-1646,142|0|0,4|0|0,9|1|6|2|1
62,3|24,373|26,256|-1645,422|0|-0,1|0|1|1|5|2|1
62,475|24,037|26,454|-1644,512|0|-0,3|0|0,9|0|6|-2|1
62,65|23,394|26,217|-1643,752|0|-0,5|0|0,9|0|3|0|1
62,825|23,26|26,217|-1643,665|0|-0,5|0|0,9|0|0|0|1
63|23,259|26,217|-1643,664|0|-0,5|0|0,9|0|0|0|1
63,175|23,259|26,217|-1643,664|0|-0,5|0|0,9|0|0|0|1
63,35|23,259|26,217|-1643,664|0|-0,5|0|0,9|0|0|0|1
63,525|23,259|26,217|-1643,664|0|-0,5|0|0,9|0|0|0|1
63,7|23,259|26,217|-1643,664|0|-0,5|0|0,9|0|0|0|1
63,875|23,259|26,217|-1643,664|0|-0,5|0|0,9|0|0|0|1
64,05|23,259|26,217|-1643,664|0|-0,5|0|0,9|0|0|0|1
64,225|23,259|26,217|-1643,664|0|-0,5|0|0,9|0|0|0|1
64,4|23,259|26,217|-1643,664|0|-0,5|0|0,9|0|3|0|1
64,575|22,486|26,217|-1643,229|0|-0,5|0|0,9|0|6|0|1
64,75|21,56|26,217|-1642,74|0|-0,5|0|0,9|0|6|0|1
64,925|20,602|26,217|-1642,311|0|-0,5|0|0,8|0|6|0|1
65,1|19,61|26,217|-1641,968|0|-0,6|0|0,8|0|6|0|1
65,275|18,579|26,217|-1641,779|0|-0,6|0|0,8|0|6|0|1
65,45|17,531|26,217|-1641,758|0|-0,7|0|0,7|0|6|0|1
65,625|16,691|26,217|-1641,19|0|-0,5|0|0,9|0|6|0|1
65,8|15,846|26,217|-1640,569|0|-0,5|0|0,9|0|6|0|1
65,975|14,918|26,217|-1640,083|0|-0,5|0|0,8|0|6|0|1
66,15|13,909|26,217|-1639,807|0|-0,6|0|0,8|0|6|0|1
66,325|12,868|26,217|-1639,677|0|-0,7|0|0,7|0|6|0|1
66,5|11,82|26,217|-1639,615|0|-0,7|0|0,7|0|6|0|1
66,675|10,773|26,217|-1639,538|0|-0,7|0|0,7|0|6|0|1
66,85|9,726|26,217|-1639,457|0|-0,7|0|0,7|0|6|0|1
67,025|8,679|26,217|-1639,371|0|-0,7|0|0,7|0|6|0|1
67,2|7,634|26,217|-1639,272|0|-0,7|0|0,7|0|6|0|1
67,375|6,599|26,217|-1639,377|0|-0,8|0|0,6|0|6|0|1
67,55|5,697|26,217|-1639,895|0|0,9|0|-0,5|0|6|0|1
67,725|4,903|26,217|-1640,581|0|0,9|0|-0,4|0|6|0|1
67,9|4,161|26,217|-1641,323|0|0,9|0|-0,4|0|5|0|1
68,075|4,167|26,217|-1642,32|0|1|0|0|0|6|0|1
68,25|4,436|26,217|-1643,333|0|1|0|0,1|0|6|0|1
68,425|4,761|26,217|-1644,332|0|1|0|0,2|0|6|0|1
68,6|5,085|27,325|-1645,307|0|1|0|0,2|0|7|4|1
68,775|5,406|27,868|-1646,268|0|1|0|0,2|1|7|3|1
68,95|5,729|28,319|-1647,229|0|1|0|0,2|1|6|3|1
69,125|6,052|28,79|-1648,189|0|1|0|0,2|1|6|2|1
69,3|6,375|29,21|-1649,149|0|1|0|0,2|0|6|2|1
69,475|6,698|29,056|-1650,109|0|1|0|0,2|0|7|-4|1
69,65|7,021|27,963|-1651,07|0|1|0|0,2|0|6|1|1
69,825|7,511|27,976|-1651,899|0|0,9|0|0,4|0|6|1|1
70|8,428|28,059|-1652,384|0|0,9|0|0,5|0|6|1|1
70,175|8,786|28,218|-1653,306|0|1|0|0,2|0|6|1|1
70,35|8,85|28,395|-1654,334|0|1|0|0|0|6|1|1
70,525|8,739|28,572|-1655,362|0|1|0|0|0|6|1|1
70,7|8,589|28,749|-1656,386|0|1|0|-0,1|0|6|1|1
70,875|8,434|28,925|-1657,409|0|1|0|-0,1|0|6|1|1
71,05|8,279|29,416|-1658,433|0|1|0|-0,1|0|10|8|1
71,226|8,107|30,319|-1659,431|0|1|0|-0,1|1|6|1|1
71,401|7,837|30,546|-1660,408|0|1|0|-0,2|1|6|2|1
71,576|7,518|30,865|-1661,369|0|1|0|-0,2|1|6|2|1
71,751|7,189|31,263|-1662,328|0|1|0|-0,2|1|6|3|1
71,926|6,965|31,716|-1663,314|0|1|0|-0,1|1|6|3|1
72,101|6,961|32,169|-1664,326|0|1|0|0,1|1|6|3|1
72,276|7,088|32,616|-1665,331|0|1|0|0,1|1|6|2|1
72,451|7,256|33,07|-1666,33|0|1|0|0,1|0|6|0|1
72,626|7,432|32,398|-1667,328|0|1|0|0,1|0|11|-10|1
72,801|7,603|30,695|-1668,324|0|1|0|0,1|0|6|1|1
72,976|7,729|30,871|-1669,344|0|1|0|0,1|0|6|1|1
73,151|7,805|31,048|-1670,375|0|1|0|0|0|6|1|1
73,326|7,841|31,227|-1671,409|0|1|0|0|0|6|1|1
73,501|7,835|31,405|-1672,444|0|1|0|0|0|6|1|1
73,676|7,807|31,583|-1673,478|0|1|0|0|0|6|1|1
73,851|7,777|31,761|-1674,513|0|1|0|0|0|6|1|1
74,026|7,747|32,254|-1675,547|0|1|0|0|0|10|8|1
74,201|7,709|33,259|-1676,56|0|1|0|0|1|6|3|1
74,376|7,582|33,741|-1677,565|0|1|0|-0,1|1|7|3|1
74,551|7,379|33,979|-1678,557|0|1|0|-0,1|1|6|1|1
74,726|7,154|34,237|-1679,545|0|1|0|-0,1|1|6|2|1
74,901|6,922|34,583|-1680,532|0|1|0|-0,1|1|6|2|1
75,076|6,695|35,002|-1681,519|0|1|0|-0,1|1|6|3|1
75,251|6,516|35,47|-1682,516|0|1|0|-0,1|1|6|3|1
75,426|6,395|35,933|-1683,522|0|1|0|0|1|6|3|1
75,601|6,32|36,388|-1684,533|0|1|0|0|1|6|3|1
75,776|6,284|36,855|-1685,545|0|1|0|0|1|6|3|1
75,951|6,273|37,296|-1686,558|0|1|0|0|1|7|4|1
76,126|6,294|37,719|-1687,572|0|1|0|0|0|6|0|1
76,301|6,349|37,25|-1688,583|0|1|0|0,1|0|8|-6|1
76,476|6,464|35,893|-1689,59|0|1|0|0,1|0|12|-10|1
76,651|6,691|34,32|-1690,579|0|1|0|0,2|0|6|0|1
76,826|7,105|34,32|-1691,54|0|1|0|0,2|0|6|0|1
77,001|7,531|34,32|-1692,499|0|1|0|0,2|0|6|0|1
77,176|7,957|34,32|-1693,459|0|1|0|0,2|0|6|0|1
77,351|8,333|34,32|-1694,439|0|1|0|0,2|0|6|0|1
77,526|8,599|34,32|-1695,454|0|1|0|0,1|0|6|0|1
77,701|8,803|35,226|-1696,469|0|1|0|0,1|0|8|6|1
77,876|8,98|35,891|-1697,467|0|1|0|0,1|1|6|2|1
78,051|9,117|36,324|-1698,47|0|1|0|0,1|0|6|0|1
78,226|9,226|36,085|-1699,478|0|1|0|0|1|6|-1|1
78,401|9,271|36,346|-1700,49|0|1|0|0|1|6|2|1
78,576|9,172|36,809|-1701,497|0|1|0|-0,1|1|7|3|1
78,751|8,927|36,892|-1702,48|0|1|0|-0,2|0|7|-3|1
78,926|8,605|36,782|-1703,44|0|1|0|-0,2|1|6|3|1
79,101|8,238|37,239|-1704,385|0|1|0|-0,2|1|7|4|1
79,276|7,859|37,732|-1705,324|0|1|0|-0,2|1|6|2|1
79,451|7,478|38,158|-1706,263|0|1|0|-0,2|1|6|3|1
79,626|7,096|38,655|-1707,202|0|1|0|-0,2|1|7|3|1
79,801|6,728|39,138|-1708,146|0|1|0|-0,2|1|6|2|1
79,976|6,37|39,562|-1709,093|0|1|0|-0,2|1|6|3|1
80,151|6,044|40,082|-1710,052|0|1|0|-0,1|1|6|2|1
80,326|5,885|40,516|-1711,051|0|1|0|0|1|7|4|1
80,501|5,866|41,021|-1712,064|0|1|0|0|1|6|2|1
80,676|5,912|41,475|-1713,076|0|1|0|0|1|7|3|1
80,852|6,017|41,93|-1714,084|0|1|0|0,1|1|6|2|1
81,027|6,174|42,356|-1715,084|0|1|0|0,1|1|6|3|1
81,202|6,37|42,85|-1716,079|0|1|0|0,1|1|7|3|1
81,377|6,596|43,337|-1717,066|0|1|0|0,1|1|6|2|1
81,552|6,847|43,768|-1718,048|0|1|0|0,1|1|6|3|1
81,727|7,116|44,032|-1719,025|0|1|0|0,1|0|6|-2|1
81,902|7,39|43,342|-1720|0|1|0|0,1|0|9|-7|1
82,077|7,668|41,799|-1720,975|0|1|0|0,1|0|13|-11|1
82,252|7,953|41,378|-1721,964|0|1|0|0,1|0|6|0|1
82,427|8,234|41,559|-1722,932|0|1|0|0,1|0|10|8|1
82,602|8,515|42,564|-1723,906|0|1|0|0,1|1|6|3|1
82,777|8,797|43,046|-1724,879|0|1|0|0,1|1|7|3|1
82,952|9,076|43,375|-1725,853|0|1|0|0,1|0|6|-1|1
83,127|9,306|42,828|-1726,84|0|1|0|0,1|0|9|-6|1
83,302|9,416|41,882|-1727,846|0|1|0|0|1|6|-2|1
83,477|9,39|41,949|-1728,858|0|1|0|0|0|6|1|1
83,652|9,308|41,772|-1729,868|0|1|0|-0,1|0|7|-4|1
83,827|9,202|40,9|-1730,876|0|1|0|-0,1|1|6|-2|1
84,002|9,077|40,804|-1731,881|0|1|0|-0,1|0|6|-1|1
84,177|8,948|40,193|-1732,886|0|1|0|-0,1|0|9|-7|1
84,352|8,816|39,193|-1733,891|0|1|0|-0,1|1|6|-2|1
84,527|8,682|38,739|-1734,895|0|1|0|-0,1|0|8|-5|1
84,702|8,549|37,465|-1735,9|0|1|0|-0,1|0|12|-10|1
84,877|8,409|35,435|-1736,904|0|1|0|-0,1|0|15|-14|1
85,052|8,234|34,32|-1737,911|0|1|0|-0,1|0|6|0|1
85,227|7,993|34,32|-1738,932|0|1|0|-0,1|0|6|0|1
85,402|7,738|34,32|-1739,95|0|1|0|-0,1|0|6|0|1
85,577|7,478|34,32|-1740,968|0|1|0|-0,1|0|12|10|1
85,752|7,241|35,575|-1741,96|0|1|0|-0,1|0|6|3|1
85,927|7,115|36,087|-1742,964|0|1|0|0|1|6|2|1
86,102|7,079|36,524|-1743,977|0|1|0|0|1|6|2|1
86,277|7,068|36,93|-1744,99|0|1|0|0|1|6|1|1
86,452|7,062|37,319|-1746,004|0|1|0|0|1|7|3|1
86,627|7,059|37,669|-1747,017|0|1|0|0|1|6|3|1
86,802|7,055|37,938|-1748,03|0|1|0|0|0|6|-3|1
86,977|7,052|36,935|-1749,043|0|1|0|0|1|9|-6|1
87,152|7,048|36,058|-1750,056|0|1|0|0|1|7|-3|1
87,327|7,045|35,72|-1751,069|0|1|0|0|1|6|0|1
87,502|7,042|35,833|-1752,083|0|1|0|0|1|6|2|1
87,677|7,039|36,254|-1753,096|0|1|0|0|1|7|3|1
87,852|7,035|36,594|-1754,109|0|1|0|0|1|6|3|1
88,027|7,032|37,032|-1755,122|0|1|0|0|1|6|2|1
88,202|7,028|37,43|-1756,135|0|1|0|0|1|6|3|1
88,377|7,024|37,794|-1757,149|0|1|0|0|1|6|2|1
88,552|7,02|38,222|-1758,162|0|1|0|0|1|6|3|1
88,727|7,015|38,639|-1759,175|0|1|0|0|1|6|2|1
88,902|7,011|39,022|-1760,188|0|1|0|0|1|6|2|1
89,077|6,994|38,66|-1761,201|0|1|0|0|0|9|-7|1
89,252|6,958|36,859|-1762,214|0|1|0|0|0|15|-14|1
89,427|6,893|34,319|-1763,225|0|1|0|-0,1|0|6|0|1
89,602|6,214|34,32|-1763,862|0|0,9|0|-0,4|0|6|0|1
89,777|5,204|34,32|-1764,131|0|-0,8|0|0,6|0|6|0|1
89,952|4,174|34,32|-1764,331|0|-0,8|0|0,6|0|6|0|1
90,127|3,49|34,32|-1765,077|0|0,9|0|-0,4|0|6|0|1
90,303|2,84|34,32|-1765,901|0|0,9|0|-0,3|0|6|0|1
90,478|2,184|34,32|-1766,721|0|0,9|0|-0,3|0|6|0|1
90,653|1,528|34,32|-1767,54|0|0,9|0|-0,3|0|6|0|1
90,828|0,871|34,32|-1768,36|0|0,9|0|-0,3|0|6|0|1
91,003|0,246|34,32|-1769,203|0|1|0|-0,3|0|6|0|1
91,178|-0,214|34,32|-1770,143|0|1|0|-0,2|0|6|0|1
91,353|-0,437|34,32|-1771,165|0|1|0|-0,1|0|6|0|1
91,528|-0,469|34,32|-1772,212|0|1|0|0|0|6|0|1
91,703|-0,401|34,32|-1773,26|0|1|0|0|0|6|0|1
91,878|-0,237|34,32|-1774,296|0|1|0|0,1|0|6|0|1
92,053|0,146|34,32|-1775,265|0|1|0|0,2|0|6|0|1
92,228|0,495|34,32|-1775,69|0|1|0|0,3|0|1|0|
92,403|0,495|34,32|-1775,69|0|1|0|0,3|0|1|0|
92,578|0,495|34,32|-1775,69|0|1|0|0,3|0|1|0|
92,753|0,495|34,32|-1775,69|0|1|0|0,3|0|1|0|
92,928|0,495|34,32|-1775,69|0|1|0|0,3|0|1|0|
93,103|0,495|34,32|-1775,69|0|1|0|0,3|0|1|0|
93,278|8,018|35,197|-1692,27|0|1|0|0|0|3|-3|1
93,453|8,018|34,32|-1692,27|0|1|0|0|0|0|0|1
93,628|8,018|34,32|-1692,27|0|1|0|0|0|0|0|1
93,803|8,018|34,32|-1692,27|0|1|0|0|0|0|0|1
93,978|8,018|34,32|-1692,27|0|1|0|0|0|0|0|1
94,153|8,018|34,32|-1692,27|0|1|0|0|0|0|0|1