0|8,018|35,32|-1692,27|0|1|0|0|0|1|-1|1
0,175|8,018|34,728|-1692,27|0|1|0|0|0|7|-7|1
0,35|8,018|34,32|-1692,27|0|1|0|0|0|0|0|1
0,525|8,018|34,32|-1692,27|0|1|0|0|0|0|0|1
0,7|8,018|34,32|-1692,27|0|1|0|0|0|0|0|1
0,875|8,018|34,32|-1692,27|0|1|0|0|0|0|0|1
1,05|8,018|34,32|-1692,27|0|1|0|0|0|0|0|1
1,225|8,018|34,32|-1692,27|0|1|0|0|0|0|0|1
1,4|8,018|34,32|-1692,27|0|1|0|0|0|0|0|1
1,575|7,901|34,32|-1692,264|0|1|0|-0,2|0|5|0|1
1,75|6,924|34,32|-1692,214|0|-0,8|0|0,7|0|6|0|1
1,925|6,198|34,32|-1692,599|0|0,9|0|-0,3|0|6|0|1
2,1|6,155|34,32|-1693,629|0|1|0|-0,1|0|6|0|1
2,275|6,155|34,32|-1694,678|0|1|0|0|0|6|0|1
2,45|6,173|34,32|-1695,728|0|1|0|0|0|6|0|1
2,625|6,201|35,428|-1696,755|0|1|0|0|0|7|4|1
2,8|6,243|35,971|-1697,768|0|1|0|0|1|7|3|1
2,975|6,295|36,422|-1698,78|0|1|0|0|1|6|3|1
3,15|6,35|36,893|-1699,792|0|1|0|0|1|6|2|1
3,325|6,406|37,314|-1700,804|0|1|0|0|1|7|3|1
3,5|6,463|37,743|-1701,816|0|1|0|0|1|6|3|1
3,675|6,519|38,238|-1702,828|0|1|0|0|1|7|3|1
3,85|6,576|38,69|-1703,84|0|1|0|0|1|6|3|1
4,025|6,632|39,17|-1704,852|0|1|0|0|1|6|2|1
4,2|6,693|39,635|-1705,863|0|1|0|0|1|7|3|1
4,375|6,77|40,097|-1706,873|0|1|0|0|1|6|3|1
4,55|6,862|40,579|-1707,882|0|1|0|0|1|7|3|1
4,725|6,964|41,023|-1708,891|0|1|0|0,1|1|7|3|1
4,9|7,071|41,466|-1709,898|0|1|0|0,1|1|7|3|1
5,075|7,179|41,895|-1710,906|0|1|0|0,1|1|6|3|1
5,25|7,29|42,359|-1711,913|0|1|0|0,1|1|6|3|1
5,425|7,404|42,84|-1712,92|0|1|0|0,1|1|7|3|1
5,6|7,521|43,282|-1713,926|0|1|0|0,1|1|7|3|1
5,775|7,64|43,75|-1714,932|0|1|0|0,1|1|6|2|1
5,95|7,758|44,164|-1715,939|0|1|0|0,1|1|7|3|1
6,125|7,879|44,606|-1716,945|0|1|0|0,1|1|7|3|1
6,3|7,996|45,083|-1717,951|0|1|0|0,1|1|6|2|1
6,475|8,112|45,515|-1718,958|0|1|0|0,1|0|6|1|1
6,65|8,225|45,307|-1719,944|0|1|0|0,1|0|7|-5|1
6,825|8,321|44,17|-1720,787|0|1|0|0,1|0|10|-9|1
7|8,376|42,253|-1721,266|0|-0,4|0|0,9|0|13|-13|1
7,175|8,355|41,378|-1721,08|0|-0,2|0|1|0|0|0|1
7,35|8,353|41,378|-1721,063|0|-0,2|0|1|0|0|0|1
7,525|8,353|41,378|-1721,063|0|-0,2|0|1|0|3|0|1
7,7|8,453|41,728|-1721,944|0|1|0|-0,2|0|10|8|1
7,875|8,568|42,732|-1722,951|0|1|0|0|1|6|3|1
8,05|8,683|43,214|-1723,957|0|1|0|0|1|7|3|1
8,225|8,797|43,66|-1724,964|0|1|0|0,1|1|7|3|1
8,4|8,901|44,03|-1725,972|0|1|0|0|0|6|-1|1
8,575|8,98|43,517|-1726,982|0|1|0|0|0|8|-6|1
8,75|8,998|42,599|-1727,995|0|1|0|0|1|6|-2|1
8,925|8,925|42,69|-1729,005|0|1|0|-0,1|1|7|3|1
9,1|8,8|42,803|-1730,01|0|1|0|-0,1|0|6|-3|1
9,275|8,661|42,408|-1731,014|0|1|0|-0,1|1|6|1|1
9,45|8,514|42,696|-1732,016|0|1|0|-0,1|0|6|-1|1
9,625|8,364|42,186|-1733,019|0|1|0|-0,1|1|7|-4|1
9,8|8,213|41,876|-1734,021|0|1|0|-0,1|0|6|-2|1
9,975|8,062|41,086|-1735,023|0|1|0|-0,1|0|9|-8|1
10,15|7,911|39,461|-1736,025|0|1|0|-0,1|0|13|-12|1
10,325|7,759|37,136|-1737,026|0|1|0|-0,1|0|16|-15|1
10,5|7,616|34,32|-1738,029|0|1|0|-0,1|0|6|0|1
10,675|7,524|34,32|-1739,069|0|1|0|0|0|6|0|1
10,85|7,449|34,32|-1740,116|0|1|0|0|0|6|0|1
11,025|7,381|34,974|-1741,157|0|1|0|0|0|9|7|1
11,2|7,315|35,765|-1742,168|0|1|0|0|1|7|4|1
11,375|7,248|36,264|-1743,18|0|1|0|0|1|6|2|1
11,55|7,182|36,718|-1744,191|0|1|0|0|1|6|2|1
11,725|7,116|37,117|-1745,203|0|1|0|0|1|6|3|1
11,9|7,049|37,031|-1746,214|0|1|0|0|0|8|-6|1
12,075|6,987|35,951|-1747,225|0|1|0|0|1|7|-5|1
12,25|6,944|35,372|-1748,238|0|1|0|0|1|6|-2|1
12,425|6,921|35,283|-1749,251|0|1|0|0|1|6|1|1
12,6|6,921|35,604|-1750,264|0|1|0|0|1|7|3|1
12,775|6,938|35,954|-1751,277|0|1|0|0|1|6|3|1
12,95|6,958|36,394|-1752,29|0|1|0|0|1|6|3|1
13,125|6,98|36,837|-1753,303|0|1|0|0|1|6|1|1
13,3|7,003|37,174|-1754,317|0|1|0|0|1|6|3|1
13,475|7,025|37,565|-1755,33|0|1|0|0|1|6|3|1
13,65|7,04|37,974|-1756,343|0|1|0|0|1|6|2|1
13,825|6,994|38,382|-1757,355|0|1|0|0|1|6|2|1
14|6,844|38,791|-1758,357|0|1|0|-0,1|1|6|3|1
14,175|6,593|39,199|-1759,338|0|1|0|-0,1|1|6|2|1
14,35|6,287|38,947|-1760,304|0|1|0|-0,2|0|9|-7|1
14,525|5,957|37,238|-1761,262|0|1|0|-0,2|0|15|-14|1
14,7|5,603|34,32|-1762,211|0|1|0|-0,2|0|6|0|1
14,875|5,198|34,32|-1763,174|0|1|0|-0,2|0|6|0|1
15,05|4,633|34,32|-1763,983|0|0,9|0|-0,4|0|6|0|1
15,225|3,676|34,32|-1764,392|0|-0,8|0|0,5|0|6|0|1
15,4|2,714|34,32|-1764,813|0|-0,8|0|0,5|0|6|0|1
15,575|1,804|34,32|-1765,334|0|0,9|0|-0,5|0|6|0|1
15,75|0,938|34,32|-1765,928|0|0,9|0|-0,5|0|6|0|1
15,925|0,088|34,32|-1766,545|0|0,9|0|-0,5|0|6|0|1
16,1|-0,154|34,32|-1767,522|0|1|0|-0,1|0|6|0|1
16,275|-0,274|34,32|-1768,564|0|1|0|-0,1|0|6|0|1
16,45|-0,386|34,32|-1769,608|0|1|0|-0,1|0|6|0|1
16,625|-0,478|34,32|-1770,654|0|1|0|0|0|6|0|1
16,8|-0,514|34,32|-1771,702|0|1|0|0|0|6|0|1
16,975|-0,514|34,32|-1772,751|0|1|0|0|0|6|0|1
17,15|-0,48|34,32|-1773,8|0|1|0|0|0|6|0|1
17,325|-0,451|34,32|-1774,169|0|1|0|0|0|0|0|1
17,5|-0,451|34,32|-1774,174|0|1|0|0|0|0|0|1
17,675|-0,165|34,32|-1774,792|0|1|0|0,2|0|6|0|1
17,85|0,014|34,32|-1775,107|0|1|0|0,2|0|0|0|1
18,025|0,017|34,32|-1775,112|0|1|0|0,2|0|0|0|1
18,2|0,303|34,32|-1775,124|0|0,9|0|0,5|0|5|0|1
18,375|1,321|34,32|-1775,115|0|0,7|0|0,7|0|6|0|1
18,55|2,37|34,32|-1775,069|0|0,7|0|0,7|0|6|0|1
18,725|3,419|34,32|-1775,039|0|0,7|0|0,7|0|6|0|1
18,9|4,469|34,32|-1775,032|0|0,7|0|0,7|0|6|0|1
19,075|5,519|34,32|-1775,056|0|0,7|0|0,7|0|6|0|1
19,25|6,568|34,32|-1775,086|0|0,7|0|0,7|0|6|0|1
19,425|7,618|34,32|-1775,12|0|0,7|0|0,7|0|6|0|1
19,6|8,667|34,32|-1775,157|0|0,7|0|0,7|0|6|0|1
19,775|9,716|34,32|-1775,194|0|0,7|0|0,7|0|6|0|1
19,95|10,766|34,32|-1775,234|0|0,7|0|0,7|0|6|0|1
20,125|11,814|34,32|-1775,288|0|0,7|0|0,7|0|6|0|1
20,3|12,858|34,32|-1775,391|0|0,7|0|0,7|0|6|0|1
20,475|13,833|34,32|-1775,751|0|0,8|0|0,5|0|6|0|1
20,65|14,422|34,32|-1776,581|0|1|0|0,3|0|6|0|1
20,825|14,508|34,32|-1777,615|0|1|0|0|0|6|0|1
21|14,381|34,32|-1778,656|0|1|0|0|0|6|0|1
21,175|14,175|34,32|-1779,684|0|1|0|-0,1|0|6|0|1
21,35|13,73|34,32|-1780,629|0|1|0|-0,2|0|6|0|1
21,525|13,513|34,32|-1780,927|0|1|0|-0,3|0|0|0|1
21,7|13,51|34,32|-1780,931|0|1|0|-0,3|0|3|0|1
21,875|12,624|34,32|-1780,962|0|-0,8|0|0,6|0|6|0|1
22,05|11,576|34,32|-1780,977|0|-0,7|0|0,7|0|6|0|1
22,225|10,527|34,32|-1780,991|0|-0,7|0|0,7|0|6|0|1
22,4|9,477|34,32|-1781,002|0|-0,7|0|0,7|0|6|0|1
22,575|8,427|34,32|-1781,004|0|-0,7|0|0,7|0|6|0|1
22,75|7,377|34,32|-1781,005|0|-0,7|0|0,7|0|6|0|1
22,925|6,327|34,32|-1781,006|0|-0,7|0|0,7|0|6|0|1
23,1|5,277|34,32|-1781,007|0|-0,7|0|0,7|0|6|0|1
23,275|4,227|34,32|-1781,009|0|-0,7|0|0,7|0|6|0|1
23,45|3,177|34,32|-1781,01|0|-0,7|0|0,7|0|6|0|1
23,625|2,127|34,32|-1781,011|0|-0,7|0|0,7|0|6|0|1
23,8|1,077|34,32|-1781,012|0|-0,7|0|0,7|0|6|0|1
23,975|0,313|34,32|-1781,013|0|-0,7|0|0,7|0|1|0|1
24,15|0,282|34,32|-1781,013|0|-0,7|0|0,7|0|0|0|1
24,325|0,282|34,32|-1781,013|0|-0,7|0|0,7|0|0|0|1
24,5|0,267|34,32|-1781,13|0|-0,8|0|0,5|0|5|0|1
24,675|0,237|34,32|-1782,107|0|1|0|-0,1|0|6|0|1
24,85|0,229|34,32|-1783,155|0|1|0|0|0|6|0|1
25,025|0,318|34,32|-1784,2|0|1|0|0|0|6|0|1
25,2|0,529|34,32|-1785,228|0|1|0|0,1|0|6|0|1
25,375|0,846|34,32|-1786,228|0|1|0|0,2|0|6|0|1
25,55|1,273|34,32|-1787,186|0|1|0|0,2|0|6|0|1
25,725|1,772|34,32|-1788,11|0|1|0|0,2|0|6|0|1
25,9|2,278|34,32|-1789,031|0|1|0|0,2|0|6|0|1
26,075|2,783|34,32|-1789,951|0|1|0|0,2|0|6|0|1
26,25|3,289|34,32|-1790,871|0|1|0|0,2|0|6|0|1
26,425|3,795|34,32|-1791,792|0|1|0|0,2|0|6|0|1
26,6|4,29|35,428|-1792,693|0|1|0|0,2|0|7|4|1
26,775|4,778|35,972|-1793,581|0|1|0|0,2|0|6|1|1
26,95|5,267|35,744|-1794,469|0|1|0|0,2|1|6|-2|1
27,125|5,755|35,752|-1795,357|0|1|0|0,2|1|7|3|1
27,3|6,242|36,211|-1796,245|0|1|0|0,2|1|6|3|1
27,475|6,729|36,243|-1797,134|0|1|0|0,2|0|7|-3|1
27,65|7,21|35,306|-1798,026|0|1|0|0,2|0|10|-8|1
27,825|7,647|34,32|-1798,943|0|1|0|0,2|0|6|0|1
28|7,931|34,32|-1799,95|0|1|0|0,1|0|6|0|1
28,175|8,126|34,32|-1800,981|0|1|0|0,1|0|6|0|1
28,35|8,247|34,32|-1802,024|0|1|0|0,1|0|6|0|1
28,525|8,338|34,32|-1803,07|0|1|0|0|0|6|0|1
28,7|7,839|34,32|-1803,88|0|0,9|0|-0,3|0|6|0|1
28,875|6,961|35,226|-1804,421|0|0,9|0|-0,5|0|8|6|1
29,05|6,082|35,891|-1804,924|0|-0,9|0|0,5|1|6|2|1
29,225|5,388|36,324|-1805,639|0|1|0|-0,2|1|6|3|1
29,4|5,079|36,787|-1806,599|0|1|0|-0,1|1|7|3|1
29,575|5,012|37,216|-1807,609|0|1|0|0|1|7|3|1
29,75|5,037|37,682|-1808,973|0|1|0|0|1|10|2|1
29,925|5,104|38,139|-1810,795|0|1|0|0|1|12|3|1
30,1|5,222|38,587|-1813|0|1|0|0|1|14|3|1
30,275|5,374|39,016|-1815,524|0|1|0|0|1|16|3|1
30,45|5,548|39,485|-1818,316|0|1|0|0|1|17|2|1
30,625|5,732|39,692|-1821,333|0|1|0|0|0|18|-2|1
30,8|6,133|38,971|-1824,346|0|0,9|0|0,4|0|17|-7|1
30,975|6,813|37,402|-1826,828|0|0,9|0|0,4|0|18|-12|1
31,15|7,658|35,126|-1828,813|0|0,9|0|0,4|0|19|-15|1
31,325|8,517|34,974|-1830,038|0|0,9|0|0,4|0|9|7|1
31,5|9,151|35,765|-1830,868|0|1|0|0,1|1|7|4|1
31,675|9,435|36,264|-1831,838|0|1|0|0,1|1|6|2|1
31,85|9,575|36,718|-1832,921|0|1|0|0|1|8|2|1
32,025|9,662|37,157|-1834,474|0|1|0|0|1|11|2|1
32,2|9,714|37,588|-1836,457|0|1|0|0|1|13|2|1
32,375|9,717|38,027|-1838,799|0|1|0|0|1|15|2|1
32,55|9,645|38,481|-1841,441|0|1|0|0|1|16|3|1
32,725|9,501|38,925|-1844,331|0|1|0|0|1|18|3|1
32,9|9,314|39,318|-1847,428|0|1|0|-0,1|0|18|0|1
33,075|9,126|38,887|-1850,281|0|1|0|-0,1|0|16|-6|1
33,25|8,949|37,562|-1852,668|0|1|0|-0,1|0|16|-10|1
33,425|8,787|35,488|-1854,664|0|1|0|-0,1|0|17|-14|1
33,6|8,649|34,32|-1856,198|0|1|0|-0,1|0|6|0|1
33,775|8,515|34,974|-1857,251|0|1|0|-0,1|0|9|7|1
33,95|8,379|35,765|-1858,213|0|1|0|-0,1|0|5|1|1
34,125|8,264|35,577|-1859,024|0|1|0|-0,1|0|6|-4|1
34,3|8,219|35,134|-1859,368|0|0,3|0|0,9|0|0|0|1
34,475|8,255|35,434|-1859,18|0|0,2|0|1|0|4|4|1
34,65|8,296|36,357|-1858,961|0|0,2|0|1|0|7|7|1
34,825|8,333|37,802|-1858,777|0|0,2|0|1|0|10|10|1
35|8,365|39,004|-1858,623|0|0,2|0|1|0|3|3|1
35,175|8,392|39,046|-1858,493|0|0,2|0|1|0|3|-3|1
35,35|8,411|38,117|-1858,409|0|0,6|0|0,8|0|8|-8|1
35,525|8,364|36,375|-1858,759|0|1|0|0,1|0|13|-12|1
35,7|8,278|34,32|-1859,37|0|1|0|0,1|0|2|2|1
35,875|8,262|34,32|-1859,486|0|1|0|0,1|0|0|0|1
36,05|8,244|34,32|-1859,604|0|1|0|0|0|5|0|1
36,225|8,1|34,32|-1860,571|0|1|0|-0,1|0|10|10|1
36,4|8,036|35,645|-1860,995|0|1|0|-0,1|0|7|7|1
36,575|7,985|37,022|-1861,35|0|1|0|-0,1|0|10|9|1
36,75|7,945|38,843|-1861,646|0|1|0|-0,1|0|12|12|1
36,925|7,913|41,038|-1861,893|0|1|0|-0,1|0|14|14|1
37,1|7,939|43,547|-1861,766|0|0,3|0|0,9|0|16|15|1
37,275|8,011|46,318|-1861,339|0|0,3|0|1|0|17|17|1
37,45|8,074|49,309|-1860,981|0|0,3|0|1|0|18|18|1
37,625|8,078|52,483|-1861,017|0|1|0|0,2|0|19|19|1
37,8|8,003|55,811|-1861,591|0|1|0|0|0|20|19|1
37,975|7,869|58,857|-1862,554|0|1|0|-0,1|1|14|12|1
38,15|7,723|60,481|-1863,557|0|1|0|-0,1|1|7|5|1
38,325|7,574|61,002|-1864,559|0|1|0|-0,1|1|6|3|1
38,5|7,425|61,497|-1865,561|0|1|0|-0,1|1|6|2|1
38,675|7,275|61,934|-1866,563|0|1|0|-0,1|1|6|2|1
38,85|7,126|61,933|-1867,565|0|1|0|-0,1|0|7|-3|1
39,025|6,976|60,968|-1868,568|0|1|0|-0,1|0|10|-8|1
39,2|6,826|59,196|-1869,57|0|1|0|-0,1|0|14|-13|1
39,375|6,677|56,749|-1870,572|0|1|0|-0,1|0|17|-16|1
39,55|6,535|55,61|-1871,592|0|1|0|-0,1|0|6|0|1
39,725|6,495|55,61|-1872,64|0|1|0|0|0|6|0|1
39,9|6,524|55,61|-1873,689|0|1|0|0|0|6|0|1
40,075|6,557|55,61|-1874,738|0|1|0|0|0|6|0|1
40,25|6,59|55,61|-1875,788|0|1|0|0|0|6|0|1
40,425|6,623|55,61|-1876,837|0|1|0|0|0|6|0|1
40,6|6,656|55,61|-1877,886|0|1|0|0|0|6|0|1
40,775|6,689|55,61|-1878,935|0|1|0|0|0|6|0|1
40,95|6,722|55,61|-1879,984|0|1|0|0|0|6|0|1
41,125|6,755|55,61|-1881,034|0|1|0|0|0|6|0|1
41,3|6,814|55,61|-1882,082|0|1|0|0|0|6|0|1
41,475|6,882|55,61|-1883,13|0|1|0|0|0|6|0|1
41,65|6,956|55,61|-1884,177|0|1|0|0|0|6|0|1
41,825|7,036|55,61|-1885,224|0|1|0|0|0|6|0|1
42|7,119|55,61|-1886,271|0|1|0|0|0|6|0|1
42,175|7,209|56,718|-1887,295|0|1|0|0|0|7|4|1
42,35|7,299|57,261|-1888,304|0|1|0|0|1|7|3|1
42,525|7,39|57,712|-1889,313|0|1|0|0|1|6|3|1
42,7|7,477|58,226|-1890,323|0|1|0|0|1|8|4|1
42,875|7,561|59,053|-1891,698|0|1|0|0|1|11|5|1
43,05|7,649|59,997|-1893,556|0|1|0|0|1|13|6|1
43,225|7,734|61,04|-1895,816|0|1|0|0|1|15|6|1
43,4|7,801|62,166|-1898,416|0|1|0|0|1|17|7|1
43,575|7,843|63,362|-1901,298|0|1|0|0|0|19|7|1
43,75|7,865|64,615|-1904,417|0|1|0|0|1|20|7|1
43,925|7,854|65,917|-1907,735|0|1|0|0|1|21|8|1
44,1|7,826|67,259|-1911,218|0|1|0|0|0|22|8|1
44,275|7,795|68,635|-1914,84|0|1|0|0|0|23|8|1
44,45|7,761|70,04|-1918,578|0|1|0|0|0|23|8|1
44,625|7,726|71,469|-1922,413|0|1|0|0|0|24|8|1
44,8|7,689|72,917|-1926,329|0|1|0|0|0|24|8|1
44,975|7,659|74,382|-1930,314|0|1|0|0|0|24|7|1
45,15|7,645|75,164|-1934,062|0|1|0|0|0|19|1|1
45,325|7,637|74,854|-1937,199|0|1|0|0|0|17|-5|1
45,5|7,63|73,63|-1939,824|0|1|0|0|0|16|-10|1
45,675|7,683|71,641|-1941,687|0|0,3|0|0,9|0|16|-14|1
45,85|7,838|69,012|-1942,707|0|0,2|0|1|0|17|-17|1
46,025|8,11|65,848|-1943,028|0|0,2|0|1|0|20|-20|1
46,2|8,293|64,43|-1942,64|0|0|0|1|0|6|0|1
46,375|7,536|64,43|-1942,106|0|-0,5|0|0,9|0|6|0|1
46,55|6,565|64,43|-1942,117|0|-0,8|0|0,6|0|6|0|1
46,725|6,184|64,43|-1942,993|0|1|0|-0,2|0|6|0|1
46,9|6,064|64,43|-1944,034|0|1|0|-0,1|0|6|0|1
47,075|6,02|64,43|-1945,082|0|1|0|0|0|6|0|1
47,25|6,07|64,43|-1946,131|0|1|0|0|0|6|0|1
47,425|6,145|64,43|-1947,178|0|1|0|0|0|6|0|1
47,6|6,22|64,43|-1948,225|0|1|0|0|0|6|0|1
47,775|6,247|64,43|-1949,275|0|1|0|0|0|6|0|1
47,95|6,202|64,112|-1950,272|0|1|0|0|0|8|-5|1
48,125|6,146|62,832|-1951,284|0|1|0|0|0|12|-10|1
48,3|6,089|60,797|-1952,296|0|1|0|0|1|13|-12|1
48,475|6,032|59,292|-1953,307|0|1|0|0|1|7|-4|1
48,65|5,975|58,962|-1954,318|0|1|0|0|1|6|2|1
48,825|5,918|59,414|-1955,33|0|1|0|0|1|6|2|1
49|5,86|59,875|-1956,341|0|1|0|0|1|7|3|1
49,175|5,803|60,33|-1957,352|0|1|0|0|0|6|2|1
49,35|5,745|60,181|-1958,364|0|1|0|0|0|7|-4|1
49,525|5,688|59,569|-1959,375|0|1|0|0|1|6|0|1
49,7|5,632|59,833|-1960,387|0|1|0|0|1|6|3|1
49,875|5,575|60,328|-1961,399|0|1|0|0|1|6|2|1
50,05|5,524|60,78|-1962,411|0|1|0|0|1|7|3|1
50,225|5,499|61,222|-1963,424|0|1|0|0|1|7|3|1
50,4|5,491|61,351|-1964,437|0|1|0|0|0|6|-3|1
50,575|5,489|60,736|-1965,45|0|1|0|0|1|6|-1|1
50,75|5,491|60,937|-1966,464|0|1|0|0|1|6|2|1
50,925|5,494|61,372|-1967,477|0|1|0|0|1|6|3|1
51,1|5,507|61,823|-1968,49|0|1|0|0|1|7|3|1
51,275|5,555|62,276|-1969,502|0|1|0|0|1|6|2|1
51,45|5,639|62,706|-1970,511|0|1|0|0,1|1|6|3|1
51,625|5,763|63,198|-1971,517|0|1|0|0,1|1|6|2|1
51,8|5,957|63,619|-1972,509|0|1|0|0,2|1|7|3|1
51,975|6,572|64,05|-1973,307|0|0,9|0|0,4|1|7|3|1
52,15|7,036|64,512|-1974,2|0|1|0|0,1|1|6|2|1
52,325|7,294|64,962|-1975,18|0|1|0|0,1|1|7|3|1
52,5|7,485|65,412|-1976,175|0|1|0|0,1|1|6|2|1
52,675|7,633|65,838|-1977,177|0|1|0|0,1|1|7|3|1
52,85|7,745|66,276|-1978,184|0|1|0|0|0|6|1|1
53,025|7,842|65,98|-1979,193|0|1|0|0|0|8|-5|1
53,2|7,92|64,767|-1980,203|0|1|0|0|0|6|0|1
53,375|7,935|64,43|-1981,239|0|1|0|0|0|6|0|1
53,55|7,889|64,43|-1982,288|0|1|0|0|0|6|0|1
53,725|7,836|64,43|-1983,336|0|1|0|0|0|6|0|1
53,9|7,784|64,43|-1984,385|0|1|0|0|0|6|0|1
54,075|7,742|65,084|-1985,427|0|1|0|0|0|9|7|1
54,25|7,703|65,875|-1986,439|0|1|0|0|1|7|4|1
54,425|7,666|66,374|-1987,452|0|1|0|0|1|6|2|1
54,6|7,631|66,828|-1988,464|0|1|0|0|0|6|2|1
54,775|7,595|66,757|-1989,477|0|1|0|0|0|7|-4|1
54,95|7,56|66,208|-1990,49|0|1|0|0|1|6|0|1
55,125|7,524|66,526|-1991,502|0|1|0|0|1|7|3|1
55,3|7,489|67,016|-1992,515|0|1|0|0|0|6|2|1
55,475|7,454|67|-1993,527|0|1|0|0|0|7|-4|1
55,65|7,418|66,807|-1994,54|0|1|0|0|1|6|2|1
55,825|7,383|67,253|-1995,552|0|1|0|0|0|6|1|1
56|7,348|66,95|-1996,565|0|1|0|0|1|6|-3|1
56,175|7,315|66,895|-1997,578|0|1|0|0|1|7|3|1
56,35|7,287|67,223|-1998,59|0|1|0|0|0|6|-1|1
56,525|7,267|66,917|-1999,604|0|1|0|0|1|6|0|1
56,7|7,26|67,293|-2000,617|0|1|0|0|1|7|3|1
56,875|7,267|67,45|-2001,63|0|1|0|0|0|6|-3|1
57,05|7,279|66,857|-2002,643|0|1|0|0|1|6|-1|1
57,225|7,296|67,077|-2003,656|0|1|0|0|0|6|2|1
57,4|7,313|67,027|-2004,669|0|1|0|0|0|7|-4|1
57,575|7,33|66,805|-2005,683|0|1|0|0|1|6|2|1
57,75|7,346|67,228|-2006,696|0|1|0|0|1|6|3|1
57,925|7,362|67,694|-2007,709|0|1|0|0|0|6|2|1
58,1|7,378|67,571|-2008,722|0|1|0|0|0|7|-4|1
58,275|7,394|66,504|-2009,735|0|1|0|0|0|11|-9|1
58,45|7,41|64,647|-2010,749|0|1|0|0|0|14|-13|1
58,625|7,416|63,712|-2011,154|0|1|0|0|0|16|-14|
58,8|7,416|63,712|-2011,154|0|1|0|0|0|16|-14|
58,975|7,416|63,712|-2011,154|0|1|0|0|0|16|-14|
59,15|7,416|63,712|-2011,154|0|1|0|0|0|16|-14|
59,325|7,416|63,712|-2011,154|0|1|0|0|0|16|-14|
59,5|7,416|63,712|-2011,154|0|1|0|0|0|16|-14|
59,675|8,018|65,04|-1941,02|0|1|0|0|0|6|-6|1
59,85|8,018|64,43|-1941,02|0|1|0|0|0|0|0|1
60,025|8,018|64,43|-1941,02|0|1|0|0|0|0|0|1
60,2|8,018|64,43|-1941,02|0|1|0|0|0|0|0|1
60,375|8,029|64,43|-1941,701|0|1|0|0|0|6|0|1
60,55|8,045|64,43|-1942,744|0|1|0|0|0|6|0|1
60,725|8,062|64,43|-1943,794|0|1|0|0|0|6|0|1
60,9|8,112|64,43|-1944,842|0|1|0|0|0|6|0|1
61,075|8,271|64,43|-1945,88|0|1|0|0,1|0|6|0|1
61,25|8,463|64,43|-1946,912|0|1|0|0,1|0|6|0|1
61,425|8,66|64,43|-1947,944|0|1|0|0,1|0|6|0|1
61,6|8,819|64,78|-1948,981|0|1|0|0,1|0|10|8|1
61,775|8,929|65,785|-1949,988|0|1|0|0|0|6|2|1
61,95|9,032|65,642|-1950,996|0|1|0|0|0|7|-4|1
62,125|9,13|64,558|-1952,005|0|1|0|0|0|11|-9|1
62,3|9,226|62,768|-1953,014|0|1|0|0|1|10|-8|1
62,475|9,592|61,767|-1953,941|0|0,9|0|0,3|1|6|-2|1
62,65|10,275|61,858|-1954,688|0|0,9|0|0,4|1|7|3|1
62,825|10,709|62,248|-1955,595|0|1|0|0,1|0|6|0|1
63|10,945|61,811|-1956,58|0|1|0|0|0|8|-6|1
63,175|11,081|60,722|-1957,583|0|1|0|0|1|7|-4|1
63,35|11,137|60,526|-1958,595|0|1|0|0|1|6|2|1
63,525|11,166|60,969|-1959,608|0|1|0|0|1|6|3|1
63,7|11,187|61,483|-1960,621|0|1|0|0|0|6|2|1
63,875|11,206|61,415|-1961,634|0|1|0|0|0|7|-4|1
64,05|11,219|60,87|-1962,647|0|1|0|0|1|6|0|1
64,225|11,213|61,19|-1963,661|0|1|0|0|1|7|3|1
64,4|11,195|61,676|-1964,674|0|1|0|0|1|6|2|1
64,575|11,169|62,102|-1965,687|0|1|0|0|1|6|3|1
64,75|11,139|62,557|-1966,7|0|1|0|0|1|7|3|1
64,925|11,095|63,032|-1967,712|0|1|0|0|1|6|2|1
65,1|11,036|63,284|-1968,723|0|1|0|0|0|6|-2|1
65,275|10,972|62,68|-1969,734|0|1|0|0|1|6|-2|1
65,45|10,869|62,672|-1970,742|0|1|0|-0,1|1|7|3|1
65,625|10,658|63,117|-1971,733|0|1|0|-0,1|1|7|3|1
65,8|10,373|63,605|-1972,705|0|1|0|-0,2|1|6|2|1
65,975|10,029|64,037|-1973,658|0|1|0|-0,2|1|6|3|1
66,15|9,638|64,487|-1974,593|0|1|0|-0,2|1|6|3|1
66,325|9,233|64,951|-1975,521|0|1|0|-0,2|1|6|2|1
66,5|8,827|65,417|-1976,45|0|1|0|-0,2|1|7|3|1
66,675|8,438|65,88|-1977,385|0|1|0|-0,2|1|6|3|1
66,85|8,083|65,892|-1978,335|0|1|0|-0,2|0|7|-3|1
67,025|7,764|64,938|-1979,296|0|1|0|-0,1|0|10|-8|1
67,2|7,491|64,43|-1980,289|0|1|0|-0,1|0|6|0|1
67,375|7,26|64,43|-1981,312|0|1|0|-0,1|0|6|0|1
67,55|7,084|64,43|-1982,347|0|1|0|-0,1|0|6|0|1
67,725|6,942|64,43|-1983,388|0|1|0|-0,1|0|6|0|1
67,9|6,854|64,43|-1984,434|0|1|0|0|0|6|0|1
68,075|6,881|64,352|-1985,474|0|1|0|0|1|12|10|1
68,25|6,931|65,606|-1986,486|0|1|0|0|0|6|3|1
68,425|6,984|66,119|-1987,498|0|1|0|0|1|6|2|1
68,6|7,038|66,556|-1988,51|0|1|0|0|1|6|2|1
68,775|7,093|66,985|-1989,522|0|1|0|0|1|6|3|1
68,95|7,146|67,243|-1990,534|0|1|0|0|0|6|-2|1
69,125|7,195|66,541|-1991,546|0|1|0|0|1|7|-5|1
69,3|7,24|66,152|-1992,558|0|1|0|0|1|6|1|1
69,475|7,28|66,593|-1993,57|0|1|0|0|1|6|2|1
69,65|7,318|67,003|-1994,583|0|1|0|0|1|6|3|1
69,825|7,355|67,449|-1995,595|0|1|0|0|0|6|0|1
70|7,392|67,035|-1996,608|0|1|0|0|1|7|-3|1
70,175|7,429|66,888|-1997,621|0|1|0|0|1|6|3|1
70,35|7,465|67,372|-1998,633|0|1|0|0|0|6|1|1
70,525|7,5|67,093|-1999,646|0|1|0|0|0|8|-5|1
70,7|7,536|66,372|-2000,658|0|1|0|0|1|6|-1|1
70,875|7,571|66,628|-2001,671|0|1|0|0|0|6|2|1
71,05|7,605|67,001|-2002,683|0|1|0|0|1|7|3|1
71,226|7,638|67,35|-2003,696|0|1|0|0|0|6|-1|1
71,401|7,671|66,829|-2004,709|0|1|0|0|0|8|-6|1
71,576|7,703|66,212|-2005,721|0|1|0|0|1|6|0|1
71,751|7,721|66,543|-2006,734|0|1|0|0|1|7|3|1
71,926|7,715|67,012|-2007,748|0|1|0|0|1|6|2|1
72,101|7,698|66,928|-2008,761|0|1|0|0|0|7|-4|1
72,276|7,679|65,974|-2009,774|0|1|0|0|1|7|-4|1
72,451|7,657|65,672|-2010,787|0|1|0|0|1|6|2|1
72,626|7,634|66,126|-2011,8|0|1|0|0|1|7|3|1
72,801|7,611|66,569|-2012,813|0|1|0|0|1|7|3|1
72,976|7,588|67,037|-2013,827|0|1|0|0|1|6|2|1
73,151|7,565|67,256|-2014,84|0|1|0|0|0|6|-2|1
73,326|7,542|67,021|-2015,853|0|1|0|0|1|6|2|1
73,501|7,519|67,443|-2016,866|0|1|0|0|0|6|2|1
73,676|7,496|67,291|-2017,879|0|1|0|0|0|7|-4|1
73,851|7,473|66,676|-2018,893|0|1|0|0|1|6|0|1
74,026|7,45|66,939|-2019,906|0|1|0|0|0|6|1|1
74,201|7,427|66,627|-2020,919|0|1|0|0|0|8|-5|1
74,376|7,404|65,402|-2021,932|0|1|0|0|1|9|-7|1
74,551|7,381|64,576|-2022,945|0|1|0|0|1|6|-1|1
74,726|7,358|64,814|-2023,958|0|1|0|0|1|6|2|1
74,901|7,335|65,237|-2024,972|0|1|0|0|1|6|3|1
75,076|7,312|65,752|-2025,985|0|1|0|0|1|6|2|1
75,251|7,289|66,185|-2026,998|0|1|0|0|1|6|3|1
75,426|7,266|66,667|-2028,011|0|1|0|0|1|7|3|1
75,601|7,243|67,126|-2029,024|0|1|0|0|1|6|2|1
75,776|7,221|67,597|-2030,038|0|1|0|0|0|6|2|1
75,951|7,201|67,566|-2031,051|0|1|0|0|0|7|-4|1
76,126|7,187|66,574|-2032,064|0|1|0|0|0|10|-9|1
76,301|7,175|64,781|-2033,077|0|1|0|0|0|6|0|1
76,476|7,166|64,43|-2034,114|0|1|0|0|0|6|0|1
76,651|7,158|64,43|-2035,164|0|1|0|0|0|6|0|1
76,826|7,15|64,43|-2036,214|0|1|0|0|0|6|0|1
77,001|7,141|64,43|-2037,264|0|1|0|0|0|6|0|1
77,176|7,134|64,43|-2038,313|0|1|0|0|0|6|-3|1
77,351|7,127|65,385|-2039,303|0|1|0|0|0|7|4|1
77,526|7,12|65,927|-2040,316|0|1|0|0|1|7|3|1
77,701|7,113|66,065|-2041,329|0|1|0|0|0|6|-3|1
77,876|7,106|65,296|-2042,343|0|1|0|0|1|7|-3|1
78,051|7,099|65,149|-2043,356|0|1|0|0|1|6|3|1
78,226|7,093|65,633|-2044,369|0|1|0|0|1|7|3|1
78,401|7,106|66,089|-2045,382|0|1|0|0|1|7|4|1
78,576|7,134|66,589|-2046,395|0|1|0|0|1|6|2|1
78,751|7,166|67,05|-2047,408|0|1|0|0|0|6|2|1
78,926|7,199|66,994|-2048,42|0|1|0|0|0|7|-4|1
79,101|7,232|66,064|-2049,434|0|1|0|0|1|7|-4|1
79,276|7,266|65,781|-2050,447|0|1|0|0|1|6|2|1
79,451|7,299|66,186|-2051,46|0|1|0|0|1|6|3|1
79,626|7,333|66,594|-2052,473|0|1|0|0|0|6|0|1
79,801|7,366|66,134|-2053,486|0|1|0|0|0|8|-6|1
79,976|7,4|65,262|-2054,5|0|1|0|0|1|6|-2|1
80,151|7,434|65,39|-2055,513|0|1|0|0|1|6|2|1
80,326|7,467|65,819|-2056,526|0|1|0|0|1|7|3|1
80,501|7,501|66,264|-2057,539|0|1|0|0|1|7|3|1
80,676|7,616|66,706|-2058,542|0|1|0|0,2|1|7|3|1
80,852|8,221|67,162|-2059,344|0|0,9|0|0,4|1|6|2|1
81,027|9,019|67,592|-2059,968|0|0,9|0|0,5|1|6|2|1
81,202|9,859|68,043|-2060,534|0|0,9|0|0,5|1|6|3|1
81,377|10,71|68,525|-2061,084|0|0,9|0|0,5|1|6|2|1
81,552|11,563|68,985|-2061,631|0|0,9|0|0,5|1|7|3|1
81,727|12,418|69,438|-2062,175|0|0,9|0|0,5|1|6|3|1
81,902|13,272|69,635|-2062,72|0|0,9|0|0,5|0|6|-2|1
82,077|14,127|68,865|-2063,264|0|0,9|0|0,5|0|9|-7|1
82,252|14,981|67,257|-2063,809|0|0,9|0|0,5|1|11|-9|1
82,427|15,836|66,11|-2064,353|0|0,9|0|0,5|1|6|-3|1
82,602|16,69|66,08|-2064,898|0|0,9|0|0,5|1|7|3|1
82,777|17,54|66,429|-2065,45|0|0,9|0|0,5|0|6|-1|1
82,952|18,382|65,899|-2066,012|0|0,9|0|0,5|0|8|-6|1
83,127|19,215|64,967|-2066,589|0|0,9|0|0,5|1|6|-2|1
83,302|20,041|65,046|-2067,176|0|0,9|0|0,5|1|7|4|1
83,477|20,788|65,538|-2067,847|0|1|0|0,3|1|6|2|1
83,652|21,134|65,967|-2068,795|0|1|0|0,1|1|6|2|1
83,827|21,3|66,428|-2069,794|0|1|0|0,1|0|6|1|1
84,002|21,424|66,131|-2070,8|0|1|0|0|0|8|-5|1
84,177|21,537|64,999|-2071,807|0|1|0|0|1|8|-5|1
84,352|21,639|64,548|-2072,815|0|1|0|0|1|6|1|1
84,527|21,737|64,937|-2073,823|0|1|0|0|1|6|2|1
84,702|21,835|65,366|-2074,832|0|1|0|0|1|7|3|1
84,877|21,932|65,811|-2075,84|0|1|0|0|1|6|3|1
85,052|22,024|66,29|-2076,849|0|1|0|0|1|7|3|1
85,227|21,988|66,756|-2077,859|0|1|0|-0,1|1|6|2|1
85,402|21,661|67,216|-2078,814|0|1|0|-0,2|1|6|3|1
85,577|21,146|67,659|-2079,686|0|1|0|-0,3|1|6|3|1
85,752|20,536|68,135|-2080,495|0|0,9|0|-0,3|1|7|3|1
85,927|19,872|68,622|-2081,259|0|0,9|0|-0,4|1|6|2|1
86,102|19,17|69,059|-2081,99|0|0,9|0|-0,4|1|6|3|1
86,277|18,458|69,283|-2082,711|0|0,9|0|-0,4|0|6|-2|1
86,452|17,744|68,543|-2083,43|0|0,9|0|-0,4|1|8|-5|1
86,627|17,028|68,122|-2084,147|0|0,9|0|-0,4|1|6|1|1
86,802|16,312|68,537|-2084,864|0|0,9|0|-0,4|1|6|2|1
86,977|15,596|68,421|-2085,58|0|0,9|0|-0,4|0|7|-4|1
87,152|14,879|68,143|-2086,297|0|0,9|0|-0,4|1|6|2|1
87,327|14,163|68,53|-2087,013|0|0,9|0|-0,4|0|6|0|1
87,502|13,446|68,265|-2087,73|0|0,9|0|-0,4|1|6|-1|1
87,677|12,73|68,535|-2088,446|0|0,9|0|-0,4|1|6|2|1
87,852|12,019|68,508|-2089,168|0|0,9|0|-0,4|0|7|-4|1
88,027|11,34|68,305|-2089,92|0|0,9|0|-0,3|1|6|2|1
88,202|10,702|68,584|-2090,707|0|0,9|0|-0,3|0|6|-2|1
88,377|10,078|67,921|-2091,505|0|0,9|0|-0,3|0|9|-7|1
88,552|9,468|66,483|-2092,314|0|1|0|-0,3|1|9|-7|1
88,727|8,893|65,776|-2093,148|0|1|0|-0,3|1|6|0|1
88,902|8,366|66,032|-2094,013|0|1|0|-0,3|0|6|1|1
89,077|7,854|65,716|-2094,887|0|1|0|-0,3|0|8|-5|1
89,252|7,348|64,567|-2095,765|0|1|0|-0,3|1|8|-5|1
89,427|6,878|64,103|-2096,663|0|1|0|-0,2|1|6|1|1
89,602|6,559|64,481|-2097,622|0|1|0|-0,1|1|6|2|1
89,777|6,472|64,95|-2098,63|0|1|0|0|1|7|3|1
89,952|6,485|65,399|-2099,644|0|1|0|0|1|7|3|1
90,127|6,526|65,873|-2100,656|0|1|0|0|1|6|2|1
90,303|6,574|66,298|-2101,668|0|1|0|0|1|7|3|1
90,478|6,628|66,411|-2102,68|0|1|0|0|0|6|-3|1
90,653|6,719|66,024|-2103,689|0|1|0|0,1|1|6|1|1
90,828|6,874|66,396|-2104,69|0|1|0|0,1|1|6|3|1
91,003|7,066|66,887|-2105,685|0|1|0|0,1|1|7|3|1
91,178|7,27|67,368|-2106,677|0|1|0|0,1|1|6|2|1
91,353|7,477|67,804|-2107,67|0|1|0|0,1|1|7|3|1
91,528|7,68|67,894|-2108,663|0|1|0|0,1|0|7|-3|1
91,703|7,865|67,246|-2109,659|0|1|0|0,1|1|6|-1|1
91,878|8,027|67,419|-2110,659|0|1|0|0,1|1|6|2|1
92,053|8,168|67,833|-2111,662|0|1|0|0,1|1|6|3|1
92,228|8,288|68,319|-2112,668|0|1|0|0,1|1|6|2|1
92,403|8,397|68,765|-2113,676|0|1|0|0|1|7|3|1
92,578|8,497|68,889|-2114,684|0|1|0|0|0|6|-3|1
92,753|8,592|68,028|-2115,693|0|1|0|0|0|10|-8|1
92,928|8,675|66,343|-2116,703|0|1|0|0|0|13|-12|1
93,103|8,743|64,429|-2117,714|0|1|0|0|0|6|0|1
93,278|8,781|64,43|-2118,758|0|1|0|0|0|6|0|1
93,453|8,801|64,43|-2119,807|0|1|0|0|0|6|0|1
93,628|8,815|64,43|-2120,857|0|1|0|0|0|6|0|1
93,803|8,807|64,43|-2121,907|0|1|0|0|0|6|0|1
93,978|8,788|64,43|-2122,957|0|1|0|0|0|6|0|1
94,153|8,761|64,43|-2124,007|0|1|0|0|0|6|0|1
94,328|8,732|64,43|-2125,056|0|1|0|0|0|6|0|1
94,503|8,702|64,43|-2126,106|0|1|0|0|0|6|0|1
94,678|8,673|64,43|-2127,156|0|1|0|0|0|6|0|1
94,853|8,471|64,43|-2128,169|0|1|0|-0,1|0|6|0|1
95,028|7,616|64,43|-2128,583|0|-0,8|0|0,6|0|6|0|1
95,203|6,716|64,43|-2128,094|0|-0,5|0|0,8|0|3|0|1
95,378|6,584|64,43|-2128|0|-0,5|0|0,8|0|0|0|1
95,553|6,582|64,43|-2127,999|0|-0,5|0|0,8|0|0|0|1
95,728|5,984|64,43|-2128,307|0|-0,8|0|0,6|0|6|0|1
95,903|5,306|64,43|-2129,09|0|0,9|0|-0,4|0|6|0|1
96,078|4,814|64,43|-2130,014|0|1|0|-0,2|0|6|0|1
96,253|4,479|64,43|-2131,008|0|1|0|-0,2|0|6|0|1
96,428|4,356|64,43|-2131,565|0|1|0|-0,1|0|0|0|1
96,603|4,353|64,43|-2131,579|0|1|0|-0,1|0|0|0|1
96,778|5,029|64,43|-2131,498|0|0,8|0|0,6|0|6|0|1
96,953|6,063|64,43|-2131,353|0|0,7|0|0,7|0|6|0|1
97,128|7,102|64,43|-2131,207|0|0,7|0|0,8|0|6|0|1
97,303|8,142|64,43|-2131,06|0|0,7|0|0,8|0|6|0|1
97,478|9,182|64,43|-2130,914|0|0,7|0|0,8|0|6|0|1
97,653|10,221|64,43|-2130,767|0|0,7|0|0,8|0|6|0|1
97,828|11,263|64,43|-2130,637|0|0,7|0|0,7|0|6|0|1
98,003|11,833|64,43|-2130,605|0|0,7|0|0,7|0|0|0|1
98,178|11,847|64,43|-2130,604|0|0,7|0|0,7|0|0|0|1
98,353|11,847|64,43|-2130,604|0|0,7|0|0,7|0|0|0|1
98,528|11,847|64,43|-2130,604|0|0,7|0|0,7|0|0|0|1
98,703|11,847|64,43|-2130,604|0|0,7|0|0,7|0|0|0|1
98,878|11,847|64,43|-2130,604|0|0,7|0|0,7|0|0|0|1
99,053|11,847|64,43|-2130,604|0|0,7|0|0,7|0|0|0|1
99,228|11,847|64,43|-2130,604|0|0,7|0|0,7|0|0|0|1
99,403|11,847|64,43|-2130,604|0|0,7|0|0,7|0|0|0|1
99,578|11,847|64,43|-2130,604|0|0,7|0|0,7|0|0|0|1
99,753|11,847|64,43|-2130,604|0|0,7|0|0,7|0|3|0|1
99,929|11,495|64,43|-2129,79|0|0|0|1|0|6|0|1
100,104|11,083|64,43|-2128,827|0|-0,2|0|1|0|6|0|1
100,279|10,67|64,43|-2127,861|0|-0,2|0|1|0|6|0|1
100,454|10,24|64,43|-2126,904|0|-0,2|0|1|0|6|0|1
100,629|9,958|64,43|-2125,916|0|-0,1|0|1|0|6|0|1
100,804|10,517|64,43|-2125,094|0|0,3|0|0,9|0|6|0|1
100,979|11,455|64,43|-2124,639|0|0,5|0|0,9|0|6|0|1
101,154|12,47|64,43|-2124,379|0|0,6|0|0,8|0|6|0|1
101,329|13,504|64,43|-2124,196|0|0,6|0|0,8|0|6|0|1
101,504|14,54|64,43|-2124,024|0|0,6|0|0,8|0|6|0|1
101,679|15,575|64,43|-2123,85|0|0,6|0|0,8|0|6|0|1
101,854|16,495|64,43|-2123,396|0|0,5|0|0,9|0|6|0|1
102,029|16,892|64,43|-2122,471|0|0,2|0|1|0|6|0|1
102,204|16,525|64,43|-2121,518|0|-0,2|0|1|0|6|0|1
102,379|15,929|64,43|-2120,655|0|-0,3|0|1|0|6|0|1
102,554|15,326|64,43|-2119,796|0|-0,3|0|1|0|6|0|1
102,729|14,746|64,43|-2118,921|0|-0,3|0|1|0|6|0|1
102,904|14,35|64,43|-2117,956|0|-0,2|0|1|0|6|0|1
103,079|14,324|64,43|-2116,915|0|0|0|1|0|6|0|1
103,254|14,575|64,081|-2115,938|0|0,1|0|1|0|8|-5|1
103,429|14,892|62,824|-2114,976|0|0,2|0|1|0|11|-10|1
103,604|15,241|60,808|-2114,025|0|0,2|0|1|0|15|-14|1
103,779|15,601|58,156|-2113,1|0|0,2|0|1|0|18|-17|1
103,954|15,911|54,972|-2112,31|0|0,2|0|1|0|20|-20|1