0|2,618|-13,642|91,78|0|1|0|0|0|1|-1|1
0,175|2,618|-14,234|91,78|0|1|0|0|0|7|-7|1
0,35|2,618|-14,635|91,78|0|1|0|0|0|0|0|1
0,525|2,618|-14,635|91,78|0|1|0|0|0|0|0|1
0,7|2,618|-14,635|91,78|0|1|0|0|0|0|0|1
0,875|2,618|-14,635|91,78|0|1|0|0|0|0|0|1
1,05|2,618|-14,635|91,78|0|1|0|0|0|0|0|1
1,225|2,618|-14,635|91,78|0|1|0|0|0|0|0|1
1,4|2,618|-14,635|91,78|0|1|0|0|0|0|0|1
1,575|2,618|-14,635|91,78|0|1|0|0|0|0|0|1
1,75|2,618|-14,635|91,78|0|1|0|0|0|0|0|1
1,925|2,618|-14,635|91,78|0|1|0|0|0|0|0|1
2,1|2,618|-14,635|91,78|0|1|0|0|0|0|0|1
2,275|2,618|-14,635|91,78|0|1|0|0|0|0|0|1
2,45|2,618|-14,635|91,78|0|1|0|0|0|0|0|1
2,625|2,618|-14,635|91,78|0|1|0|0|0|0|0|1
2,8|2,618|-14,635|91,78|0|1|0|0|0|0|0|1
2,975|2,618|-14,635|91,78|0|1|0|0|0|0|0|1
3,15|2,618|-14,635|91,78|0|1|0|0|0|0|0|1
3,325|2,618|-14,635|91,78|0|1|0|0|0|0|0|1
3,5|2,618|-14,635|91,78|0|1|0|0|0|0|0|1
3,675|2,618|-14,635|91,78|0|1|0|0|0|0|0|1
3,85|2,618|-14,635|91,78|0|1|0|0|0|0|0|1
4,025|2,618|-14,635|91,78|0|1|0|0|0|0|0|1
4,2|2,618|-14,635|91,78|0|1|0|0|0|0|0|1
4,375|2,618|-14,635|91,78|0|1|0|0|0|0|0|1
4,55|2,618|-14,635|91,78|0|1|0|0|0|0|0|1
4,725|2,618|-14,635|91,78|0|1|0|0|0|0|0|1
4,9|2,618|-14,635|91,78|0|1|0|0|0|0|0|1
5,075|2,618|-14,635|91,78|0|1|0|0|0|0|0|1
5,25|2,618|-14,635|91,78|0|1|0|0|0|0|0|1
5,425|2,735|-14,635|91,787|0|1|0|0,2|0|5|0|1
5,6|3,708|-14,635|91,893|0|0,7|0|0,7|0|6|0|1
5,775|4,744|-14,635|92,051|0|0,7|0|0,7|0|6|0|1
5,95|5,72|-14,635|91,932|0|0,8|0|0,6|0|6|0|1
6,125|6,309|-14,635|91,159|0|1|0|0,3|0|6|0|1
6,3|6,369|-14,635|90,407|0|1|0|0,1|0|1|0|1
6,475|6,371|-14,635|90,376|0|1|0|0,1|0|0|0|1
6,65|6,371|-14,635|90,376|0|1|0|0,1|0|0|0|1
6,825|6,371|-14,635|90,376|0|1|0|0,1|0|0|0|1
7|6,371|-14,635|90,376|0|1|0|0,1|0|0|0|1
7,175|6,476|-14,635|89,703|0|1|0|0,1|0|6|0|1
7,35|6,553|-14,635|88,663|0|1|0|0|0|6|0|1
7,525|6,584|-14,635|87,614|0|1|0|0|0|6|0|1
7,7|6,575|-14,635|86,564|0|1|0|0|0|6|0|1
7,875|6,335|-14,635|85,609|0|1|0|-0,2|0|6|0|1
8,05|5,557|-14,635|84,919|0|0,9|0|-0,4|0|6|0|1
8,225|4,746|-14,635|84,291|0|0,9|0|-0,5|0|6|0|1
8,4|3,722|-14,635|84,131|0|-0,8|0|0,6|0|6|0|1
8,575|2,68|-14,635|84,004|0|-0,8|0|0,7|0|6|0|1
8,75|1,638|-14,635|83,878|0|-0,7|0|0,7|0|6|0|1
8,925|0,595|-14,635|83,752|0|-0,7|0|0,7|0|6|0|1
9,1|-0,162|-14,635|83,653|0|-0,8|0|0,7|0|1|0|1
9,275|-0,193|-14,635|83,649|0|-0,8|0|0,7|0|0|0|1
9,45|-0,193|-14,635|83,649|0|-0,8|0|0,7|0|0|0|1
9,625|0,089|-14,635|83,599|0|1|0|0|0|5|0|1
9,8|1,072|-14,635|83,338|0|0,9|0|0,5|0|6|0|1
9,975|2,025|-14,635|82,903|0|0,9|0|0,5|0|6|0|1
10,15|3,005|-14,635|82,534|0|0,8|0|0,6|0|6|0|1
10,325|4,04|-14,635|82,374|0|0,8|0|0,7|0|6|0|1
10,5|5,089|-14,635|82,339|0|0,7|0|0,7|0|6|0|1
10,675|5,852|-14,635|82,323|0|0,7|0|0,7|0|1|0|1
10,85|5,884|-14,635|82,322|0|0,7|0|0,7|0|0|0|1
11,025|5,884|-14,635|82,322|0|0,7|0|0,7|0|0|0|1
11,2|5,767|-14,635|82,33|0|0,3|0|0,9|0|5|0|1
11,375|4,792|-14,635|82,407|0|-0,5|0|0,9|0|6|0|1
11,55|3,747|-14,635|82,503|0|-0,6|0|0,8|0|3|0|1
11,725|3,649|-14,635|83,196|0|-0,1|0|1|0|6|0|1
11,9|3,774|-14,635|84,232|0|0|0|1|0|6|0|1
12,075|3,936|-14,635|85,269|0|0,1|0|1|0|6|0|1
12,25|4,098|-14,635|86,307|0|0,1|0|1|0|6|0|1
12,425|4,248|-14,635|87,346|0|0,1|0|1|0|6|0|1
12,6|4,393|-14,635|88,386|0|0,1|0|1|0|6|0|1
12,775|4,538|-14,635|89,426|0|0,1|0|1|0|6|0|1
12,95|4,644|-14,635|90,182|0|0,1|0|1|0|1|0|1
13,125|4,648|-14,635|90,213|0|0,1|0|1|0|0|0|1
13,3|4,615|-14,635|89,928|0|0,8|0|0,7|0|5|0|1
13,475|4,507|-14,635|88,916|0|1|0|0,1|0|6|0|1
13,65|4,409|-14,635|87,871|0|1|0|0|0|6|0|1
13,825|4,321|-14,635|86,825|0|1|0|0|0|6|0|1
14|4,239|-14,635|85,778|0|1|0|0|0|6|0|1
14,175|4,16|-13,729|84,746|0|1|0|0|0|8|6|1
14,35|4,084|-13,064|83,735|0|1|0|0|1|6|2|1
14,525|4,007|-12,631|82,725|0|1|0|0|1|6|3|1
14,7|3,931|-12,168|81,714|0|1|0|0|1|7|3|1
14,875|3,854|-11,739|80,704|0|1|0|0|1|6|3|1
15,05|3,764|-11,273|79,695|0|1|0|0|1|6|2|1
15,225|3,57|-10,797|78,709|0|1|0|-0,2|1|6|2|1
15,4|2,954|-10,364|77,909|0|0,9|0|-0,4|1|6|3|1
15,575|2,205|-9,894|77,226|0|0,9|0|-0,4|1|7|3|1
15,75|1,425|-9,402|76,58|0|0,9|0|-0,4|1|6|2|1
15,925|0,637|-8,959|75,943|0|0,9|0|-0,4|1|6|3|1
16,1|-0,152|-8,446|75,307|0|0,9|0|-0,4|1|6|2|1
16,275|-0,904|-8,009|74,633|0|1|0|-0,3|1|6|2|1
16,45|-1,253|-7,587|73,69|0|1|0|-0,1|1|6|3|1
16,625|-1,333|-7,12|72,681|0|1|0|0|1|6|2|1
16,8|-1,276|-6,697|71,67|0|1|0|0,1|1|6|3|1
16,975|-1,143|-6,185|70,665|0|1|0|0,1|1|6|2|1
17,15|-0,703|-5,747|69,772|0|0,9|0|0,4|1|6|2|1
17,325|0,053|-5,319|69,1|0|0,9|0|0,5|1|7|3|1
17,5|0,781|-4,961|68,404|0|1|0|0,2|0|6|-1|1
17,675|1,297|-5,483|67,534|0|1|0|0,1|0|8|-6|1
17,85|1,678|-6,884|66,596|0|1|0|0,1|0|6|0|1
18,025|1,921|-6,976|65,59|0|1|0|0,1|0|6|0|1
18,2|2,118|-6,976|64,559|0|1|0|0,1|0|6|0|1
18,375|2,306|-6,976|63,526|0|1|0|0,1|0|6|0|1
18,55|2,455|-6,976|62,486|0|1|0|0,1|0|6|0|1
18,725|2,582|-6,976|61,444|0|1|0|0,1|0|6|0|1
18,9|2,702|-6,976|60,401|0|1|0|0,1|0|6|0|1
19,075|2,813|-6,976|59,357|0|1|0|0,1|0|6|0|1
19,25|2,907|-6,976|58,311|0|1|0|0|0|6|0|1
19,425|2,982|-6,976|57,264|0|1|0|0|0|6|0|1
19,6|3,035|-6,975|56,215|0|1|0|0|0|6|0|1
19,775|3,079|-6,975|55,166|0|1|0|0|0|6|0|1
19,95|3,118|-6,975|54,117|0|1|0|0|0|6|0|1
20,125|3,154|-6,975|53,067|0|1|0|0|0|6|0|1
20,3|3,182|-6,975|52,018|0|1|0|0|0|6|0|1
20,475|3,196|-6,975|50,968|0|1|0|0|0|6|0|1
20,65|3,202|-6,975|49,918|0|1|0|0|0|6|0|1
20,825|3,198|-6,975|48,868|0|1|0|0|0|6|0|1
21|3,178|-6,975|47,818|0|1|0|0|0|12|10|1
21,175|3,149|-5,721|46,798|0|1|0|0|0|6|3|1
21,35|3,112|-5,208|45,785|0|1|0|0|1|6|2|1
21,525|3,065|-4,771|44,773|0|1|0|0|0|6|2|1
21,7|3,017|-4,906|43,761|0|1|0|0|0|7|-4|1
21,875|2,967|-5,742|42,749|0|1|0|0|1|6|-2|1
22,05|2,917|-5,726|41,737|0|1|0|0|1|7|3|1
22,225|2,867|-5,26|40,725|0|1|0|0|1|6|2|1
22,4|2,816|-4,961|39,713|0|1|0|0|0|6|-2|1
22,575|2,766|-5,607|38,701|0|1|0|0|0|9|-7|1
22,75|2,715|-6,328|37,689|0|1|0|0|1|6|0|1
22,925|2,665|-6,079|36,677|0|1|0|0|1|6|3|1
23,1|2,615|-5,602|35,665|0|1|0|0|1|6|2|1
23,275|2,564|-5,177|34,653|0|1|0|0|1|6|3|1
23,45|2,514|-4,673|33,641|0|1|0|0|1|6|2|1
23,625|2,464|-4,232|32,629|0|1|0|0|1|6|2|1
23,8|2,413|-3,815|31,617|0|1|0|0|1|7|3|1
23,975|2,363|-3,354|30,605|0|1|0|0|0|6|2|1
24,15|2,312|-3,496|29,593|0|1|0|0|0|7|-4|1
24,325|2,262|-4,58|28,581|0|1|0|0|0|11|-9|1
24,5|2,212|-6,451|27,569|0|1|0|0|0|14|-13|1
24,675|2,161|-6,978|26,54|0|1|0|0|0|6|0|1
24,85|2,112|-6,978|25,492|0|1|0|0|0|6|0|1
25,025|2,068|-6,978|24,443|0|1|0|0|0|6|0|1
25,2|2,026|-6,978|23,394|0|1|0|0|0|6|0|1
25,375|1,987|-6,978|22,344|0|1|0|0|0|6|0|1
25,55|1,947|-6,978|21,295|0|1|0|0|0|6|0|1
25,725|1,909|-6,978|20,246|0|1|0|0|0|6|0|1
25,9|1,871|-6,978|19,197|0|1|0|0|0|6|0|1
26,075|1,834|-6,978|18,147|0|1|0|0|0|6|0|1
26,25|1,793|-6,978|17,098|0|1|0|0|0|6|0|1
26,425|1,745|-6,978|16,049|0|1|0|0|0|6|0|1
26,6|1,693|-6,978|15|0|1|0|0|0|6|0|1
26,775|1,637|-6,978|13,952|0|1|0|0|0|6|0|1
26,95|1,101|-6,978|13,137|0|0,9|0|-0,3|0|6|0|1
27,125|0,301|-6,978|12,46|0|0,9|0|-0,4|0|6|0|1
27,3|-0,513|-6,978|11,798|0|0,9|0|-0,4|0|6|0|1
27,475|-1,329|-6,978|11,137|0|0,9|0|-0,4|0|6|0|1
27,65|-2,146|-6,978|10,476|0|0,9|0|-0,4|0|6|0|1
27,825|-2,962|-6,978|9,816|0|0,9|0|-0,4|0|6|0|1
28|-3,779|-6,978|9,156|0|0,9|0|-0,4|0|6|0|1
28,175|-4,595|-6,978|8,496|0|0,9|0|-0,4|0|6|0|1
28,35|-5,359|-6,15|7,879|0|0,9|0|-0,4|0|8|6|1
28,525|-6,147|-5,485|7,242|0|0,9|0|-0,4|1|6|2|1
28,7|-6,935|-5,052|6,605|0|0,9|0|-0,4|1|6|3|1
28,875|-7,723|-4,589|5,968|0|0,9|0|-0,4|1|7|3|1
29,05|-8,374|-4,16|5,21|0|1|0|-0,2|1|6|3|1
29,225|-8,657|-3,694|4,239|0|1|0|-0,1|1|6|2|1
29,4|-8,811|-3,218|3,238|0|1|0|-0,1|1|6|2|1
29,575|-8,931|-2,785|2,232|0|1|0|-0,1|1|6|3|1
29,75|-9,038|-2,314|1,224|0|1|0|0|1|7|3|1
29,925|-9,121|-1,823|0,214|0|1|0|0|1|6|2|1
30,1|-9,171|-1,38|-0,798|0|1|0|0|1|6|3|1
30,275|-9,187|-0,867|-1,811|0|1|0|0|1|6|2|1
30,45|-9,173|-0,43|-2,824|0|1|0|0|1|6|2|1
30,625|-9,127|-0,007|-3,836|0|1|0|0|1|6|3|1
30,8|-9,054|0,46|-4,846|0|1|0|0|1|6|2|1
30,975|-8,947|0,883|-5,854|0|1|0|0,1|1|6|3|1
31,15|-8,808|1,395|-6,858|0|1|0|0,1|1|6|2|1
31,325|-8,63|1,832|-7,855|0|1|0|0,1|1|6|2|1
31,5|-8,41|2,26|-8,844|0|1|0|0,1|1|7|3|1
31,675|-8,147|2,71|-9,823|0|1|0|0,1|1|6|2|1
31,85|-7,843|3,133|-10,789|0|1|0|0,2|0|6|0|1
32,025|-7,513|2,806|-11,747|0|1|0|0,2|0|8|-5|1
32,2|-7,157|1,568|-12,696|0|1|0|0,2|0|11|-10|1
32,375|-6,767|-0,433|-13,631|0|1|0|0,2|0|15|-14|1
32,55|-6,339|-3,071|-14,549|0|1|0|0,2|0|18|-17|1
32,725|-5,834|-6,244|-15,425|0|0,9|0|0,5|0|21|-20|1
32,9|-4,986|-6,981|-15,92|0|0,8|0|0,6|0|6|0|1
33,075|-3,961|-6,981|-16,131|0|0,8|0|0,6|0|6|0|1
33,25|-2,932|-6,981|-16,34|0|0,8|0|0,6|0|6|0|1
33,425|-1,91|-6,981|-16,579|0|0,8|0|0,6|0|6|0|1
33,6|-0,91|-6,981|-16,898|0|0,8|0|0,6|0|6|0|1
33,775|0,054|-6,981|-17,313|0|0,8|0|0,5|0|6|0|1
33,95|0,983|-6,981|-17,801|0|0,9|0|0,5|0|6|0|1
34,125|1,343|-6,981|-18,741|0|1|0|0,2|0|6|0|1
34,3|1,587|-6,981|-19,761|0|1|0|0,1|0|6|0|1
34,475|1,811|-6,981|-20,787|0|1|0|0,1|0|6|0|1
34,65|2|-6,981|-21,82|0|1|0|0,1|0|6|0|1
34,825|2,157|-6,981|-22,858|0|1|0|0,1|0|6|0|1
35|2,284|-6,981|-23,9|0|1|0|0,1|0|6|0|1
35,175|2,373|-6,981|-24,946|0|1|0|0|0|6|0|1
35,35|2,418|-6,981|-25,995|0|1|0|0|0|6|0|1
35,525|2,43|-6,981|-27,045|0|1|0|0|0|6|0|1
35,7|2,408|-6,981|-28,094|0|1|0|0|0|6|0|1
35,875|2,36|-6,075|-29,129|0|1|0|0|0|8|6|1
36,05|2,298|-5,409|-30,14|0|1|0|0|1|6|2|1
36,225|2,214|-4,976|-31,15|0|1|0|0|1|6|3|1
36,4|2,12|-4,513|-32,159|0|1|0|0|1|7|3|1
36,575|2,022|-4,084|-33,167|0|1|0|0|1|6|3|1
36,75|1,924|-3,618|-34,176|0|1|0|0|1|6|2|1
36,925|1,829|-3,142|-35,143|0|1|0|0|1|6|2|1
37,1|1,749|-2,709|-35,958|0|1|0|0|1|5|3|1
37,275|1,682|-2,239|-36,64|0|1|0|0|1|5|3|1
37,45|1,626|-1,747|-37,211|0|1|0|0|1|4|2|1
37,625|1,58|-1,304|-37,689|0|1|0|0|1|4|3|1
37,8|1,54|-0,792|-38,089|0|1|0|0|1|3|2|1
37,975|1,508|-0,355|-38,424|0|1|0|0|1|3|2|1
38,15|1,463|0,068|-38,878|0|1|0|0|1|6|3|1
38,325|1,37|0,535|-39,887|0|1|0|0|1|6|2|1
38,5|1,309|0,958|-40,898|0|1|0|0|1|6|3|1
38,675|1,281|1,47|-41,911|0|1|0|0|1|6|2|1
38,85|1,267|1,907|-42,924|0|1|0|0|1|6|2|1
39,025|1,265|2,336|-43,938|0|1|0|0|1|7|3|1
39,2|1,271|2,754|-44,748|0|1|0|0|0|2|2|1
39,375|1,271|3,104|-44,748|0|1|0|0|0|2|2|1
39,55|1,271|3,454|-44,748|0|1|0|0|0|2|2|1
39,725|1,271|3,804|-44,748|0|1|0|0|0|2|2|1
39,9|1,271|4,154|-44,748|0|1|0|0|0|2|2|1
40,075|1,271|4,504|-44,748|0|1|0|0|0|2|2|1
40,25|1,271|4,854|-44,748|0|1|0|0|0|2|2|1
40,425|1,271|5,204|-44,748|0|1|0|0|0|2|2|1
40,6|1,271|5,554|-44,748|0|1|0|0|0|2|2|1
40,775|1,271|5,904|-44,748|0|1|0|0|0|2|2|1
40,95|1,271|6,254|-44,748|0|1|0|0|0|2|2|1
41,125|1,271|6,604|-44,748|0|1|0|0|0|2|2|1
41,3|1,271|6,954|-44,748|0|1|0|0|0|2|2|1
41,475|1,271|7,304|-44,748|0|1|0|0|0|2|2|1
41,65|1,271|7,654|-44,748|0|1|0|0|0|2|2|1
41,825|1,271|8,004|-44,748|0|1|0|0|0|2|2|1
42|1,271|8,354|-44,748|0|1|0|0|0|2|2|1
42,175|1,282|8,447|-44,886|0|1|0|0|0|4|-3|1
42,35|1,357|8,327|-45,622|0|1|0|0,1|0|6|0|1
42,525|1,567|8,327|-46,611|0|1|0|0,2|0|6|0|1
42,7|2,278|8,327|-47,318|0|1|0|0,3|0|6|0|1
42,875|2,455|8,327|-48,333|0|1|0|0,1|0|6|0|1
43,05|2,566|9,233|-49,362|0|1|0|0,1|0|8|6|1
43,225|2,664|9,898|-50,371|0|1|0|0|1|6|2|1
43,4|2,747|10,331|-51,38|0|1|0|0|0|6|0|1
43,575|2,82|10,01|-52,391|0|1|0|0|0|8|-5|1
43,75|2,885|8,777|-53,402|0|1|0|0|0|11|-10|1
43,925|2,946|6,781|-54,414|0|1|0|0|0|15|-14|1
44,1|3,003|4,146|-55,425|0|1|0|0|0|18|-17|1
44,275|3,058|0,977|-56,437|0|1|0|0|0|21|-20|1
44,45|3,111|-2,559|-57,449|0|1|0|0|1|18|-17|1
44,625|3,156|-5,021|-58,461|0|1|0|0|1|11|-9|1
44,8|3,186|-6,152|-59,474|0|1|0|0|1|6|-2|1
44,975|3,203|-6,169|-60,487|0|1|0|0|1|7|3|1
45,15|3,21|-5,722|-61,5|0|1|0|0|1|6|3|1
45,325|3,211|-5,233|-62,513|0|1|0|0|0|6|1|1
45,5|3,211|-5,501|-63,527|0|1|0|0|0|8|-5|1
45,675|3,21|-6,69|-64,54|0|1|0|0|0|6|0|1
45,85|3,198|-6,981|-65,577|0|1|0|0|0|6|0|1
46,025|3,17|-6,981|-66,626|0|1|0|0|0|6|0|1
46,2|3,125|-6,981|-67,675|0|1|0|0|0|6|0|1
46,375|3,065|-6,981|-68,724|0|1|0|0|0|6|0|1
46,55|3|-6,981|-69,772|0|1|0|0|0|6|0|1
46,725|2,942|-6,981|-70,82|0|1|0|0|0|6|0|1
46,9|2,901|-6,981|-71,869|0|1|0|0|0|6|0|1
47,075|2,873|-6,981|-72,919|0|1|0|0|0|6|0|1
47,25|2,853|-6,981|-73,969|0|1|0|0|0|6|0|1
47,425|2,84|-6,981|-75,018|0|1|0|0|0|6|0|1
47,6|2,827|-6,981|-76,068|0|1|0|0|0|6|0|1
47,775|2,814|-6,981|-77,118|0|1|0|0|0|6|0|1
47,95|2,801|-6,981|-78,168|0|1|0|0|0|6|0|1
48,125|2,788|-6,981|-79,218|0|1|0|0|0|6|0|1
48,3|2,775|-6,981|-80,268|0|1|0|0|0|6|0|1
48,475|2,763|-6,978|-81,318|0|1|0|0|0|6|0|1
48,65|2,75|-5,87|-82,346|0|1|0|0|0|7|4|1
48,825|2,738|-5,327|-83,359|0|1|0|0|1|7|3|1
49|2,725|-4,876|-84,372|0|1|0|0|1|6|3|1
49,175|2,713|-4,405|-85,385|0|1|0|0|1|6|2|1
49,35|2,701|-3,984|-86,399|0|1|0|0|1|7|3|1
49,525|2,688|-3,555|-87,412|0|1|0|0|1|6|3|1
49,7|3,064|-3,06|-88,342|0|0,9|0|0,3|1|7|3|1
49,875|3,691|-2,608|-89,137|0|0,9|0|0,4|1|6|3|1
50,05|4,226|-2,128|-89,983|0|1|0|0,1|1|6|2|1
50,225|4,384|-1,663|-90,982|0|1|0|0|1|7|3|1
50,4|4,238|-1,201|-91,967|0|1|0|-0,3|1|6|3|1
50,575|3,662|-0,719|-92,798|0|0,9|0|-0,4|1|7|3|1
50,75|3,054|-0,275|-93,6|0|1|0|-0,2|1|7|3|1
50,925|2,825|0,168|-94,584|0|1|0|0|1|7|3|1
51,1|2,738|0,264|-95,593|0|1|0|0|0|7|-3|1
51,275|2,686|-0,379|-96,605|0|1|0|0|1|6|-1|1
51,45|2,662|-0,202|-97,618|0|1|0|0|1|6|2|1
51,625|2,646|0,201|-98,631|0|1|0|0|1|6|3|1
51,8|2,633|0,465|-99,645|0|1|0|0|0|6|-2|1
51,975|2,62|-0,23|-100,658|0|1|0|0|1|7|-5|1
52,15|2,607|-0,613|-101,671|0|1|0|0|1|6|1|1
52,325|2,595|-0,167|-102,684|0|1|0|0|1|6|2|1
52,5|2,582|0,241|-103,697|0|1|0|0|0|6|1|1
52,675|2,57|0,434|-104,71|0|1|0|0|1|6|3|1
52,85|2,556|0,919|-105,724|0|1|0|0|1|7|3|1
53,025|2,535|1,25|-106,737|0|1|0|0|0|6|-1|1
53,2|2,509|0,704|-107,75|0|1|0|0|0|9|-6|1
53,375|2,475|0,068|-108,762|0|1|0|0|1|6|0|1
53,55|2,435|0,382|-109,775|0|1|0|0|1|7|3|1
53,725|2,392|0,487|-110,787|0|1|0|0|0|6|-3|1
53,9|2,35|-0,389|-111,799|0|1|0|0|1|8|-6|1
54,075|2,311|-0,924|-112,812|0|1|0|0|1|6|1|1
54,25|2,278|-0,579|-113,825|0|1|0|0|0|6|1|1
54,425|2,249|-0,891|-114,838|0|1|0|0|0|8|-5|1
54,6|2,227|-1,64|-115,851|0|1|0|0|1|6|-1|1
54,775|2,211|-1,489|-116,864|0|1|0|0|0|6|0|1
54,95|2,196|-1,894|-117,877|0|1|0|0|0|8|-6|1
55,125|2,181|-3,198|-118,89|0|1|0|0|0|12|-10|1
55,3|2,171|-5,253|-119,903|0|1|0|0|0|15|-14|1
55,475|2,176|-6,981|-120,92|0|1|0|0|0|6|0|1
55,65|2,209|-6,981|-121,967|0|1|0|0|0|6|0|1
55,825|2,25|-6,981|-123,017|0|1|0|0|0|6|0|1
56|2,298|-6,981|-124,065|0|1|0|0|0|6|0|1
56,175|2,363|-6,981|-125,113|0|1|0|0|0|6|0|1
56,35|2,791|-6,981|-125,976|0|1|0|0,3|0|6|0|1
56,525|3,63|-6,981|-126,6|0|0,9|0|0,4|0|6|0|1
56,7|4,486|-6,981|-127,208|0|0,9|0|0,5|0|6|0|1
56,875|5,342|-6,981|-127,815|0|0,9|0|0,5|0|6|0|1
57,05|5,888|-6,981|-128,618|0|1|0|0,2|0|6|0|1
57,225|6,074|-6,981|-129,647|0|1|0|0,1|0|6|0|1
57,4|6,25|-6,981|-130,682|0|1|0|0,1|0|6|0|1
57,575|6,426|-6,981|-131,717|0|1|0|0,1|0|6|0|1
57,75|6,602|-6,981|-132,752|0|1|0|0,1|0|6|0|1
57,925|6,778|-6,981|-133,788|0|1|0|0,1|0|6|0|1
58,1|6,95|-7,189|-134,802|0|1|0|0,1|0|7|-4|1
58,275|7,119|-8,292|-135,801|0|1|0|0,1|0|11|-9|1
58,45|7,286|-10,179|-136,8|0|1|0|0,1|0|14|-13|1
58,625|7,442|-12,723|-137,802|0|1|0|0,1|0|17|-17|1
58,8|7,577|-15,34|-138,806|0|1|0|0,1|1|12|-11|1
58,975|7,674|-16,671|-139,814|0|1|0|0|1|7|-3|1
59,15|7,706|-16,856|-140,827|0|1|0|0|1|6|2|1
59,325|7,675|-16,403|-141,839|0|1|0|0|1|6|3|1
59,5|7,596|-15,93|-142,85|0|1|0|-0,1|1|6|2|1
59,675|7,484|-15,489|-143,849|0|1|0|-0,1|1|6|2|1
59,85|7,438|-15,022|-144,731|0|1|0|0,2|1|7|3|1
60,025|8,171|-14,557|-145,392|0|0,8|0|0,6|1|6|2|1
60,2|8,938|-14,094|-146,05|0|0,9|0|0,4|1|7|3|1
60,375|9,591|-13,661|-146,824|0|0,9|0|0,3|1|7|3|1
60,55|10,209|-13,178|-147,627|0|0,9|0|0,3|1|6|2|1
60,725|10,562|-12,754|-148,559|0|1|0|0|1|6|3|1
60,9|10,555|-12,293|-149,571|0|1|0|-0,1|1|6|2|1
61,075|10,446|-11,89|-150,578|0|1|0|-0,1|1|6|3|1
61,25|10,309|-11,402|-151,582|0|1|0|-0,1|1|7|4|1
61,425|10,165|-10,888|-152,585|0|1|0|-0,1|1|6|2|1
61,6|10,012|-10,44|-153,587|0|1|0|-0,1|1|7|3|1
61,775|9,819|-9,987|-154,581|0|1|0|-0,1|1|6|2|1
61,95|9,595|-9,546|-155,569|0|1|0|-0,1|1|6|2|1
62,125|9,353|-9,131|-156,553|0|1|0|-0,1|1|7|3|1
62,3|9,07|-8,684|-157,526|0|1|0|-0,2|1|7|3|1
62,475|8,552|-8,256|-158,375|0|0,9|0|-0,5|1|6|3|1
62,65|7,659|-7,799|-158,842|0|-0,8|0|0,6|1|7|4|1
62,825|7,314|-7,314|-159,167|0|-0,8|0|0,7|1|2|2|1
63|7,02|-6,908|-158,882|0|-0,4|0|0,9|1|6|3|1
63,175|6,39|-6,4|-158,088|0|-0,3|0|0,9|1|6|2|1
63,35|5,783|-5,961|-157,277|0|-0,3|0|0,9|1|6|2|1
63,525|5,153|-5,494|-156,484|0|-0,3|0|0,9|1|6|2|1
63,7|4,472|-5,238|-155,744|0|-0,4|0|0,9|0|6|-2|1
63,875|3,862|-5,921|-155,109|0|-0,4|0|0,9|0|8|-7|1
64,05|3,354|-6,983|-154,914|0|0,9|0|-0,3|0|5|0|1
64,225|3,158|-6,983|-155,867|0|1|0|-0,1|0|6|0|1
64,4|3,035|-6,983|-156,619|0|1|0|-0,1|0|1|0|1
64,575|3,011|-6,983|-156,766|0|1|0|-0,1|0|5|0|1
64,75|2,858|-6,983|-157,733|0|1|0|-0,1|0|6|0|1
64,925|2,727|-6,077|-158,759|0|1|0|-0,1|0|8|6|1
65,1|2,621|-5,411|-159,767|0|1|0|0|1|6|2|1
65,275|2,541|-4,978|-160,777|0|1|0|0|1|6|3|1
65,45|2,469|-4,515|-161,787|0|1|0|0|1|7|3|1
65,625|2,4|-4,086|-162,798|0|1|0|0|1|6|3|1
65,8|2,339|-3,62|-163,81|0|1|0|0|1|6|2|1
65,975|2,298|-3,144|-164,822|0|1|0|0|1|6|2|1
66,15|2,274|-2,711|-165,835|0|1|0|0|1|6|3|1
66,325|2,268|-2,241|-166,848|0|1|0|0|1|7|3|1
66,5|2,277|-1,749|-167,861|0|1|0|0|1|6|2|1
66,675|2,297|-1,306|-168,874|0|1|0|0|1|6|3|1
66,85|2,324|-0,794|-169,887|0|1|0|0|1|6|2|1
67,025|2,352|-0,405|-170,9|0|1|0|0|0|6|0|1
67,2|2,38|-0,758|-171,913|0|1|0|0|0|8|-5|1
67,375|2,408|-2,018|-172,926|0|1|0|0|0|11|-10|1
67,55|2,436|-4,036|-173,939|0|1|0|0|0|15|-14|1
67,725|2,464|-6,69|-174,952|0|1|0|0|0|6|0|1
67,9|2,497|-6,981|-175,988|0|1|0|0|0|6|0|1
68,075|2,565|-6,981|-177,036|0|1|0|0|0|6|0|1
68,25|2,684|-6,981|-178,079|0|1|0|0,1|0|6|0|1
68,425|2,807|-6,981|-179,122|0|1|0|0,1|0|6|0|1
68,6|2,93|-6,981|-180,164|0|1|0|0,1|0|6|0|1
68,775|3,054|-6,981|-181,207|0|1|0|0,1|0|6|0|1
68,95|3,177|-6,981|-182,25|0|1|0|0,1|0|6|0|1
69,125|3,307|-6,981|-183,292|0|1|0|0,1|0|6|0|1
69,3|3,441|-6,981|-184,333|0|1|0|0,1|0|6|0|1
69,475|3,574|-6,981|-185,375|0|1|0|0,1|0|6|0|1
69,65|3,707|-6,981|-186,416|0|1|0|0,1|0|6|0|1
69,825|3,839|-6,981|-187,458|0|1|0|0,1|0|6|0|1
70|3,974|-6,981|-188,499|0|1|0|0,1|0|6|0|1
70,175|4,144|-6,981|-189,535|0|1|0|0,1|0|12|10|1
70,35|4,347|-5,726|-190,535|0|1|0|0,1|0|6|3|1
70,525|4,573|-5,213|-191,523|0|1|0|0,1|1|6|2|1
70,7|4,817|-4,777|-192,506|0|1|0|0,1|1|6|2|1
70,875|5,064|-4,348|-193,489|0|1|0|0,1|1|6|3|1
71,05|5,29|-3,881|-194,477|0|1|0|0,1|1|6|2|1
71,226|5,442|-3,459|-195,478|0|1|0|0|1|6|3|1
71,401|5,496|-2,946|-196,49|0|1|0|0|1|6|2|1
71,576|5,449|-2,51|-197,501|0|1|0|-0,1|1|6|2|1
71,751|5,301|-2,227|-198,503|0|1|0|-0,1|0|6|-2|1
71,926|5,077|-2,886|-199,491|0|1|0|-0,2|0|9|-7|1
72,101|4,79|-4,162|-200,463|0|1|0|-0,2|1|7|-5|1
72,276|4,454|-4,514|-201,419|0|1|0|-0,2|1|6|2|1
72,451|4,102|-4,042|-202,369|0|1|0|-0,2|1|6|2|1
72,626|3,753|-3,608|-203,32|0|1|0|-0,2|1|7|4|1
72,801|3,456|-3,101|-204,289|0|1|0|-0,1|1|6|2|1
72,976|3,359|-2,638|-205,284|0|1|0|0,1|1|7|3|1
73,151|3,858|-2,183|-206,157|0|0,9|0|0,4|1|6|3|1
73,326|4,546|-1,723|-206,898|0|1|0|0,3|1|7|4|1
73,501|4,919|-1,524|-207,837|0|1|0|0,1|0|6|-2|1
73,676|5,104|-2,323|-208,832|0|1|0|0|0|10|-8|1
73,851|5,153|-3,956|-209,843|0|1|0|-0,1|0|13|-12|1
74,026|5,076|-6,047|-210,853|0|1|0|-0,1|1|10|-9|1
74,201|4,827|-7,08|-211,834|0|1|0|-0,2|1|6|-2|1
74,376|4,476|-7,016|-212,784|0|1|0|-0,2|1|7|4|1
74,551|4,095|-6,509|-213,723|0|1|0|-0,2|1|6|2|1
74,726|3,752|-6,042|-214,676|0|1|0|-0,1|1|7|3|1
74,901|3,482|-5,576|-215,653|0|1|0|-0,1|1|6|2|1
75,076|3,244|-5,118|-216,638|0|1|0|-0,1|1|6|3|1
75,251|3,044|-4,664|-217,631|0|1|0|-0,1|1|6|2|1
75,426|2,9|-4,241|-218,634|0|1|0|-0,1|1|6|3|1
75,601|2,78|-3,748|-219,64|0|1|0|-0,1|1|7|3|1
75,776|2,667|-3,299|-220,647|0|1|0|-0,1|1|7|3|1
75,951|2,556|-3,214|-221,654|0|1|0|-0,1|0|7|-3|1
76,126|2,445|-4,108|-222,661|0|1|0|-0,1|0|10|-8|1
76,301|2,335|-5,821|-223,668|0|1|0|-0,1|0|14|-12|1
76,476|2,224|-6,981|-224,686|0|1|0|-0,1|0|6|0|1
76,651|2,13|-6,981|-225,73|0|1|0|0|0|6|0|1
76,826|2,093|-6,981|-226,779|0|1|0|0|0|6|0|1
77,001|2,119|-6,981|-227,829|0|1|0|0|0|6|0|1
77,176|2,18|-6,981|-228,877|0|1|0|0|0|6|0|1
77,351|2,269|-6,981|-229,923|0|1|0|0|0|6|0|1
77,526|2,394|-6,981|-230,965|0|1|0|0,1|0|6|0|1
77,701|2,535|-6,981|-232,006|0|1|0|0,1|0|6|0|1
77,876|2,677|-6,981|-233,046|0|1|0|0,1|0|6|0|1
78,051|2,81|-6,981|-234,088|0|1|0|0,1|0|12|10|1
78,226|2,917|-5,726|-235,103|0|1|0|0|0|6|3|1
78,401|2,989|-5,213|-236,113|0|1|0|0|1|6|2|1
78,576|3,019|-4,777|-237,126|0|1|0|0|1|6|2|1
78,751|3,029|-4,348|-238,139|0|1|0|0|1|6|3|1
78,926|3,027|-3,881|-239,153|0|1|0|0|1|6|2|1
79,101|3,005|-3,459|-240,165|0|1|0|0|1|6|3|1
79,276|2,941|-2,946|-241,177|0|1|0|0|1|6|2|1
79,451|2,815|-2,51|-242,182|0|1|0|-0,1|1|6|2|1
79,626|2,615|-2,068|-243,175|0|1|0|-0,1|1|6|3|1
79,801|2,355|-1,547|-244,154|0|1|0|-0,1|1|6|2|1
79,976|2,062|-1,114|-245,124|0|1|0|-0,2|1|7|4|1
80,151|1,751|-0,615|-246,088|0|1|0|-0,2|1|6|2|1
80,326|1,431|-0,164|-247,05|0|1|0|-0,2|1|6|2|1
80,501|1,109|0,272|-248,011|0|1|0|-0,2|1|6|2|1
80,676|0,806|0,692|-248,977|0|1|0|-0,1|1|7|3|1
80,852|0,526|1,148|-249,951|0|1|0|-0,1|1|7|4|1
81,027|0,288|1,646|-250,936|0|1|0|-0,1|1|6|2|1
81,202|0,092|1,836|-251,93|0|1|0|-0,1|0|6|-2|1
81,377|-0,069|1,101|-252,93|0|1|0|0|0|9|-7|1
81,552|-0,185|-0,479|-253,937|0|1|0|0|0|13|-12|1
81,727|-0,243|-2,765|-254,948|0|1|0|0|0|6|0|1
81,902|-0,174|-3,07|-255,981|0|1|0|0,1|0|6|0|1
82,077|-0,039|-3,07|-257,022|0|1|0|0,1|0|6|0|1
82,252|0,1|-3,07|-258,063|0|1|0|0,1|0|6|0|1
82,427|0,234|-1,962|-259,082|0|1|0|0,1|0|7|4|1
82,602|0,356|-1,419|-260,088|0|1|0|0,1|1|7|3|1
82,777|0,466|-0,968|-261,095|0|1|0|0,1|1|6|3|1
82,952|0,571|-0,497|-262,103|0|1|0|0,1|1|6|2|1
83,127|0,674|-0,076|-263,111|0|1|0|0,1|0|6|2|1
83,302|0,776|-0,231|-264,119|0|1|0|0|0|7|-4|1
83,477|0,877|-1,324|-265,127|0|1|0|0|0|11|-9|1
83,652|0,978|-2,963|-266,135|0|1|0|0|1|9|-6|1
83,827|1,078|-3,619|-267,144|0|1|0|0|1|6|0|1
84,002|1,17|-3,321|-268,153|0|1|0|0|1|7|3|1
84,177|1,25|-2,883|-269,163|0|1|0|0|1|6|3|1
84,352|1,318|-2,433|-270,174|0|1|0|0|1|6|2|1
84,527|1,373|-1,984|-271,186|0|1|0|0|1|6|3|1
84,702|1,424|-1,494|-272,198|0|1|0|0|1|6|2|1
84,877|1,473|-1,065|-273,21|0|1|0|0|1|7|3|1
85,052|1,521|-0,634|-274,222|0|1|0|0|1|6|3|1
85,227|1,57|-0,406|-275,234|0|1|0|0|0|6|-2|1
85,402|1,624|-1,142|-276,246|0|1|0|0|0|9|-7|1
85,577|1,698|-2,723|-277,256|0|1|0|0,1|0|6|0|1
85,752|1,851|-3,07|-278,281|0|1|0|0,1|0|6|0|1
85,927|2,083|-3,07|-279,304|0|1|0|0,1|0|6|0|1
86,102|2,34|-2,72|-280,323|0|1|0|0,1|0|10|8|1
86,277|2,589|-1,715|-281,305|0|1|0|0,1|1|6|3|1
86,452|2,839|-1,233|-282,287|0|1|0|0,1|1|7|3|1
86,627|3,087|-0,787|-283,269|0|1|0|0,1|0|6|1|1
86,802|3,331|-1,026|-284,252|0|1|0|0,1|0|7|-5|1
86,977|3,571|-2,191|-285,237|0|1|0|0,1|0|11|-9|1
87,152|3,808|-3,345|-286,222|0|1|0|0,1|1|6|-3|1
87,327|4,036|-3,463|-287,209|0|1|0|0,1|0|6|-1|1
87,502|4,244|-4,092|-288,201|0|1|0|0,1|0|9|-7|1
87,677|4,414|-5,343|-289,2|0|1|0|0,1|1|7|-4|1
87,852|4,52|-5,674|-290,207|0|1|0|0|1|6|2|1
88,027|4,581|-5,296|-291,218|0|1|0|0|0|6|0|1
88,202|4,616|-5,751|-292,231|0|1|0|0|0|8|-6|1
88,377|4,617|-6,982|-293,244|0|1|0|0|0|6|0|1
88,552|4,509|-6,981|-294,282|0|1|0|-0,1|0|6|0|1
88,727|4,347|-6,981|-295,319|0|1|0|-0,1|0|6|0|1
88,902|4,151|-6,981|-296,351|0|1|0|-0,1|0|6|0|1
89,077|3,935|-6,981|-297,378|0|1|0|-0,1|0|6|0|1
89,252|3,725|-6,981|-298,407|0|1|0|-0,1|0|6|0|1
89,427|3,553|-6,981|-299,443|0|1|0|-0,1|0|6|0|1
89,602|3,443|-6,981|-300,487|0|1|0|0|0|6|0|1
89,777|3,387|-6,981|-301,535|0|1|0|0|0|6|0|1
89,952|3,348|-6,981|-302,584|0|1|0|0|0|6|0|1
90,127|3,311|-6,631|-303,634|0|1|0|0|0|10|8|1
90,303|3,274|-5,626|-304,646|0|1|0|0|1|6|3|1
90,478|3,238|-5,144|-305,659|0|1|0|0|1|7|3|1
90,653|3,202|-4,698|-306,672|0|1|0|0|0|6|1|1
90,828|3,166|-4,937|-307,684|0|1|0|0|0|7|-5|1
91,003|3,129|-6,101|-308,697|0|1|0|0|0|6|1|1
91,178|3,093|-5,944|-309,709|0|1|0|0|0|6|1|1
91,353|3,056|-5,729|-310,735|0|1|0|0|0|12|10|1
91,528|3,02|-4,474|-311,751|0|1|0|0|0|6|3|1
91,703|2,984|-3,961|-312,763|0|1|0|0|1|6|2|1
91,878|2,948|-3,524|-313,776|0|1|0|0|1|6|2|1
92,053|2,911|-3,096|-314,788|0|1|0|0|1|6|3|1
92,228|2,871|-2,628|-315,801|0|1|0|0|1|6|2|1
92,403|2,802|-2,207|-316,812|0|1|0|0|1|6|3|1
92,578|2,69|-1,694|-317,819|0|1|0|-0,1|1|6|2|1
92,753|2,557|-1,461|-318,823|0|1|0|-0,1|0|6|-2|1
92,928|2,42|-2,159|-319,827|0|1|0|-0,1|0|6|1|1
93,103|2,279|-2,083|-320,832|0|1|0|-0,1|0|6|1|1
93,278|2,136|-0,932|-321,841|0|1|0|-0,1|0|7|4|1
93,453|1,996|-0,39|-322,844|0|1|0|-0,1|1|7|3|1
93,628|1,891|0,062|-323,852|0|1|0|0|1|6|3|1
93,803|1,86|0,533|-324,864|0|1|0|0|1|6|2|1
93,978|1,876|0,953|-325,877|0|1|0|0|1|7|3|1
94,153|1,907|1,383|-326,89|0|1|0|0|1|6|3|1
94,328|1,946|1,618|-327,903|0|1|0|0|0|6|-2|1
94,503|1,987|0,891|-328,915|0|1|0|0|0|9|-7|1
94,678|2,029|-0,682|-329,927|0|1|0|0|0|6|0|1
94,853|2,073|-0,803|-330,963|0|1|0|0|0|6|0|1
95,028|2,118|-0,453|-332,012|0|1|0|0|0|10|8|1
95,203|2,161|0,552|-333,025|0|1|0|0|1|6|3|1
95,378|2,204|1,034|-334,037|0|1|0|0|1|7|3|1
95,553|2,247|1,48|-335,049|0|1|0|0|1|7|3|1
95,728|2,291|1,847|-336,061|0|1|0|0|0|6|-1|1
95,903|2,334|1,327|-337,074|0|1|0|0|0|8|-6|1
96,078|2,377|-0,072|-338,086|0|1|0|0|0|12|-11|1
96,253|2,421|-1,423|-339,098|0|1|0|0|1|7|-4|1
96,428|2,464|-1,624|-340,11|0|1|0|0|1|6|2|1
96,603|2,507|-1,647|-341,123|0|1|0|0|0|7|-4|1
96,778|2,551|-2,318|-342,131|0|1|0|0|0|6|-1|1
96,953|2,594|-2,533|-343,154|0|1|0|0|0|6|-1|1
97,128|2,637|-2,748|-344,181|0|1|0|0|0|6|-1|1
97,303|2,668|-2,516|-345,109|0|1|0|0|0|9|7|1
97,478|2,695|-1,725|-346,122|0|1|0|0|1|7|4|1
97,653|2,707|-1,307|-347,135|0|1|0|0|0|6|0|1
97,828|2,71|-1,784|-348,148|0|1|0|0|0|8|-6|1
98,003|2,705|-3,147|-349,161|0|1|0|0|0|12|-10|1
98,178|2,696|-5,252|-350,175|0|1|0|0|0|6|-1|1
98,353|2,681|-5,746|-351,189|0|1|0|0|0|6|-1|1
98,528|2,665|-5,222|-352,213|0|1|0|0|0|9|7|1
98,703|2,649|-4,431|-353,227|0|1|0|0|1|7|4|1
98,878|2,633|-4,01|-354,24|0|1|0|0|0|6|0|1
99,053|2,618|-4,48|-355,253|0|1|0|0|0|8|-6|1
99,228|2,602|-5,757|-356,266|0|1|0|0|1|8|-6|1
99,403|2,586|-6,328|-357,279|0|1|0|0|1|6|0|1
99,578|2,57|-5,96|-358,292|0|1|0|0|0|6|1|1
99,753|2,554|-6,189|-359,306|0|1|0|0|0|7|-5|1
99,929|2,538|-6,981|-360,323|0|1|0|0|0|6|0|1
100,104|2,521|-6,981|-361,37|0|1|0|0|0|6|0|1
100,279|2,505|-6,981|-362,42|0|1|0|0|0|6|0|1
100,454|2,491|-6,981|-363,47|0|1|0|0|0|6|0|1
100,629|2,506|-6,981|-364,52|0|1|0|0|0|6|0|1
100,804|2,559|-6,981|-365,568|0|1|0|0|0|6|0|1
100,979|2,619|-6,981|-366,617|0|1|0|0|0|6|0|1
101,154|2,68|-6,981|-367,665|0|1|0|0|0|6|0|1
101,329|2,74|-6,981|-368,713|0|1|0|0|0|6|0|1
101,504|2,788|-6,981|-369,762|0|1|0|0|0|6|0|1
101,679|2,814|-6,981|-370,812|0|1|0|0|0|6|0|1
101,854|2,82|-6,981|-371,862|0|1|0|0|0|6|0|1
102,029|2,807|-6,981|-372,911|0|1|0|0|0|6|0|1
102,204|2,783|-7,152|-373,937|0|1|0|0|0|7|-4|1
102,379|2,754|-8,191|-374,95|0|1|0|0|0|11|-9|1
102,554|2,721|-10,024|-375,962|0|1|0|0|0|14|-13|1
102,729|2,681|-12,442|-376,975|0|1|0|0|1|13|-12|1
102,904|2,63|-13,968|-377,987|0|1|0|0|1|7|-4|1
103,079|2,569|-14,316|-378,998|0|1|0|0|1|6|2|1
103,254|2,505|-13,841|-380,009|0|1|0|0|1|6|2|1
103,429|2,44|-13,408|-381,021|0|1|0|0|1|7|4|1
103,604|2,375|-13,22|-382,032|0|1|0|0|0|6|-3|1
103,779|2,309|-14,028|-383,043|0|1|0|0|0|10|-8|1
103,954|2,244|-15,273|-384,058|0|1|0|0|0|6|0|1
104,129|2,174|-15,273|-385,103|0|1|0|0|0|6|0|1
104,304|2,086|-14,164|-386,127|0|1|0|0|0|7|4|1
104,479|1,984|-13,622|-387,135|0|1|0|-0,1|1|7|3|1
104,654|1,869|-13,17|-388,142|0|1|0|-0,1|1|6|3|1
104,829|1,758|-12,699|-389,149|0|1|0|-0,1|1|6|2|1
105,004|1,65|-12,279|-390,157|0|1|0|-0,1|1|7|3|1
105,179|1,547|-11,85|-391,165|0|1|0|-0,1|1|6|3|1
105,354|1,446|-11,355|-392,166|0|1|0|0|1|6|3|1
105,529|1,042|-10,903|-392,983|0|-0,8|0|0,5|1|6|3|1
105,704|0,076|-10,422|-393,257|0|-0,7|0|0,7|1|6|2|1
105,879|-0,936|-9,958|-393,259|0|-0,7|0|0,7|1|7|3|1
106,054|-1,888|-9,496|-393,581|0|0,9|0|-0,5|1|6|3|1
106,229|-2,446|-9,014|-394,408|0|1|0|-0,1|1|7|3|1
106,404|-2,663|-8,57|-395,396|0|1|0|0|1|7|3|1
106,579|-2,745|-8,126|-396,405|0|1|0|0|1|7|3|1
106,754|-2,76|-7,697|-397,418|0|1|0|0|1|6|3|1
106,929|-2,719|-7,234|-398,43|0|1|0|0|1|6|3|1
107,104|-2,628|-6,752|-399,439|0|1|0|0,1|1|7|3|1
107,279|-2,477|-6,311|-400,441|0|1|0|0,1|1|7|3|1
107,454|-2,263|-5,843|-401,431|0|1|0|0,1|1|6|2|1
107,629|-1,988|-5,429|-402,406|0|1|0|0,2|1|7|3|1
107,804|-1,666|-4,986|-403,367|0|1|0|0,2|1|7|3|1
107,979|-1,312|-4,51|-404,317|0|1|0|0,2|1|6|2|1
108,154|-0,941|-4,572|-405,26|0|1|0|0,2|0|7|-4|1
108,329|-0,485|-5,588|-406,16|0|0,9|0|0,4|0|10|-9|1
108,504|0,147|-6,981|-406,95|0|0,9|0|0,4|0|6|0|1
108,679|0,562|-6,981|-407,907|0|1|0|0,2|0|6|0|1
108,854|0,959|-6,981|-408,879|0|1|0|0,2|0|6|0|1
109,03|1,342|-6,981|-409,857|0|1|0|0,2|0|6|0|1
109,205|1,629|-6,981|-410,866|0|1|0|0,1|0|6|0|1
109,38|1,815|-6,981|-411,899|0|1|0|0,1|0|6|0|1
109,555|1,962|-6,981|-412,938|0|1|0|0,1|0|6|0|1
109,73|2,106|-6,981|-413,979|0|1|0|0,1|0|6|0|1
109,905|2,249|-6,981|-415,019|0|1|0|0,1|0|6|0|1
110,08|2,392|-6,981|-416,059|0|1|0|0,1|0|6|0|1
110,255|2,518|-6,981|-417,101|0|1|0|0,1|0|6|0|1
110,43|2,6|-6,981|-418,148|0|1|0|0|0|6|0|1
110,605|2,644|-6,981|-419,197|0|1|0|0|0|6|0|1
110,78|2,656|-6,981|-420,247|0|1|0|0|0|6|0|1
110,955|2,658|-6,983|-421,297|0|1|0|0|0|6|0|1
111,13|2,659|-6,983|-422,347|0|1|0|0|0|6|0|1
111,305|2,657|-5,874|-423,375|0|1|0|0|0|7|4|1
111,48|2,646|-5,332|-424,388|0|1|0|0|1|7|3|1
111,655|2,627|-4,88|-425,401|0|1|0|0|1|6|3|1
111,83|2,595|-4,409|-426,414|0|1|0|0|1|6|2|1
112,005|2,551|-3,989|-427,426|0|1|0|0|1|7|3|1
112,18|2,502|-3,56|-428,438|0|1|0|0|1|6|3|1
112,355|2,452|-3,065|-429,45|0|1|0|0|1|7|3|1
112,53|2,401|-2,694|-430,462|0|1|0|0|0|6|-1|1
112,705|2,35|-3,21|-431,474|0|1|0|0|0|8|-6|1
112,88|2,299|-4,607|-432,486|0|1|0|0|0|12|-11|1
113,055|2,258|-6,26|-433,296|0|1|0|0|0|15|-14|
113,23|2,258|-6,26|-433,296|0|1|0|0|0|15|-14|
113,405|2,258|-6,26|-433,296|0|1|0|0|0|15|-14|
113,58|2,258|-6,26|-433,296|0|1|0|0|0|15|-14|
113,755|2,258|-6,26|-433,296|0|1|0|0|0|15|-14|
113,93|2,258|-6,26|-433,296|0|1|0|0|0|15|-14|
114,105|2,615|-6,093|-410,24|0|1|0|0|0|4|-3|1
114,28|2,587|-6,982|-410,787|0|1|0|0|0|5|0|1
114,455|2,536|-6,981|-411,788|0|1|0|0|0|6|0|1
114,63|2,483|-6,981|-412,836|0|1|0|0|0|6|0|1
114,805|2,434|-6,981|-413,885|0|1|0|0|0|6|0|1
114,98|2,455|-6,981|-414,934|0|1|0|0|0|6|0|1
115,155|2,558|-6,981|-415,979|0|1|0|0|0|6|0|1
115,33|2,673|-6,981|-417,023|0|1|0|0,1|0|6|0|1
115,505|2,788|-6,981|-418,066|0|1|0|0,1|0|6|0|1
115,68|2,904|-6,981|-419,11|0|1|0|0,1|0|6|0|1
115,855|3,019|-6,981|-420,154|0|1|0|0,1|0|6|0|1
116,03|3,12|-6,983|-421,199|0|1|0|0|0|6|0|1
116,205|3,143|-6,983|-422,248|0|1|0|0|0|6|0|1
116,38|3,106|-6,983|-423,297|0|1|0|0|0|6|0|1
116,555|3,048|-6,329|-424,338|0|1|0|0|0|9|7|1
116,73|2,988|-5,538|-425,35|0|1|0|0|1|7|4|1
116,905|2,927|-5,039|-426,361|0|1|0|0|1|6|2|1
117,08|2,867|-4,584|-427,372|0|1|0|0|1|6|2|1
117,255|2,806|-4,146|-428,384|0|1|0|0|1|6|2|1
117,43|2,745|-3,725|-429,395|0|1|0|0|1|7|3|1
117,605|2,676|-3,271|-430,406|0|1|0|0|1|7|4|1
117,78|2,597|-3,079|-431,416|0|1|0|0|0|6|-2|1
117,955|2,512|-3,802|-432,426|0|1|0|0|1|7|-3|1
118,13|2,422|-3,911|-433,435|0|1|0|0|1|6|3|1
118,305|2,33|-3,446|-434,444|0|1|0|0|1|6|2|1
118,48|2,238|-3,48|-435,453|0|1|0|0|0|7|-4|1
118,656|2,145|-4,472|-436,462|0|1|0|0|0|10|-9|1
118,831|2,052|-6,267|-437,471|0|1|0|0|0|14|-13|1
119,006|1,958|-6,983|-438,497|0|1|0|0|0|6|0|1
119,181|1,862|-6,633|-439,542|0|1|0|0|0|10|8|1
119,356|1,769|-5,628|-440,551|0|1|0|0|1|6|3|1
119,531|1,677|-5,146|-441,56|0|1|0|0|1|7|3|1
119,706|1,587|-4,817|-442,57|0|1|0|0|0|6|-1|1
119,881|1,72|-5,364|-443,57|0|1|0|0,3|0|9|-6|1
120,056|1,929|-6,122|-444,14|0|0,9|0|0,3|0|11|-9|
120,231|1,929|-6,122|-444,14|0|0,9|0|0,3|0|11|-9|
120,406|1,929|-6,122|-444,14|0|0,9|0|0,3|0|11|-9|
120,581|1,929|-6,122|-444,14|0|0,9|0|0,3|0|11|-9|
120,756|1,929|-6,122|-444,14|0|0,9|0|0,3|0|11|-9|
120,931|1,929|-6,122|-444,14|0|0,9|0|0,3|0|11|-9|
121,106|2,612|-6,213|-410,308|0|1|0|0|0|5|-4|1
121,281|2,582|-6,981|-410,97|0|1|0|0|0|6|0|1
121,456|2,535|-6,981|-411,998|0|1|0|0|0|6|0|1
121,631|2,488|-6,981|-413,047|0|1|0|0|0|6|0|1
121,806|2,44|-6,981|-414,096|0|1|0|0|0|6|0|1
121,981|2,392|-6,981|-415,144|0|1|0|0|0|6|0|1
122,156|2,348|-6,981|-416,194|0|1|0|0|0|6|0|1
122,331|2,323|-6,981|-417,243|0|1|0|0|0|6|0|1
122,506|2,317|-6,981|-418,293|0|1|0|0|0|6|0|1
122,681|2,322|-6,981|-419,343|0|1|0|0|0|6|0|1
122,856|2,332|-6,981|-420,393|0|1|0|0|0|6|0|1
123,031|2,345|-6,983|-421,443|0|1|0|0|0|6|0|1
123,206|2,358|-6,983|-422,493|0|1|0|0|0|6|0|1
123,381|2,371|-6,983|-423,543|0|1|0|0|0|6|0|1
123,556|2,383|-6,077|-424,578|0|1|0|0|0|8|6|1
123,731|2,395|-5,411|-425,591|0|1|0|0|1|6|2|1
123,906|2,397|-4,978|-426,605|0|1|0|0|1|6|3|1
124,081|2,384|-4,515|-427,618|0|1|0|0|1|7|3|1
124,256|2,361|-4,086|-428,631|0|1|0|0|1|6|3|1
124,431|2,33|-3,62|-429,643|0|1|0|0|1|6|2|1
124,606|2,294|-3,144|-430,656|0|1|0|0|1|6|2|1
124,781|2,255|-2,711|-431,669|0|1|0|0|1|6|3|1
124,956|2,215|-2,241|-432,681|0|1|0|0|1|7|3|1
125,131|2,175|-2,134|-433,693|0|1|0|0|0|6|-3|1
125,306|2,136|-3,009|-434,706|0|1|0|0|0|10|-8|1
125,481|2,096|-4,706|-435,718|0|1|0|0|0|13|-12|1
125,656|2,056|-6,983|-436,731|0|1|0|0|0|6|0|1
125,831|2,015|-6,983|-437,774|0|1|0|0|0|6|0|1
126,006|1,975|-5,874|-438,801|0|1|0|0|0|7|4|1
126,181|1,935|-5,332|-439,814|0|1|0|0|1|7|3|1
126,356|1,895|-4,88|-440,826|0|1|0|0|1|6|3|1
126,531|1,855|-4,409|-441,838|0|1|0|0|1|6|2|1
126,706|1,816|-3,989|-442,851|0|1|0|0|1|7|3|1
126,881|1,776|-3,56|-443,863|0|1|0|0|1|6|3|1
127,056|1,736|-3,065|-444,876|0|1|0|0|1|7|3|1
127,231|1,696|-2,613|-445,888|0|1|0|0|0|6|2|1
127,406|1,656|-2,764|-446,901|0|1|0|0|0|7|-4|1
127,581|1,617|-3,854|-447,913|0|1|0|0|0|11|-9|1
127,756|1,667|-5,731|-448,921|0|1|0|0,2|0|14|-13|1
127,931|2,076|-6,983|-449,836|0|0,9|0|0,3|0|6|0|1
128,106|2,288|-6,983|-450,793|0|1|0|0,1|0|12|10|1
128,282|2,258|-5,728|-451,812|0|1|0|0|0|6|3|1
128,457|2,222|-5,215|-452,824|0|1|0|0|1|6|2|1
128,632|2,183|-4,778|-453,837|0|1|0|0|1|6|2|1
128,807|2,144|-4,35|-454,849|0|1|0|0|1|6|3|1
128,982|2,104|-4,092|-455,862|0|1|0|0|0|6|-2|1
129,157|2,064|-4,553|-456,874|0|1|0|0|1|6|0|1
129,332|2,025|-4,305|-457,887|0|1|0|0|1|6|3|1
129,507|1,985|-3,834|-458,899|0|1|0|0|1|6|2|1
129,682|1,945|-3,432|-459,912|0|1|0|0|1|6|3|1
129,857|1,905|-2,978|-460,924|0|1|0|0|1|7|3|1
130,032|1,866|-2,514|-461,936|0|1|0|0|1|6|2|1
130,207|1,826|-2,202|-462,949|0|1|0|0|0|6|-1|1
130,382|1,79|-2,837|-463,961|0|1|0|0|0|9|-7|1
130,557|1,778|-4,334|-464,975|0|1|0|0|0|13|-11|1
130,732|1,791|-6,55|-465,988|0|1|0|0|0|6|0|1
130,907|1,83|-6,981|-467,024|0|1|0|0|0|6|0|1
131,082|1,877|-6,981|-468,073|0|1|0|0|0|6|0|1
131,257|1,922|-6,981|-469,122|0|1|0|0|0|6|0|1
131,432|1,963|-6,981|-470,171|0|1|0|0|0|6|0|1
131,607|2,006|-6,981|-471,22|0|1|0|0|0|6|0|1
131,782|2,052|-6,981|-472,269|0|1|0|0|0|6|0|1
131,957|2,106|-6,981|-473,318|0|1|0|0|0|6|0|1
132,132|2,174|-6,981|-474,365|0|1|0|0|0|6|0|1
132,307|2,265|-6,981|-475,411|0|1|0|0|0|6|0|1
132,482|2,388|-6,981|-476,454|0|1|0|0,1|0|6|0|1
132,657|2,536|-6,981|-477,493|0|1|0|0,1|0|6|0|1
132,832|2,699|-6,631|-478,531|0|1|0|0,1|0|10|8|1
133,007|2,865|-5,626|-479,53|0|1|0|0,1|1|6|3|1
133,182|3,039|-5,144|-480,529|0|1|0|0,1|1|7|3|1
133,357|3,216|-4,698|-481,526|0|1|0|0,1|1|7|3|1
133,532|3,394|-4,25|-482,524|0|1|0|0,1|1|7|3|1
133,707|3,573|-3,821|-483,521|0|1|0|0,1|1|6|3|1
133,882|3,751|-3,359|-484,519|0|1|0|0,1|1|6|3|1
134,057|3,93|-2,877|-485,516|0|1|0|0,1|1|7|3|1
134,232|4,108|-2,428|-486,514|0|1|0|0,1|1|7|3|1
134,407|4,287|-1,969|-487,511|0|1|0|0,1|1|6|3|1
134,582|4,51|-1,629|-488,498|0|1|0|0,3|0|6|-1|1
134,757|4,993|-2,239|-489,385|0|0,9|0|0,4|0|9|-7|1
134,932|5,593|-3,714|-490,201|0|1|0|0,2|0|12|-11|1
135,107|5,912|-4,92|-491,147|0|1|0|0|0|6|0|1
135,282|5,491|-4,92|-491,924|0|0,9|0|-0,4|0|11|10|1
135,457|4,487|-3,665|-491,904|0|-0,7|0|0,7|0|6|3|1
135,632|3,493|-3,153|-491,719|0|-0,6|0|0,8|1|6|2|1
135,807|2,539|-2,716|-491,377|0|-0,6|0|0,8|1|6|2|1
135,982|1,606|-2,287|-490,982|0|-0,5|0|0,8|1|6|3|1
136,157|1,368|-1,82|-490,449|0|-0,5|0|0,8|1|5|2|1
136,332|1,103|-1,363|-489,564|0|-0,5|0|0,8|1|6|2|1
136,507|0,319|-0,928|-488,929|0|-0,5|0|0,8|1|6|3|1
136,682|-0,634|-0,433|-488,869|0|0,9|0|-0,4|1|7|3|1
136,857|-1,342|0,02|-489,58|0|1|0|-0,2|1|6|3|1
137,032|-1,796|0,527|-490,484|0|1|0|-0,2|1|6|2|1
137,207|-2,123|0,445|-491,443|0|1|0|-0,1|0|7|-4|1
137,382|-2,131|-0,588|-492,419|0|0,9|0|0,5|0|9|-9|1
137,557|-1,518|-1,45|-492,549|0|0,7|0|0,7|0|6|0|1
137,733|-0,551|-1,45|-492,205|0|0,6|0|0,8|0|6|0|1
137,908|0,301|-1,1|-491,597|0|0,5|0|0,9|0|10|8|1
138,083|1,085|-0,095|-490,955|0|0,4|0|0,9|1|6|3|1
138,258|1,861|0,387|-490,304|0|0,4|0|0,9|1|7|3|1
138,433|2,727|0,833|-489,806|0|0,6|0|0,8|1|7|3|1
138,608|3,735|1,281|-489,727|0|0,7|0|0,7|1|7|3|1
138,783|4,622|1,71|-490,185|0|0,9|0|0,4|1|6|3|1
138,958|5,3|2,171|-490,936|0|1|0|0,3|1|6|3|1
139,133|6,017|2,654|-491,636|0|0,9|0|0,5|1|7|3|1
139,308|6,982|2,983|-491,898|0|0,6|0|0,8|0|6|-1|1
139,483|7,953|2,436|-491,869|0|0,6|0|0,8|0|8|-6|1
139,658|8,772|1,014|-491,836|0|0,6|0|0,8|0|12|-11|1
139,833|9,434|-1,14|-491,803|0|0,2|0|1|0|15|-15|1
140,008|9,585|-3,907|-491,643|0|-0,4|0|0,9|0|18|-18|1
140,183|9,224|-7,188|-491,254|0|-0,5|0|0,9|1|19|-18|1
140,358|8,411|-9,734|-490,658|0|-0,5|0|0,9|1|11|-10|1
140,533|7,561|-10,935|-490,106|0|-0,5|0|0,9|1|6|-3|1
140,708|6,704|-11,011|-489,566|0|-0,5|0|0,9|1|6|3|1
140,883|5,852|-10,571|-489,017|0|-0,5|0|0,9|1|6|3|1
141,058|5,011|-10,138|-488,452|0|-0,5|0|0,9|0|6|0|1
141,233|4,175|-10,57|-487,879|0|-0,5|0|0,9|0|8|-6|1
141,408|3,357|-11,896|-487,317|0|-0,5|0|0,9|0|12|-10|1
141,583|2,658|-13,97|-486,836|0|-0,5|0|0,9|0|15|-14|1
141,758|1,903|-16,67|-486,315|0|-0,5|0|0,9|0|18|-17|1
141,933|1,07|-19,893|-485,739|0|-0,5|0|0,9|0|21|-20|1
142,108|0,293|-23,556|-485,201|0|-0,5|0|0,9|0|23|-22|1
142,283|0,019|-25,127|-485,012|0|-0,5|0|0,9|0|23|-23|