0|2,618|-5,97|-469,65|0|1|0|0|0|1|-1|1
0,175|2,618|-6,562|-469,65|0|1|0|0|0|7|-7|1
0,35|2,618|-6,981|-469,65|0|1|0|0|0|0|0|1
0,525|2,618|-6,981|-469,65|0|1|0|0|0|0|0|1
0,7|2,618|-6,981|-469,65|0|1|0|0|0|0|0|1
0,875|2,618|-6,981|-469,65|0|1|0|0|0|0|0|1
1,05|2,618|-6,981|-469,65|0|1|0|0|0|0|0|1
1,225|2,618|-6,981|-469,65|0|1|0|0|0|0|0|1
1,4|2,618|-6,981|-469,65|0|1|0|0|0|0|0|1
1,575|2,618|-6,981|-469,65|0|1|0|0|0|0|0|1
1,75|2,618|-6,981|-469,65|0|1|0|0|0|0|0|1
1,925|2,618|-6,981|-469,65|0|1|0|0|0|0|0|1
2,1|2,618|-6,981|-469,65|0|1|0|0|0|0|0|1
2,275|2,618|-6,981|-469,65|0|1|0|0|0|0|0|1
2,45|2,618|-6,981|-469,65|0|1|0|0|0|0|0|1
2,625|2,618|-6,981|-469,65|0|1|0|0|0|0|0|1
2,8|2,618|-6,981|-469,65|0|1|0|0|0|0|0|1
2,975|2,618|-6,981|-469,65|0|1|0|0|0|0|0|1
3,15|2,618|-6,981|-469,65|0|1|0|0|0|0|0|1
3,325|2,618|-6,981|-469,65|0|1|0|0|0|0|0|1
3,5|2,618|-6,981|-469,65|0|1|0|0|0|0|0|1
3,675|2,618|-6,981|-469,65|0|1|0|0|0|0|0|1
3,85|2,618|-6,981|-469,65|0|1|0|0|0|0|0|1
4,025|2,618|-6,981|-469,65|0|1|0|0|0|0|0|1
4,2|2,618|-6,981|-469,65|0|1|0|0|0|0|0|1
4,375|2,618|-6,981|-469,65|0|1|0|0|0|0|0|1
4,55|2,618|-6,981|-469,65|0|1|0|0|0|0|0|1
4,725|2,618|-6,981|-469,65|0|1|0|0|0|0|0|1
4,9|2,618|-6,981|-469,65|0|1|0|0|0|0|0|1
5,075|2,618|-6,981|-469,65|0|1|0|0|0|0|0|1
5,25|2,618|-6,981|-469,65|0|1|0|0|0|0|0|1
5,425|2,618|-6,981|-469,65|0|1|0|0|0|0|0|1
5,6|2,618|-6,981|-469,65|0|1|0|0|0|0|0|1
5,775|2,618|-6,981|-469,65|0|1|0|0|0|0|0|1
5,95|2,633|-6,981|-469,767|0|1|0|0|0|5|0|1
6,125|2,747|-6,981|-470,738|0|1|0|0,1|0|6|0|1
6,3|2,865|-6,981|-471,78|0|1|0|0,1|0|6|0|1
6,475|2,983|-6,981|-472,824|0|1|0|0,1|0|6|0|1
6,65|3,101|-6,981|-473,867|0|1|0|0,1|0|6|0|1
6,825|3,219|-6,981|-474,91|0|1|0|0,1|0|6|0|1
7|3,338|-6,981|-475,954|0|1|0|0,1|0|6|0|1
7,175|3,457|-6,981|-476,997|0|1|0|0,1|0|6|0|1
7,35|3,576|-6,981|-478,04|0|1|0|0,1|0|6|0|1
7,525|3,694|-6,981|-479,083|0|1|0|0,1|0|6|0|1
7,7|3,811|-5,872|-480,105|0|1|0|0,1|0|7|4|1
7,875|3,925|-5,33|-481,111|0|1|0|0,1|1|7|3|1
8,05|4,04|-4,878|-482,118|0|1|0|0,1|1|6|3|1
8,225|4,155|-4,407|-483,125|0|1|0|0,1|1|6|2|1
8,4|4,269|-3,987|-484,132|0|1|0|0,1|1|7|3|1
8,575|4,383|-3,558|-485,139|0|1|0|0,1|1|6|3|1
8,75|4,497|-3,063|-486,145|0|1|0|0,1|1|7|3|1
8,925|4,611|-2,611|-487,152|0|1|0|0,1|1|6|3|1
9,1|4,714|-2,13|-488,16|0|1|0|0|0|6|2|1
9,275|4,792|-2,234|-489,17|0|1|0|0|0|7|-4|1
9,45|4,932|-3,286|-490,171|0|1|0|0,3|0|11|-9|1
9,625|5,313|-4,921|-491,108|0|0,9|0|0,3|0|6|0|1
9,8|5,664|-4,92|-492,014|0|1|0|0,1|0|2|0|1
9,975|5,649|-4,92|-492,168|0|1|0|0,1|0|10|10|1
10,15|5,629|-3,665|-492,161|0|1|0|-0,3|0|3|3|1
10,325|5,075|-3,153|-491,711|0|-0,5|0|0,8|1|6|2|1
10,5|4,325|-2,716|-491,03|0|-0,4|0|0,9|1|6|2|1
10,675|3,826|-2,287|-490,168|0|-0,1|0|1|1|6|3|1
10,85|3,673|-1,82|-489,168|0|0|0|1|1|6|2|1
11,025|3,722|-1,398|-488,181|0|0,1|0|1|1|6|3|1
11,2|3,829|-0,886|-487,339|0|0,1|0|1|1|5|2|1
11,375|3,805|-0,449|-486,767|0|-0,5|0|0,8|1|4|2|1
11,55|3,103|-0,008|-487,165|0|0,9|0|-0,4|1|6|3|1
11,725|2,4|0,514|-487,894|0|0,9|0|-0,3|1|6|2|1
11,9|1,754|0,947|-488,675|0|0,9|0|-0,3|1|7|4|1
12,075|1,003|1,445|-489,334|0|-0,8|0|0,6|1|6|2|1
12,25|0,039|1,777|-489,642|0|-0,8|0|0,6|0|6|-1|1
12,425|-0,965|1,246|-489,739|0|-0,6|0|0,8|0|8|-6|1
12,6|-1,876|-0,162|-489,709|0|-0,6|0|0,8|0|12|-11|1
12,775|-2,561|-1,45|-489,686|0|-0,6|0|0,8|0|1|0|1
12,95|-2,494|-1,45|-489,689|0|-0,2|0|1|0|5|0|1
13,125|-1,736|-1,45|-490,275|0|0,8|0|0,6|0|6|0|1
13,3|-0,862|-0,796|-490,84|0|0,9|0|0,5|0|9|7|1
13,475|0,008|-0,005|-491,359|0|0,9|0|0,5|1|7|4|1
13,65|0,882|0,494|-491,871|0|0,9|0|0,5|1|6|2|1
13,825|1,796|0,948|-492,29|0|0,8|0|0,7|1|6|2|1
14|2,805|1,387|-492,262|0|0,6|0|0,8|1|6|2|1
14,175|3,803|1,808|-492,085|0|0,6|0|0,8|1|7|3|1
14,35|4,801|2,262|-491,913|0|0,7|0|0,8|1|7|4|1
14,525|5,802|2,761|-491,811|0|0,7|0|0,7|1|6|2|1
14,7|6,679|2,643|-491,744|0|0,7|0|0,7|0|6|-4|1
14,875|7,413|1,58|-491,688|0|0,7|0|0,7|0|4|0|1
15,05|7,006|1,31|-491,434|0|-0,3|0|1|0|6|0|1
15,225|6,046|1,31|-491,034|0|-0,5|0|0,9|0|6|0|1
15,4|5,093|1,31|-490,594|0|-0,5|0|0,8|0|6|0|1
15,575|4,403|1,31|-490,267|0|-0,5|0|0,8|0|1|0|1
15,75|4,375|1,31|-490,253|0|-0,5|0|0,8|0|0|0|1
15,925|4,375|1,31|-490,253|0|-0,5|0|0,8|0|0|0|1
16,1|4,375|1,31|-490,253|0|-0,5|0|0,8|0|0|0|1
16,275|4,375|1,31|-490,253|0|-0,5|0|0,8|0|10|10|1
16,45|4,375|2,565|-490,253|0|-0,5|0|0,8|0|3|3|1
16,625|4,375|3,077|-490,253|0|-0,5|0|0,8|1|2|2|1
16,8|3,881|3,514|-490,014|0|-0,5|0|0,8|1|6|2|1
16,975|2,969|3,943|-489,571|0|-0,5|0|0,8|1|6|3|1
17,15|2,058|4,41|-489,129|0|-0,5|0|0,8|1|6|2|1
17,325|1,115|4,832|-488,78|0|-0,7|0|0,7|1|6|3|1
17,5|0,111|5,344|-488,883|0|-0,8|0|0,6|1|6|2|1
17,675|-0,735|5,781|-489,403|0|0,9|0|-0,3|1|6|2|1
17,85|-1,312|6,222|-490,233|0|1|0|-0,2|0|6|1|1
18,025|-1,58|5,908|-491,147|0|0,9|0|0,4|0|8|-5|1
18,2|-1,512|4,879|-492,047|0|0,9|0|0,4|0|2|0|1
18,375|-1,502|4,88|-492,176|0|0,9|0|0,4|0|0|0|1
18,55|-1,502|4,88|-492,178|0|0,9|0|0,4|0|3|0|1
18,725|-1,784|5,988|-492,603|0|1|0|0|0|5|4|1
18,9|-2,038|6,531|-492,603|0|1|0|0|1|3|3|1
19,075|-1,921|7,001|-492,712|0|1|0|0,1|1|5|2|1
19,25|-1,476|7,469|-493,566|0|1|0|0,2|1|7|3|1
19,425|-1,077|7,935|-494,498|0|1|0|0,2|1|6|2|1
19,6|-0,696|8,392|-495,437|0|1|0|0,2|1|6|3|1
19,775|-0,32|8,767|-496,377|0|1|0|0,2|0|6|-1|1
19,95|0,047|8,272|-497,322|0|1|0|0,2|0|8|-6|1
20,125|0,374|7,055|-498,281|0|1|0|0,1|0|6|0|1
20,3|0,582|7,056|-499,303|0|1|0|0,1|0|6|0|1
20,475|0,759|7,056|-500,338|0|1|0|0,1|0|6|0|1
20,65|0,907|7,056|-501,377|0|1|0|0,1|0|6|0|1
20,825|1,013|7,056|-502,422|0|1|0|0|0|6|0|1
21|1,096|7,056|-503,469|0|1|0|0|0|6|0|1
21,175|1,174|7,056|-504,516|0|1|0|0|0|6|0|1
21,35|1,251|7,056|-505,563|0|1|0|0|0|6|0|1
21,525|1,328|7,056|-506,61|0|1|0|0|0|6|0|1
21,7|1,407|7,056|-507,657|0|1|0|0|0|6|0|1
21,875|1,489|7,056|-508,704|0|1|0|0|0|6|0|1
22,05|1,569|7,056|-509,751|0|1|0|0|0|6|0|1
22,225|1,644|7,824|-510,75|0|1|0|0|0|8|6|1
22,4|1,719|8,489|-511,761|0|1|0|0|1|6|2|1
22,575|1,791|8,922|-512,771|0|1|0|0|0|6|0|1
22,75|1,863|8,601|-513,782|0|1|0|0|0|8|-5|1
22,925|1,934|7,368|-514,793|0|1|0|0|0|11|-10|1
23,1|2,005|5,372|-515,804|0|1|0|0|0|15|-14|1
23,275|2,077|2,737|-516,814|0|1|0|0|0|18|-17|1
23,45|2,146|-0,432|-517,825|0|1|0|0|0|21|-20|1
23,625|2,202|-1,953|-518,847|0|1|0|0|0|6|0|1
23,8|2,241|-1,953|-519,895|0|1|0|0|0|6|0|1
23,975|2,275|-1,953|-520,945|0|1|0|0|0|6|0|1
24,15|2,3|-1,953|-521,994|0|1|0|0|0|6|0|1
24,325|2,316|-1,953|-523,044|0|1|0|0|0|6|0|1
24,5|2,326|-1,953|-524,094|0|1|0|0|0|6|0|1
24,675|2,331|-1,953|-525,144|0|1|0|0|0|6|0|1
24,85|2,333|-1,953|-526,194|0|1|0|0|0|6|0|1
25,025|2,334|-1,953|-527,244|0|1|0|0|0|6|0|1
25,2|2,334|-0,844|-528,272|0|1|0|0|0|7|4|1
25,375|2,333|-0,302|-529,286|0|1|0|0|1|7|3|1
25,55|2,33|0,15|-530,299|0|1|0|0|1|6|3|1
25,725|2,325|0,621|-531,312|0|1|0|0|1|6|2|1
25,9|2,319|1,041|-532,325|0|1|0|0|1|7|3|1
26,075|2,313|1,47|-533,338|0|1|0|0|1|6|3|1
26,25|2,307|1,965|-534,351|0|1|0|0|1|7|3|1
26,425|2,3|2,417|-535,365|0|1|0|0|1|6|3|1
26,6|2,294|2,898|-536,378|0|1|0|0|1|6|2|1
26,775|2,288|3,362|-537,37|0|1|0|0|1|6|3|1
26,95|2,458|3,824|-538,22|0|0,9|0|0,4|1|6|3|1
27,125|3,349|4,306|-538,673|0|0,8|0|0,7|1|7|3|1
27,3|4,352|4,75|-538,807|0|0,7|0|0,7|1|7|3|1
27,475|5,365|5,194|-538,847|0|0,7|0|0,7|1|6|3|1
27,65|6,276|5,623|-538,869|0|0,7|0|0,7|1|4|3|1
27,825|6,192|6,086|-538,882|0|0,9|0|-0,5|1|6|3|1
28|5,194|6,568|-538,883|0|-0,7|0|0,7|1|7|3|1
28,175|4,235|7,009|-539,157|0|0,9|0|-0,5|1|7|3|1
28,35|3,425|7,477|-539,763|0|0,9|0|-0,4|1|6|2|1
28,525|2,822|7,891|-540,558|0|1|0|-0,1|1|7|3|1
28,7|2,626|8,334|-541,549|0|1|0|0|1|7|3|1
28,875|2,568|8,81|-542,561|0|1|0|0|1|6|2|1
29,05|2,547|9,242|-543,574|0|1|0|0|0|6|1|1
29,225|2,535|9,035|-544,587|0|1|0|0|0|7|-5|1
29,4|2,525|7,897|-545,6|0|1|0|0|0|11|-9|1
29,575|2,521|7,298|-546,005|0|1|0|0|1|9|-6|
29,75|2,521|7,298|-546,005|0|1|0|0|1|9|-6|
29,925|2,521|7,298|-546,005|0|1|0|0|1|9|-6|
30,1|2,521|7,298|-546,005|0|1|0|0|1|9|-6|
30,275|2,521|7,298|-546,005|0|1|0|0|1|9|-6|
30,45|2,521|7,298|-546,005|0|1|0|0|1|9|-6|
30,625|2,617|-1,371|-524,278|0|1|0|0|0|6|-6|1
30,8|2,612|-1,953|-525,049|0|1|0|0|0|6|0|1
30,975|2,607|-1,953|-526,09|0|1|0|0|0|6|0|1
31,15|2,601|-1,953|-527,14|0|1|0|0|0|6|0|1
31,325|2,596|-1,953|-528,19|0|1|0|0|0|6|0|1
31,5|2,59|-1,953|-529,24|0|1|0|0|0|6|0|1
31,675|2,585|-1,047|-530,275|0|1|0|0|0|8|6|1
31,85|2,579|-0,381|-531,288|0|1|0|0|1|6|2|1
32,025|2,569|0,052|-532,302|0|1|0|0|1|6|3|1
32,2|2,556|0,515|-533,315|0|1|0|0|1|7|3|1
32,375|2,543|0,944|-534,321|0|1|0|0|1|6|3|1
32,55|2,532|1,41|-535,201|0|1|0|0|1|5|2|1
32,725|2,189|1,886|-535,922|0|0,9|0|-0,5|1|6|2|1
32,9|1,234|2,319|-536,238|0|-0,7|0|0,7|1|6|3|1
33,075|0,224|2,789|-536,315|0|-0,7|0|0,7|1|7|3|1
33,25|-0,789|3,281|-536,326|0|-0,7|0|0,7|1|6|2|1
33,425|-1,663|3,724|-536,729|0|1|0|-0,2|1|6|3|1
33,6|-2,009|4,236|-537,673|0|1|0|0|1|6|2|1
33,775|-2,114|4,673|-538,68|0|1|0|0|1|6|2|1
33,95|-2,152|5,096|-539,693|0|1|0|0|1|6|3|1
34,125|-2,172|5,563|-540,706|0|1|0|0|1|6|2|1
34,3|-2,187|5,986|-541,617|0|1|0|0|1|5|3|1
34,475|-2,199|6,498|-542,38|0|1|0|0|1|4|2|1
34,65|-2,21|6,935|-543,019|0|1|0|0|1|4|2|1
34,825|-2,219|7,364|-543,553|0|1|0|0|1|4|3|1
35|-2,226|7,814|-544|0|1|0|0|1|5|2|1
35,175|-2,154|8,237|-544,937|0|1|0|0|1|6|3|1
35,35|-2,043|8,691|-545,944|0|1|0|0,1|1|7|3|1
35,525|-1,906|9,156|-546,948|0|1|0|0,1|1|6|2|1
35,7|-1,726|9,618|-547,945|0|1|0|0,1|1|6|3|1
35,875|-1,504|10,054|-548,934|0|1|0|0,1|1|7|3|1
36,05|-1,26|10,488|-549,917|0|1|0|0,1|0|6|1|1
36,225|-1,011|10,178|-550,899|0|1|0|0,1|0|8|-5|1
36,4|-0,761|8,954|-551,881|0|1|0|0,1|0|11|-10|1
36,575|-0,512|6,966|-552,863|0|1|0|0,1|0|15|-14|1
36,75|-0,263|4,578|-553,846|0|1|0|0,1|1|12|-10|1
36,925|-0,014|3,296|-554,828|0|1|0|0,1|1|7|-3|1
37,1|0,232|3,152|-555,811|0|1|0|0,1|1|6|3|1
37,275|0,468|3,639|-556,796|0|1|0|0,1|1|7|3|1
37,45|0,694|4,113|-557,784|0|1|0|0,1|0|6|2|1
37,625|0,914|4,012|-558,773|0|1|0|0,1|0|7|-4|1
37,8|1,119|2,963|-559,765|0|1|0|0,1|0|11|-9|1
37,975|1,301|1,121|-560,762|0|1|0|0,1|0|14|-13|1
38,15|1,459|-1,385|-561,763|0|1|0|0,1|0|6|0|1
38,325|1,577|-1,953|-562,793|0|1|0|0,1|0|6|0|1
38,5|1,674|-1,953|-563,838|0|1|0|0|0|6|0|1
38,675|1,764|-1,953|-564,884|0|1|0|0|0|6|0|1
38,85|1,847|-1,953|-565,931|0|1|0|0|0|6|0|1
39,025|1,929|-1,953|-566,978|0|1|0|0|0|6|0|1
39,2|2,011|-1,953|-568,025|0|1|0|0|0|6|0|1
39,375|2,089|-0,844|-569,05|0|1|0|0|0|7|4|1
39,55|2,159|-0,302|-570,06|0|1|0|0|1|7|3|1
39,725|2,213|0,15|-571,072|0|1|0|0|1|6|3|1
39,9|2,253|0,621|-572,085|0|1|0|0|1|6|2|1
40,075|2,286|1,041|-573,097|0|1|0|0|1|7|3|1
40,25|2,317|1,47|-574,11|0|1|0|0|1|6|3|1
40,425|2,347|1,965|-575,123|0|1|0|0|1|7|3|1
40,6|2,377|2,417|-576,136|0|1|0|0|1|6|3|1
40,775|2,408|2,898|-577,149|0|1|0|0|1|6|2|1
40,95|2,438|3,362|-578,162|0|1|0|0|1|7|3|1
41,125|2,468|3,824|-579,175|0|1|0|0|1|6|3|1
41,3|2,496|4,307|-580,188|0|1|0|0|0|6|1|1
41,475|2,512|4,034|-581,201|0|1|0|0|0|8|-5|1
41,65|2,511|2,842|-582,214|0|1|0|0|0|6|4|1
41,825|2,497|3,195|-582,96|0|1|0|0|0|6|4|1
42|2,479|3,933|-583,704|0|1|0|0|0|6|4|1
42,175|2,461|4,673|-584,449|0|1|0|0|0|6|4|1
42,35|2,443|5,412|-585,195|0|1|0|0|0|6|4|1
42,525|2,425|6,152|-585,94|0|1|0|0|0|6|4|1
42,7|2,407|6,892|-586,685|0|1|0|0|0|6|4|1
42,875|2,388|7,631|-587,43|0|1|0|0|0|6|4|1
43,05|2,37|8,371|-588,176|0|1|0|0|0|6|4|1
43,225|2,352|9,11|-588,921|0|1|0|0|0|6|4|1
43,4|2,337|9,858|-589,66|0|1|0|0|0|6|4|1
43,575|2,334|10,627|-590,375|0|1|0|0|0|6|4|1
43,75|2,34|11,831|-591,327|0|1|0|0|0|7|4|1
43,925|2,355|12,374|-592,34|0|1|0|0|1|7|3|1
44,1|2,384|12,825|-593,353|0|1|0|0|1|6|3|1
44,275|2,419|13,296|-594,365|0|1|0|0|1|6|2|1
44,45|2,454|13,716|-595,378|0|1|0|0|1|7|3|1
44,625|2,482|14,146|-596,391|0|1|0|0|1|6|3|1
44,8|2,505|14,641|-597,404|0|1|0|0|1|7|3|1
44,975|2,518|15,092|-598,417|0|1|0|0|0|6|2|1
45,15|2,52|14,942|-599,43|0|1|0|0|0|7|-4|1
45,325|2,509|13,851|-600,443|0|1|0|0|0|11|-9|1
45,5|2,486|12,056|-601,456|0|1|0|0|1|10|-9|1
45,675|2,452|11,049|-602,469|0|1|0|0|1|6|-2|1
45,85|2,414|11,137|-603,482|0|1|0|0|0|6|1|1
46,025|2,376|10,976|-604,494|0|1|0|0|0|7|-4|1
46,2|2,338|9,877|-605,507|0|1|0|0|0|11|-9|1
46,375|2,301|7,993|-606,519|0|1|0|0|0|14|-13|1
46,55|2,266|5,452|-607,532|0|1|0|0|0|17|-16|1
46,725|2,232|2,361|-608,544|0|1|0|0|0|20|-19|1
46,9|2,202|-0,185|-609,511|0|1|0|0|0|6|3|1
47,075|2,19|0,374|-610,384|0|1|0|0|0|6|3|1
47,25|2,191|0,94|-611,268|0|1|0|0|0|6|3|1
47,425|2,218|1,506|-612,152|0|1|0|0|0|6|3|1
47,6|2,267|2,071|-613,035|0|1|0|0|0|6|3|1
47,775|2,32|2,637|-613,918|0|1|0|0|0|6|3|1
47,95|2,373|3,202|-614,801|0|1|0|0|0|6|3|1
48,125|2,438|3,767|-615,684|0|1|0|0|0|6|3|1
48,3|2,581|4,328|-616,559|0|1|0|0,1|0|6|3|1
48,475|2,764|4,885|-617,43|0|1|0|0,1|0|6|3|1
48,65|2,949|5,442|-618,301|0|1|0|0,1|0|6|3|1
48,825|3,135|6|-619,171|0|1|0|0,1|0|6|3|1
49|3,27|6,561|-620,047|0|1|0|0,1|0|11|10|1
49,175|3,305|7,815|-621,025|0|1|0|0|0|6|3|1
49,35|3,247|8,328|-622,036|0|1|0|-0,1|1|6|2|1
49,525|3,121|8,765|-623,042|0|1|0|-0,1|1|6|2|1
49,7|2,976|9,194|-624,045|0|1|0|-0,1|1|6|3|1
49,875|2,826|9,661|-625,047|0|1|0|-0,1|1|6|2|1
50,05|2,678|10,082|-626,049|0|1|0|-0,1|1|6|3|1
50,225|2,566|10,595|-627,056|0|1|0|0|0|6|2|1
50,4|2,491|10,527|-628,066|0|1|0|0|0|7|-4|1
50,575|2,447|9,506|-629,079|0|1|0|0|0|10|-9|1
50,75|2,427|7,687|-630,092|0|1|0|0|0|14|-13|1
50,925|2,422|5,2|-631,105|0|1|0|0|0|17|-16|1
51,1|2,425|2,602|-632,091|0|1|0|0|0|6|-3|1
51,275|2,433|2,055|-632,95|0|1|0|0|0|6|-3|1
51,45|2,427|1,489|-633,834|0|1|0|0|0|6|-3|1
51,625|2,409|0,923|-634,718|0|1|0|0|0|6|-3|1
51,8|2,387|0,357|-635,602|0|1|0|0|0|6|-3|1
51,975|2,364|-0,209|-636,486|0|1|0|0|0|6|-3|1
52,15|2,338|0,105|-637,388|0|1|0|0|0|9|7|1
52,325|2,31|0,896|-638,401|0|1|0|0|1|7|4|1
52,5|2,282|1,395|-639,414|0|1|0|0|1|6|2|1
52,675|2,253|1,85|-640,426|0|1|0|0|1|6|2|1
52,85|2,225|2,288|-641,439|0|1|0|0|1|6|2|1
53,025|2,197|2,709|-642,452|0|1|0|0|1|7|3|1
53,2|2,169|3,037|-643,465|0|1|0|0|0|6|-1|1
53,375|2,14|2,491|-644,478|0|1|0|0|0|9|-6|1
53,55|2,112|1,07|-645,491|0|1|0|0|0|12|-11|1
53,725|2,084|-1,084|-646,504|0|1|0|0|0|16|-15|1
53,9|2,053|-1,953|-647,533|0|1|0|0|0|6|0|1
54,075|2,018|-1,953|-648,582|0|1|0|0|0|6|0|1
54,25|1,983|-1,953|-649,632|0|1|0|0|0|6|0|1
54,425|1,953|-1,953|-650,681|0|1|0|0|0|6|0|1
54,6|2,02|-1,953|-651,697|0|1|0|0,1|0|6|0|1
54,775|2,705|-1,953|-652,466|0|0,9|0|0,3|0|6|0|1
54,95|3,441|-1,953|-653,215|0|0,9|0|0,4|0|6|0|1
55,125|4,181|-1,953|-653,96|0|0,9|0|0,4|0|6|0|1
55,3|4,922|-1,953|-654,704|0|0,9|0|0,4|0|6|0|1
55,475|5,664|-1,953|-655,447|0|0,9|0|0,4|0|6|0|1
55,65|6,406|-1,953|-656,19|0|0,9|0|0,4|0|6|0|1
55,825|7,147|-1,953|-656,933|0|0,9|0|0,4|0|6|0|1
56|7,262|-1,953|-657,936|0|1|0|0,1|0|6|0|1
56,175|7,263|-1,953|-658,985|0|1|0|0|0|6|0|1
56,35|7,262|-0,847|-660,011|0|1|0|0|0|7|4|1
56,525|7,261|-0,304|-661,024|0|1|0|0|1|7|3|1
56,7|7,26|0,147|-662,037|0|1|0|0|1|6|3|1
56,875|7,259|0,618|-663,051|0|1|0|0|1|6|2|1
57,05|7,258|1,039|-664,064|0|1|0|0|1|7|3|1
57,225|7,257|1,468|-665,077|0|1|0|0|1|6|3|1
57,4|7,254|1,963|-666,09|0|1|0|0|1|7|3|1
57,575|7,249|2,333|-667,103|0|1|0|0|0|6|-1|1
57,75|7,243|1,817|-668,116|0|1|0|0|0|8|-6|1
57,925|7,237|0,662|-669,13|0|1|0|0|1|7|-4|1
58,1|7,231|0,41|-670,143|0|1|0|0|1|6|2|1
58,275|7,225|0,843|-671,156|0|1|0|0|1|7|4|1
58,45|7,218|1,342|-672,169|0|1|0|0|1|6|2|1
58,625|7,212|1,789|-673,182|0|1|0|0|1|6|2|1
58,8|7,206|2,205|-674,196|0|1|0|0|1|6|3|1
58,975|7,199|2,677|-675,209|0|1|0|0|1|6|2|1
59,15|7,191|2,865|-676,222|0|1|0|0|0|6|-2|1
59,325|7,164|2,128|-677,235|0|1|0|0|0|9|-7|1
59,5|7,084|1,331|-678,245|0|1|0|-0,1|1|6|-1|1
59,675|6,945|1,594|-679,248|0|1|0|-0,1|1|6|2|1
59,85|6,76|2,035|-680,244|0|1|0|-0,1|1|6|3|1
60,025|6,522|2,556|-681,229|0|1|0|-0,1|1|6|2|1
60,2|6,223|2,794|-682,197|0|1|0|-0,2|0|6|-2|1
60,375|5,881|2,096|-683,151|0|1|0|-0,2|0|9|-7|1
60,55|5,496|0,548|-684,088|0|1|0|-0,2|0|13|-11|1
60,725|4,956|-1,712|-684,939|0|-0,9|0|0,5|0|6|0|1
60,9|4,063|-1,953|-685,409|0|-0,8|0|0,6|0|6|0|1
61,075|3,081|-1,953|-685,777|0|-0,8|0|0,6|0|6|0|1
61,25|2,439|-1,953|-686,39|0|1|0|-0,2|0|5|0|1
61,425|3,044|-1,953|-687,183|0|1|0|0,3|0|6|0|1
61,6|3,789|-1,953|-687,921|0|0,9|0|0,4|0|6|0|1
61,775|4,542|-1,953|-688,653|0|0,9|0|0,4|0|6|0|1
61,95|5,29|-1,299|-689,379|0|0,9|0|0,4|0|9|7|1
62,125|6,021|-0,508|-690,081|0|0,9|0|0,4|1|7|4|1
62,3|6,772|-0,009|-690,762|0|0,9|0|0,4|1|6|2|1
62,475|7,51|0,446|-691,452|0|1|0|0,3|1|6|2|1
62,65|7,878|0,884|-692,39|0|1|0|0,1|1|6|2|1
62,825|8,033|1,305|-693,391|0|1|0|0|1|7|3|1
63|8,109|1,759|-694,401|0|1|0|0|1|7|4|1
63,175|8,128|2,259|-695,414|0|1|0|0|1|6|2|1
63,35|8,085|2,718|-696,426|0|1|0|0|1|6|2|1
63,525|7,993|3,152|-697,435|0|1|0|-0,1|1|7|4|1
63,7|7,858|3,662|-698,439|0|1|0|-0,1|1|6|2|1
63,875|7,684|4,12|-699,437|0|1|0|-0,1|1|7|3|1
64,05|7,482|4,49|-700,43|0|1|0|-0,1|0|6|-1|1
64,225|7,261|3,973|-701,419|0|1|0|-0,1|0|8|-6|1
64,4|7,018|2,577|-702,403|0|1|0|-0,1|1|10|-8|1
64,575|6,724|1,607|-703,373|0|1|0|-0,2|1|6|-2|1
64,75|6,393|1,724|-704,33|0|1|0|-0,2|1|6|2|1
64,925|6,053|2,006|-705,285|0|1|0|-0,2|0|6|-2|1
65,1|5,715|1,347|-706,24|0|1|0|-0,2|0|9|-7|1
65,275|5,364|-0,168|-707,19|0|1|0|-0,3|0|13|-11|1
65,45|4,79|-1,953|-708,021|0|0,9|0|-0,5|0|5|0|1
65,625|3,849|-1,953|-707,849|0|-0,6|0|0,8|0|6|0|1
65,8|2,854|-1,953|-707,519|0|-0,6|0|0,8|0|6|0|1
65,975|1,836|-1,953|-707,263|0|-0,6|0|0,8|0|6|0|1
66,15|0,795|-1,953|-707,142|0|-0,7|0|0,7|0|6|0|1
66,325|0,224|-1,953|-707,139|0|-0,7|0|0,7|0|0|0|1
66,5|0,687|-1,953|-707,096|0|0,2|0|1|0|6|0|1
66,675|1,718|-1,953|-707,002|0|0,6|0|0,8|0|6|0|1
66,85|2,764|-1,953|-706,907|0|0,7|0|0,7|0|6|0|1
67,025|3,812|-1,953|-706,849|0|0,7|0|0,7|0|6|0|1
67,2|4,86|-1,953|-706,894|0|0,7|0|0,7|0|3|0|1
67,375|5,022|-1,953|-706,908|0|0,7|0|0,7|0|0|0|1
67,55|4,404|-1,953|-707,016|0|-0,5|0|0,9|0|6|0|1
67,725|3,864|-1,953|-707,801|0|1|0|-0,3|0|6|0|1
67,9|3,679|-1,953|-708,83|0|1|0|-0,1|0|6|0|1
68,075|3,494|-1,953|-709,864|0|1|0|-0,1|0|12|10|1
68,25|3,311|-0,698|-710,868|0|1|0|-0,1|0|6|3|1
68,425|3,129|-0,185|-711,865|0|1|0|-0,1|1|6|2|1
68,6|2,947|0,252|-712,861|0|1|0|-0,1|1|6|2|1
68,775|2,765|0,68|-713,858|0|1|0|-0,1|1|6|3|1
68,95|2,583|1,148|-714,855|0|1|0|-0,1|1|6|2|1
69,125|2,401|1,569|-715,851|0|1|0|-0,1|1|6|3|1
69,3|2,219|2,082|-716,848|0|1|0|-0,1|1|6|2|1
69,475|2,037|2,519|-717,845|0|1|0|-0,1|1|6|2|1
69,65|1,855|2,498|-718,842|0|1|0|-0,1|0|7|-4|1
69,825|1,673|1,756|-719,838|0|1|0|-0,1|1|6|-2|1
70|1,491|1,852|-720,835|0|1|0|-0,1|1|7|3|1
70,175|1,309|2,281|-721,832|0|1|0|-0,1|1|6|3|1
70,35|1,135|2,751|-722,83|0|1|0|-0,1|1|6|2|1
70,525|0,979|3,179|-723,831|0|1|0|-0,1|1|7|3|1
70,7|0,84|3,274|-724,835|0|1|0|-0,1|0|7|-3|1
70,875|0,815|2,389|-725,843|0|1|0|0,2|0|10|-8|1
71,05|1,101|0,683|-726,812|0|0,9|0|0,3|0|14|-12|1
71,226|1,577|-1,708|-727,706|0|0,9|0|0,4|0|6|0|1
71,401|2,274|-1,953|-728,418|0|0,9|0|0,5|0|6|0|1
71,576|3,3|-1,953|-728,503|0|0,8|0|0,7|0|6|0|1
71,751|4,306|-1,953|-728,656|0|0,8|0|0,6|0|6|0|1
71,926|4,994|-1,953|-729,421|0|0,9|0|0,4|0|6|0|1
72,101|5,635|-1,953|-730,251|0|0,9|0|0,3|0|6|0|1
72,276|6,241|-1,047|-731,091|0|1|0|0,3|0|8|6|1
72,451|6,594|-0,381|-732,03|0|1|0|0|1|6|2|1
72,626|6,538|0,052|-733,039|0|1|0|-0,1|1|6|3|1
72,801|6,316|0,515|-734,027|0|1|0|-0,1|1|7|3|1
72,976|5,861|0,944|-734,915|0|0,9|0|-0,4|1|6|3|1
73,151|5,05|1,41|-735,518|0|-0,9|0|0,5|1|6|2|1
73,326|4,161|1,886|-736,004|0|-0,8|0|0,5|1|6|2|1
73,501|3,254|2,319|-736,455|0|-0,8|0|0,5|1|6|3|1
73,676|2,347|2,789|-736,906|0|-0,9|0|0,5|1|7|3|1
73,851|1,555|3,281|-737,506|0|1|0|-0,2|1|6|2|1
74,026|1,608|3,724|-738,49|0|1|0|0,3|1|6|3|1
74,201|2,141|4,236|-739,349|0|0,9|0|0,4|1|6|2|1
74,376|2,56|4,673|-740,258|0|1|0|0,1|1|6|2|1
74,551|2,71|4,633|-741,252|0|1|0|0|0|7|-4|1
74,726|2,823|3,634|-742,125|0|1|0|0|0|10|-9|1
74,901|2,877|3,147|-742,542|0|1|0|0|0|0|0|1
75,076|2,878|3,147|-742,551|0|1|0|0|0|0|0|1
75,251|3,165|3,147|-742,552|0|0,9|0|0,4|0|5|0|1
75,426|4,183|3,147|-742,556|0|0,8|0|0,7|0|6|0|1
75,601|5,232|3,147|-742,565|0|0,7|0|0,7|0|6|0|1
75,776|6,247|2,979|-742,585|0|0,7|0|0,7|0|7|-4|1
75,951|7,249|3,933|-742,613|0|0,7|0|0,7|0|7|4|1
76,126|8,261|4,476|-742,641|0|0,7|0|0,7|1|7|3|1
76,301|9,274|4,927|-742,672|0|0,7|0|0,7|1|6|3|1
76,476|10,287|5,398|-742,714|0|0,7|0|0,7|1|6|2|1
76,651|11,298|5,819|-742,774|0|0,7|0|0,7|1|7|3|1
76,826|12,066|6,248|-743,362|0|1|0|0,1|1|6|3|1
77,001|12,2|6,743|-744,357|0|1|0|-0,1|1|7|3|1
77,176|12,031|7,195|-745,355|0|1|0|-0,1|1|6|3|1
77,351|11,744|7,675|-746,326|0|1|0|-0,2|1|6|2|1
77,526|11,402|8,14|-747,28|0|1|0|-0,2|1|7|3|1
77,701|11,022|8,602|-748,219|0|1|0|-0,2|1|6|3|1
77,876|10,604|9,083|-749,142|0|1|0|-0,2|1|7|3|1
78,051|10,142|9,528|-750,044|0|1|0|-0,2|1|7|3|1
78,226|9,632|9,971|-750,919|0|1|0|-0,3|1|7|3|1
78,401|9,071|10,4|-751,763|0|1|0|-0,3|1|6|3|1
78,576|8,449|10,864|-752,563|0|0,9|0|-0,3|1|6|3|1
78,751|7,784|11,345|-753,327|0|0,9|0|-0,4|1|7|3|1
78,926|7,105|11,787|-754,078|0|0,9|0|-0,4|1|7|3|1
79,101|6,419|12,136|-754,825|0|0,9|0|-0,4|0|6|-1|1
79,276|5,732|11,606|-755,57|0|0,9|0|-0,4|0|8|-6|1
79,451|5,044|10,198|-756,314|0|0,9|0|-0,4|0|12|-11|1
79,626|4,356|8,056|-757,057|0|0,9|0|-0,4|0|16|-14|1
79,801|3,714|5,298|-757,75|0|0,9|0|-0,4|0|18|-18|1
79,976|3,159|2,026|-758,314|0|-0,8|0|0,6|0|21|-20|1
80,151|2,401|-0,253|-758,424|0|-0,5|0|0,9|0|6|0|1
80,326|1,597|-0,253|-757,799|0|-0,4|0|0,9|0|3|0|1
80,501|1,47|-0,253|-757,699|0|-0,4|0|0,9|0|0|0|1
80,676|1,759|-0,253|-757,082|0|0|0|1|0|6|0|1
80,852|2,037|-0,253|-756,378|0|0,1|0|1|0|1|0|1
81,027|2,048|-0,253|-756,348|0|0,1|0|1|0|0|0|1
81,202|2,048|-0,253|-756,348|0|0,1|0|1|0|0|0|1
81,377|2,048|-0,253|-756,348|0|0,1|0|1|0|0|0|1
81,552|2,164|-0,253|-756,37|0|0,3|0|0,9|0|5|0|1
81,727|3,126|-0,253|-756,546|0|0,7|0|0,7|0|6|0|1
81,902|4,158|-0,253|-756,736|0|0,8|0|0,7|0|6|0|1
82,077|4,72|-0,253|-756,839|0|0,8|0|0,6|0|0|0|1
82,252|4,733|-0,253|-756,841|0|0,8|0|0,6|0|0|0|1
82,427|4,733|-0,253|-756,841|0|0,8|0|0,6|0|0|0|1
82,602|4,733|-0,253|-756,841|0|0,8|0|0,6|0|0|0|1
82,777|4,605|0,401|-757,51|0|1|0|0,1|0|9|7|1
82,952|4,413|1,192|-758,505|0|1|0|-0,1|1|7|4|1
83,127|3,952|1,691|-759,389|0|0,9|0|-0,4|1|6|2|1
83,302|3,104|2,146|-759,901|0|-0,7|0|0,7|1|6|2|1
83,477|2,094|2,584|-759,917|0|-0,7|0|0,8|1|6|2|1
83,652|1,092|3,005|-759,771|0|-0,6|0|0,8|1|7|3|1
83,827|0,103|3,459|-759,584|0|-0,6|0|0,8|1|6|4|1
84,002|-0,201|3,959|-759,531|0|1|0|0,3|1|4|2|1
84,177|0,644|4,418|-759,812|0|0,9|0|0,4|1|6|2|1
84,352|1,376|4,852|-760,508|0|1|0|0,3|1|7|4|1
84,527|1,984|5,362|-761,318|0|1|0|0,3|1|6|2|1
84,702|2,555|5,82|-762,156|0|1|0|0,3|1|7|3|1
84,877|3,084|6,271|-763,017|0|1|0|0,2|1|6|3|1
85,052|3,17|6,45|-763,412|0|1|0|0|1|7|3|
85,227|3,17|6,45|-763,412|0|1|0|0|1|7|3|
85,402|3,17|6,45|-763,412|0|1|0|0|1|7|3|
85,577|3,17|6,45|-763,412|0|1|0|0|1|7|3|
85,752|3,17|6,45|-763,412|0|1|0|0|1|7|3|
85,927|3,17|6,45|-763,412|0|1|0|0|1|7|3|
86,102|2,572|-1,062|-727,269|0|1|0|0|0|4|-3|1
86,277|2,522|-1,953|-727,503|0|1|0|0|0|1|0|1
86,452|2,515|-1,953|-727,537|0|1|0|0|0|0|0|1
86,627|2,515|-1,953|-727,537|0|1|0|0|0|0|0|1
86,802|2,515|-1,953|-727,537|0|1|0|0|0|0|0|1
86,977|2,515|-1,953|-727,537|0|1|0|0|0|0|0|1
87,152|2,491|-1,953|-727,652|0|1|0|-0,1|0|5|0|1
87,327|2,288|-1,953|-728,609|0|1|0|-0,1|0|6|0|1
87,502|2,094|-1,953|-729,639|0|1|0|-0,1|0|6|0|1
87,677|1,982|-1,953|-730,565|0|1|0|-0,1|0|1|0|1
87,852|2,655|-1,953|-730,662|0|0,8|0|0,5|0|6|0|1
88,027|3,698|-1,953|-730,696|0|0,7|0|0,7|0|6|0|1
88,202|4,747|-1,953|-730,728|0|0,7|0|0,7|0|6|0|1
88,377|5,796|-1,953|-730,773|0|0,7|0|0,7|0|6|0|1
88,552|6,839|-1,953|-730,895|0|0,8|0|0,7|0|6|0|1
88,727|7,868|-1,953|-731,098|0|0,8|0|0,6|0|6|0|1
88,902|8,888|-1,953|-731,35|0|0,8|0|0,6|0|6|0|1
89,077|9,895|-1,953|-731,647|0|0,8|0|0,6|0|10|10|1
89,252|10,233|-0,698|-731,991|0|1|0|0|0|5|3|1
89,427|10,233|-0,185|-732,901|0|1|0|-0,1|1|6|2|1
89,602|9,98|0,252|-733,882|0|1|0|-0,2|1|6|2|1
89,777|9,659|0,68|-734,843|0|1|0|-0,2|1|6|3|1
89,952|9,716|1,148|-735,845|0|1|0|0,2|1|6|2|1
90,127|9,951|1,569|-736,825|0|1|0|0|1|6|3|1
90,303|9,794|2,082|-737,823|0|1|0|-0,2|1|6|2|1
90,478|9,142|2,519|-738,581|0|0,9|0|-0,5|1|6|2|1
90,653|8,265|2,96|-739,086|0|-0,8|0|0,5|1|6|3|1
90,828|7,344|3,481|-739,509|0|-0,8|0|0,6|1|6|2|1
91,003|6,413|3,914|-739,908|0|-0,8|0|0,6|1|7|4|1
91,178|5,454|4,413|-740,207|0|-0,7|0|0,7|1|6|2|1
91,353|4,456|4,864|-740,048|0|-0,6|0|0,8|1|6|2|1
91,528|3,494|5,087|-739,732|0|-0,6|0|0,8|0|6|-2|1
91,703|2,558|4,379|-739,402|0|-0,6|0|0,8|0|9|-7|1
91,878|1,758|3,147|-739,119|0|-0,6|0|0,8|0|2|0|1
92,053|1,642|3,147|-739,078|0|-0,6|0|0,8|0|0|0|1
92,228|1,6|3,147|-739,361|0|0,9|0|-0,5|0|5|0|1
92,403|1,47|3,147|-740,371|0|1|0|-0,1|0|6|0|1
92,578|1,358|3,147|-741,415|0|1|0|-0,1|0|6|0|1
92,753|1,319|3,147|-741,782|0|1|0|-0,1|0|0|0|1
92,928|1,319|3,147|-741,788|0|1|0|-0,1|0|0|0|1
93,103|1,319|3,147|-741,788|0|1|0|-0,1|0|0|0|1
93,278|1,319|3,147|-741,788|0|1|0|-0,1|0|0|0|1
93,453|1,319|3,147|-741,788|0|1|0|-0,1|0|0|0|1
93,628|1,319|3,147|-741,788|0|1|0|-0,1|0|0|0|1
93,803|1,319|3,147|-741,788|0|1|0|-0,1|0|0|0|1
93,978|1,319|3,147|-741,788|0|1|0|-0,1|0|0|0|1
94,153|1,319|3,147|-741,788|0|1|0|-0,1|0|0|0|1
94,328|1,319|3,147|-741,788|0|1|0|-0,1|0|0|0|1
94,503|1,319|3,147|-741,788|0|1|0|-0,1|0|0|0|1
94,678|1,319|3,147|-741,788|0|1|0|-0,1|0|0|0|1
94,853|1,821|3,147|-742,181|0|1|0|0,3|0|6|0|1
95,028|2,481|3,147|-742,987|0|0,9|0|0,3|0|6|0|1
95,203|2,487|3,145|-743,995|0|1|0|0|0|6|-4|1
95,378|2,374|3,166|-744,896|0|1|0|-0,1|0|9|7|1
95,553|2,236|3,957|-745,9|0|1|0|-0,1|1|7|4|1
95,728|2,09|4,456|-746,903|0|1|0|-0,1|1|6|2|1
95,903|1,941|4,91|-747,905|0|1|0|-0,1|1|6|2|1
96,078|1,792|5,349|-748,907|0|1|0|-0,1|1|6|2|1
96,253|1,642|5,77|-749,909|0|1|0|-0,1|1|7|3|1
96,428|1,497|6,224|-750,912|0|1|0|-0,1|1|7|4|1
96,603|1,367|6,723|-751,917|0|1|0|-0,1|1|6|2|1
96,778|1,258|7,183|-752,924|0|1|0|0|1|6|2|1
96,953|1,163|7,616|-753,933|0|1|0|0|0|6|1|1
97,128|1,078|7,44|-754,874|0|1|0|0|0|7|-4|1
97,303|1,008|6,327|-755,661|0|1|0|0|0|10|-9|1
97,478|1,072|4,432|-756,286|0|0,8|0|0,6|0|13|-13|1
97,653|1,553|1,882|-756,514|0|0,5|0|0,9|0|17|-17|1
97,828|2,372|-0,253|-756,333|0|0,5|0|0,9|0|2|0|1
98,003|2,506|-0,253|-756,263|0|0,5|0|0,9|0|0|0|1
98,178|2,508|-0,253|-756,262|0|0,5|0|0,9|0|0|0|1
98,353|2,508|-0,253|-756,262|0|0,5|0|0,9|0|3|0|1
98,528|3,386|-0,253|-756,391|0|0,7|0|0,7|0|6|0|1
98,703|4,422|-0,253|-756,545|0|0,7|0|0,7|0|6|0|1
98,878|5,46|-0,253|-756,698|0|0,8|0|0,7|0|6|0|1
99,053|6,436|-0,597|-756,84|0|0,8|0|0,7|0|8|-6|1
99,228|7,439|-1,675|-756,983|0|0,8|0|0,7|1|7|-4|1
99,403|8,443|-1,861|-757,125|0|0,8|0|0,7|1|6|2|1
99,578|9,446|-1,41|-757,265|0|0,8|0|0,7|1|6|3|1
99,753|10,45|-1,012|-757,404|0|0,8|0|0,7|0|6|0|1
99,929|11,383|-1,006|-757,76|0|0,9|0|0,4|1|6|3|1
100,104|12,114|-0,554|-758,459|0|0,9|0|0,3|1|6|2|1
100,279|12,759|-0,119|-759,24|0|0,9|0|0,3|1|6|3|1
100,454|13,38|0,375|-760,041|0|0,9|0|0,3|1|7|3|1
100,629|13,909|0,825|-760,895|0|1|0|0,1|1|6|3|1
100,804|14,005|1,275|-761,9|0|1|0|0|1|6|2|1
100,979|13,929|1,728|-762,911|0|1|0|-0,1|1|6|3|1
101,154|13,784|2,2|-763,913|0|1|0|-0,1|1|6|2|1
101,329|13,54|2,618|-764,896|0|1|0|-0,2|1|7|3|1
101,504|13,193|3,093|-765,848|0|1|0|-0,2|1|6|2|1
101,679|12,781|3,527|-766,773|0|1|0|-0,2|1|7|4|1
101,854|12,329|4,027|-767,68|0|1|0|-0,2|1|6|2|1
102,029|11,852|4,49|-768,574|0|1|0|-0,2|1|6|2|1
102,204|11,359|4,92|-769,459|0|1|0|-0,3|1|7|3|1
102,379|10,848|5,392|-770,334|0|1|0|-0,3|1|6|2|1
102,554|10,319|5,821|-771,198|0|1|0|-0,3|1|6|3|1
102,729|9,78|6,289|-772,056|0|1|0|-0,3|1|6|2|1
102,904|9,237|6,737|-772,912|0|1|0|-0,3|1|7|3|1
103,079|8,694|7,216|-773,767|0|1|0|-0,3|1|6|2|1
103,254|8,161|7,645|-774,629|0|1|0|-0,3|1|7|3|1
103,429|7,643|8,101|-775,5|0|1|0|-0,3|1|6|3|1
103,604|7,136|8,571|-776,377|0|1|0|-0,3|1|6|2|1
103,779|6,633|8,974|-777,257|0|1|0|-0,3|1|6|3|1
103,954|6,132|9,417|-778,137|0|1|0|-0,3|0|6|0|1
104,129|5,631|8,998|-779,018|0|1|0|-0,3|0|8|-6|1
104,304|5,13|7,683|-779,899|0|1|0|-0,3|0|12|-10|1
104,479|4,629|5,618|-780,78|0|1|0|-0,3|0|15|-14|1
104,654|4,129|2,925|-781,661|0|1|0|-0,3|0|18|-17|1
104,829|3,628|-0,293|-782,542|0|1|0|-0,3|0|21|-20|1
105,004|2,891|-1,953|-783,191|0|-0,8|0|0,6|0|6|0|1
105,179|1,885|-1,953|-783,468|0|-0,8|0|0,6|0|6|0|1
105,354|0,855|-1,953|-783,67|0|-0,8|0|0,6|0|6|0|1
105,529|-0,183|-1,953|-783,829|0|-0,8|0|0,7|0|6|0|1
105,704|-1,222|-1,953|-783,979|0|-0,8|0|0,7|0|6|0|1
105,879|-2,262|-1,953|-784,128|0|-0,8|0|0,7|0|6|0|1
106,054|-3,301|-1,953|-784,277|0|-0,8|0|0,7|0|6|0|1
106,229|-4,337|-1,953|-784,447|0|-0,8|0|0,6|0|6|0|1
106,404|-5,357|-1,953|-784,692|0|-0,8|0|0,6|0|6|0|1
106,579|-6,343|-1,713|-784,992|0|-0,8|0|0,6|0|10|8|1
106,754|-7,244|-0,708|-785,444|0|1|0|-0,3|1|6|3|1
106,929|-7,881|-0,226|-786,225|0|1|0|-0,2|1|7|3|1
107,104|-8,349|0,22|-787,124|0|1|0|-0,2|1|7|3|1
107,279|-8,761|0,668|-788,049|0|1|0|-0,2|1|7|3|1
107,454|-9,157|1,097|-788,982|0|1|0|-0,2|1|6|3|1
107,629|-9,549|1,558|-789,916|0|1|0|-0,2|1|6|3|1
107,804|-9,938|2,041|-790,852|0|1|0|-0,2|1|7|3|1
107,979|-10,612|2,135|-791,602|0|0,9|0|-0,5|0|7|-3|1
108,154|-11,423|1,248|-792,209|0|-0,8|0|0,5|0|10|-8|1
108,329|-12,24|-0,459|-792,804|0|0,9|0|-0,3|0|14|-12|1
108,504|-12,775|-1,953|-793,597|0|1|0|0|0|6|0|1
108,679|-12,427|-1,953|-794,552|0|1|0|0,2|0|6|0|1
108,854|-11,991|-1,953|-795,506|0|1|0|0,2|0|6|0|1
109,03|-11,757|-1,953|-796,466|0|1|0|0|0|6|0|1
109,205|-12,08|-1,953|-797,456|0|1|0|-0,1|0|6|0|1
109,38|-12,426|-1,953|-798,447|0|1|0|-0,2|0|12|10|1
109,555|-12,762|-0,698|-799,411|0|1|0|-0,2|0|6|3|1
109,73|-13,08|-0,185|-800,373|0|1|0|-0,1|1|6|2|1
109,905|-13,346|0,252|-801,35|0|1|0|-0,1|1|6|2|1
110,08|-13,52|0,68|-802,348|0|1|0|-0,1|1|6|3|1
110,255|-13,576|1,148|-803,359|0|1|0|0|1|6|2|1
110,43|-13,517|1,569|-804,37|0|1|0|0,1|1|6|3|1
110,605|-13,402|2,001|-805,377|0|1|0|0,1|0|6|0|1
110,78|-13,273|1,567|-806,382|0|1|0|0,1|0|8|-6|1
110,955|-13,136|0,24|-807,386|0|1|0|0,1|0|12|-10|1
111,13|-12,995|-1,835|-808,389|0|1|0|0,1|0|6|0|1
111,305|-12,846|-1,953|-809,415|0|1|0|0,1|0|6|0|1
111,48|-12,693|-1,953|-810,454|0|1|0|0,1|0|6|0|1
111,655|-12,54|-1,953|-811,493|0|1|0|0,1|0|6|0|1
111,83|-12,374|-1,953|-812,529|0|1|0|0,1|0|6|0|1
112,005|-12,171|-1,953|-813,559|0|1|0|0,1|0|6|0|1
112,18|-11,914|-1,953|-814,577|0|1|0|0,1|0|6|0|1
112,355|-11,616|-1,047|-815,569|0|1|0|0,1|0|8|6|1
112,53|-11,31|-0,381|-816,535|0|1|0|0,2|1|6|2|1
112,705|-10,985|0,052|-817,494|0|1|0|0,2|1|6|3|1
112,88|-10,64|0,515|-818,447|0|1|0|0,2|1|7|3|1
113,055|-10,274|0,944|-819,392|0|1|0|0,2|1|6|3|1
113,23|-9,89|1,41|-820,329|0|1|0|0,2|1|6|2|1
113,405|-9,483|1,886|-821,257|0|1|0|0,2|1|6|2|1
113,58|-9,052|2,32|-822,174|0|1|0|0,2|0|6|1|1
113,755|-8,603|2,007|-823,083|0|1|0|0,2|0|8|-5|1
113,93|-8,136|0,78|-823,982|0|1|0|0,3|0|11|-10|1
114,105|-7,645|-1,212|-824,868|0|1|0|0,3|0|15|-14|1
114,28|-7,078|-1,953|-825,726|0|1|0|0,3|0|6|0|1
114,455|-6,415|-1,953|-826,539|0|0,9|0|0,3|0|6|0|1
114,63|-5,705|-1,953|-827,312|0|0,9|0|0,4|0|6|0|1
114,805|-4,964|-1,953|-828,057|0|0,9|0|0,4|0|6|0|1
114,98|-4,184|-1,953|-828,759|0|0,9|0|0,4|0|6|0|1
115,155|-3,353|-1,953|-829,401|0|0,9|0|0,4|0|6|0|1
115,33|-2,494|-1,603|-830,004|0|0,9|0|0,5|0|10|8|1
115,505|-1,66|-0,598|-830,579|0|0,9|0|0,5|1|6|3|1
115,68|-0,826|-0,116|-831,154|0|0,9|0|0,5|1|7|3|1
115,855|0|0,33|-831,742|0|0,9|0|0,4|1|7|3|1
116,03|0,788|0,778|-832,378|0|0,9|0|0,4|1|7|3|1
116,205|1,506|1,207|-833,093|0|0,9|0|0,4|1|6|3|1
116,38|2,158|1,669|-833,868|0|0,9|0|0,3|1|6|3|1
116,555|2,757|2,151|-834,685|0|1|0|0,3|1|7|3|1
116,73|3,267|2,6|-835,56|0|1|0|0,2|1|7|3|1
116,905|3,624|3,059|-836,506|0|1|0|0,1|1|6|3|1
117,08|3,782|3,553|-837,505|0|1|0|0|0|6|1|1
117,255|3,807|3,283|-838,518|0|1|0|-0,1|0|8|-5|1
117,43|3,747|2,092|-839,529|0|1|0|-0,1|0|11|-10|1
117,605|3,63|0,131|-840,536|0|1|0|-0,1|0|15|-14|1
117,78|3,482|-1,953|-841,538|0|1|0|-0,1|0|6|0|1
117,955|3,291|-1,953|-842,565|0|1|0|-0,1|0|6|0|1
118,13|3,107|-1,953|-843,598|0|1|0|-0,1|0|6|0|1
118,305|2,997|-1,953|-844,642|0|1|0|0|0|6|0|1
118,48|2,982|-1,953|-845,691|0|1|0|0|0|6|0|1
118,656|3,029|-1,953|-846,74|0|1|0|0|0|6|0|1
118,831|3,085|-1,953|-847,789|0|1|0|0|0|6|0|1
119,006|3,142|-1,047|-848,822|0|1|0|0|0|8|6|1
119,181|3,198|-0,381|-849,834|0|1|0|0|1|6|2|1
119,356|3,254|0,052|-850,845|0|1|0|0|1|6|3|1
119,531|3,304|0,515|-851,857|0|1|0|0|1|7|3|1
119,706|3,134|0,944|-852,84|0|1|0|-0,3|1|6|3|1
119,881|2,531|1,41|-853,65|0|0,9|0|-0,4|1|6|2|1
120,056|1,815|1,886|-854,367|0|0,9|0|-0,4|1|6|2|1
120,231|1,393|2,32|-855,28|0|1|0|-0,1|0|6|1|1
120,406|1,167|2,007|-856,267|0|1|0|0|0|8|-5|1
120,581|1,104|0,78|-857,273|0|1|0|0,2|0|11|-10|1
120,756|1,372|-1,212|-858,247|0|0,9|0|0,4|0|15|-14|1
120,931|1,454|-1,69|-858,433|0|0,9|0|0,4|0|6|0|
121,106|1,454|-1,69|-858,433|0|0,9|0|0,4|0|6|0|
121,281|1,454|-1,69|-858,433|0|0,9|0|0,4|0|6|0|
121,456|1,454|-1,69|-858,433|0|0,9|0|0,4|0|6|0|
121,631|1,454|-1,69|-858,433|0|0,9|0|0,4|0|6|0|
121,806|2,618|-0,971|-841,85|0|1|0|0|0|1|-1|1
121,981|2,616|-1,563|-842,189|0|1|0|0|0|7|-7|1
122,156|2,611|-1,953|-843,054|0|1|0|0|0|6|0|1
122,331|2,604|-1,953|-844,1|0|1|0|0|0|6|0|1
122,506|2,598|-1,953|-845,15|0|1|0|0|0|6|0|1
122,681|2,592|-1,953|-846,2|0|1|0|0|0|6|0|1
122,856|2,585|-1,953|-847,25|0|1|0|0|0|12|10|1
123,031|2,584|-1,603|-847,46|0|1|0|0|0|10|8|
123,206|2,584|-1,603|-847,46|0|1|0|0|0|10|8|
123,381|2,584|-1,603|-847,46|0|1|0|0|0|10|8|
123,556|2,584|-1,603|-847,46|0|1|0|0|0|10|8|
123,731|2,584|-1,603|-847,46|0|1|0|0|0|10|8|
123,906|2,618|-0,971|-841,85|0|1|0|0|0|1|-1|1
124,081|2,616|-1,548|-842,189|0|1|0|0|0|7|-7|1
124,256|2,611|-1,953|-843,054|0|1|0|0|0|6|0|1
124,431|2,604|-1,953|-844,1|0|1|0|0|0|6|0|1
124,606|2,598|-1,047|-845,135|0|1|0|0|0|8|6|1
124,781|2,592|-0,381|-846,148|0|1|0|0|1|6|2|1
124,956|2,586|0,052|-847,161|0|1|0|0|1|6|3|1
125,131|2,58|0,515|-848,174|0|1|0|0|1|7|3|1
125,306|2,296|0,944|-849,13|0|1|0|-0,3|1|6|3|1
125,481|1,679|1,41|-849,933|0|0,9|0|-0,4|1|6|2|1
125,656|0,985|1,886|-850,671|0|0,9|0|-0,4|1|6|2|1
125,831|0,608|2,319|-851,601|0|1|0|-0,1|1|6|3|1
126,006|0,499|2,789|-852,608|0|1|0|0|1|7|3|1
126,181|0,743|3,281|-853,572|0|1|0|0,3|1|6|2|1
126,356|1,343|3,724|-854,387|0|0,9|0|0,4|1|6|3|1
126,531|1,873|4,236|-855,236|0|1|0|0,1|1|6|2|1
126,706|2,032|4,673|-856,235|0|1|0|0|1|6|2|1
126,881|2,04|5,096|-857,248|0|1|0|0|1|6|3|1
127,056|1,99|5,563|-858,26|0|1|0|0|1|6|2|1
127,231|1,921|5,986|-859,271|0|1|0|0|1|6|3|1
127,406|1,85|6,498|-860,281|0|1|0|0|1|6|2|1
127,581|1,785|6,935|-861,293|0|1|0|0|1|6|2|1
127,756|1,729|7,189|-862,304|0|1|0|0|0|6|-2|1
127,931|1,676|6,508|-863,316|0|1|0|0|0|9|-7|1
128,106|1,627|4,974|-864,328|0|1|0|0|0|13|-11|1
128,282|1,582|2,725|-865,34|0|1|0|0|0|16|-15|1
128,457|1,69|-0,121|-866,343|0|1|0|0,3|0|19|-18|1
128,632|2,147|-1,953|-867,237|0|0,9|0|0,4|0|6|0|1
128,807|2,54|-1,953|-868,125|0|1|0|0,1|0|6|0|1
128,982|2,538|-1,953|-869,171|0|1|0|0|0|6|0|1
129,157|2,511|-1,953|-870,221|0|1|0|0|0|6|0|1
129,332|2,472|-1,953|-871,27|0|1|0|0|0|6|0|1
129,507|2,429|-0,844|-872,297|0|1|0|0|0|7|4|1
129,682|2,387|-0,302|-873,309|0|1|0|0|1|7|3|1
129,857|2,345|0,15|-874,321|0|1|0|0|1|6|3|1
130,032|2,302|0,621|-875,334|0|1|0|0|1|6|2|1
130,207|2,26|1,041|-876,346|0|1|0|0|1|7|3|1
130,382|2,217|1,47|-877,358|0|1|0|0|1|6|3|1
130,557|2,175|1,965|-878,371|0|1|0|0|1|7|3|1
130,732|2,133|2,417|-879,383|0|1|0|0|1|6|3|1
130,907|2,09|2,898|-880,395|0|1|0|0|1|6|2|1
131,082|2,047|3,362|-881,407|0|1|0|0|1|7|3|1
131,257|2,003|3,824|-882,42|0|1|0|0|1|6|3|1
131,432|1,96|4,306|-883,432|0|1|0|0|1|7|3|1
131,607|1,918|4,75|-884,444|0|1|0|0|1|7|3|1
131,782|1,878|5,194|-885,457|0|1|0|0|1|7|3|1
131,957|1,842|5,623|-886,469|0|1|0|0|1|6|3|1
132,132|1,819|6,086|-887,482|0|1|0|0|1|6|3|1
132,307|1,814|6,568|-888,495|0|1|0|0|0|6|1|1
132,482|1,826|6,288|-889,509|0|1|0|0|0|8|-5|1
132,657|1,849|5,089|-890,522|0|1|0|0|0|11|-10|1
132,832|1,882|3,121|-891,534|0|1|0|0|0|15|-14|1
133,007|1,926|0,51|-892,547|0|1|0|0|0|18|-17|1
133,182|1,982|-1,953|-893,562|0|1|0|0|0|6|0|1
133,357|2,055|-1,953|-894,607|0|1|0|0|0|6|0|1
133,532|2,117|-1,953|-895,655|0|1|0|0|0|6|0|1
133,707|2,079|-1,953|-896,673|0|1|0|-0,1|0|6|0|1
133,882|1,415|-1,953|-897,461|0|0,9|0|-0,3|0|6|0|1
134,057|0,697|-1,953|-898,226|0|0,9|0|-0,4|0|6|0|1
134,232|-0,021|-1,953|-898,992|0|0,9|0|-0,4|0|6|0|1
134,407|-0,238|-1,953|-899,943|0|1|0|-0,1|0|6|0|1
134,582|-0,17|-1,953|-900,988|0|1|0|0|0|6|0|1
134,757|-0,07|-1,953|-902,034|0|1|0|0|0|6|0|1
134,932|0,069|-1,953|-903,074|0|1|0|0,1|0|6|0|1
135,107|0,268|-1,299|-904,097|0|1|0|0,1|0|9|7|1
135,282|0,593|-0,508|-905,05|0|0,9|0|0,4|1|7|4|1
135,457|1,314|-0,009|-905,755|0|0,9|0|0,5|1|6|2|1
135,632|2,137|0,446|-906,344|0|0,9|0|0,4|1|6|2|1
135,807|2,655|0,884|-907,208|0|1|0|0,2|1|6|2|1
135,982|2,94|1,305|-908,179|0|1|0|0,1|1|7|3|1
136,157|3,092|1,759|-909,18|0|1|0|0|1|7|4|1
136,332|3,145|2,259|-910,192|0|1|0|0|1|6|2|1
136,507|3,116|2,718|-911,204|0|1|0|0|1|6|2|1
136,682|3,012|3,152|-912,212|0|1|0|-0,1|1|7|4|1
136,857|2,821|3,662|-913,207|0|1|0|-0,1|1|6|2|1
137,032|2,553|4,12|-914,184|0|1|0|-0,2|1|7|3|1
137,207|2,238|4,571|-915,146|0|1|0|-0,2|1|6|3|1
137,382|1,903|5,037|-916,103|0|1|0|-0,2|1|6|2|1
137,557|1,548|5,457|-917,052|0|1|0|-0,2|1|7|3|1
137,733|1,163|5,888|-917,989|0|1|0|-0,2|0|2|2|1
137,908|1,163|6,238|-917,989|0|1|0|-0,2|0|2|2|1
138,083|1,163|6,588|-917,989|0|1|0|-0,2|0|2|2|1
138,258|1,163|6,938|-917,989|0|1|0|-0,2|0|2|2|1
138,433|1,163|7,288|-917,989|0|1|0|-0,2|0|2|2|1
138,608|1,163|7,638|-917,989|0|1|0|-0,2|0|2|2|1
138,783|1,163|7,988|-917,989|0|1|0|-0,2|0|2|2|1
138,958|1,163|8,338|-917,989|0|1|0|-0,2|0|2|2|1
139,133|1,163|8,688|-917,989|0|1|0|-0,2|0|2|2|1
139,308|1,163|9,038|-917,989|0|1|0|-0,2|0|2|2|1
139,483|1,163|9,388|-917,989|0|1|0|-0,2|0|2|2|1
139,658|1,163|9,738|-917,989|0|1|0|-0,2|0|2|2|1
139,833|1,163|10,088|-917,989|0|1|0|-0,2|0|2|2|1
140,008|1,163|10,438|-917,989|0|1|0|-0,2|0|2|2|1
140,183|1,163|10,788|-917,989|0|1|0|-0,2|0|2|2|1
140,358|1,163|11,138|-917,989|0|1|0|-0,2|0|2|2|1
140,533|1,163|11,488|-917,989|0|1|0|-0,2|0|2|2|1
140,708|1,175|11,415|-918,217|0|1|0|0|0|3|1|1
140,883|1,21|11,367|-919,085|0|1|0|0|0|6|0|1
141,058|1,244|11,367|-920,131|0|1|0|0|0|6|0|1
141,233|1,268|11,367|-921,181|0|1|0|0|0|6|0|1
141,408|1,279|11,367|-922,231|0|1|0|0|0|6|0|1
141,583|1,286|11,031|-923,221|0|1|0|0|0|8|-6|1
141,758|1,297|11,944|-924,234|0|1|0|0|0|7|4|1
141,933|1,311|12,487|-925,247|0|1|0|0|1|7|3|1
142,108|1,329|12,625|-926,261|0|1|0|0|0|6|-3|1
142,283|1,347|11,775|-927,274|0|1|0|0|0|10|-8|1
142,458|1,364|10,099|-928,287|0|1|0|0|0|13|-12|1
142,633|1,381|7,732|-929,3|0|1|0|0|0|17|-16|1
142,808|1,398|4,786|-930,313|0|1|0|0|0|19|-19|1
142,983|1,416|1,357|-931,326|0|1|0|0|0|22|-21|1
143,158|1,441|-1,953|-932,339|0|1|0|0|0|6|0|1
143,333|1,517|-1,953|-933,381|0|1|0|0|0|6|0|1
143,508|1,624|-1,953|-934,425|0|1|0|0,1|0|6|0|1
143,683|1,742|-1,953|-935,468|0|1|0|0,1|0|6|0|1
143,858|1,861|-1,953|-936,512|0|1|0|0,1|0|6|0|1
144,033|1,984|-1,953|-937,554|0|1|0|0,1|0|6|0|1
144,208|2,107|-1,953|-938,597|0|1|0|0,1|0|6|0|1
144,383|2,23|-1,953|-939,64|0|1|0|0,1|0|6|0|1
144,558|2,354|-1,953|-940,683|0|1|0|0,1|0|6|0|1
144,733|2,447|-1,953|-941,728|0|1|0|0|0|6|0|1
144,908|2,446|-1,047|-942,763|0|1|0|0|0|8|6|1
145,083|2,407|-0,381|-943,776|0|1|0|0|1|6|2|1
145,258|2,329|0,052|-944,659|0|1|0|0|1|6|3|1
145,433|2,216|0,515|-945,539|0|1|0|0|1|6|3|1
145,608|2,065|0,944|-946,414|0|1|0|-0,1|1|6|3|1
145,783|1,888|1,41|-947,285|0|1|0|-0,1|1|5|2|1
145,958|1,704|1,886|-948,155|0|1|0|-0,1|1|6|2|1
146,133|1,538|2,165|-948,981|0|1|0|0|0|5|-2|1
146,308|1,389|1,505|-949,64|0|1|0|0|0|8|-7|1
146,483|1,274|0,464|-950,341|0|1|0|0|1|6|-2|1
146,658|1,221|0,452|-951,226|0|1|0|0|1|6|3|1
146,833|1,207|0,895|-952,112|0|1|0|0|1|6|3|1
147,008|1,212|1,358|-952,999|0|1|0|0|1|5|2|1
147,183|1,223|1,801|-953,885|0|1|0|0|1|6|3|1
147,359|1,239|2,27|-954,771|0|1|0|0|1|5|2|1
147,534|1,256|2,491|-955,634|0|1|0|0|0|5|-2|1
147,709|1,276|1,779|-956,337|0|1|0|0|0|8|-7|1
147,884|1,3|1,003|-957,141|0|1|0|0|1|5|-1|1
148,059|1,322|1,271|-958,027|0|1|0|0|1|5|2|1
148,234|1,342|1,702|-958,913|0|1|0|0|1|6|3|1
148,409|1,362|2,175|-959,799|0|1|0|0|1|6|2|1
148,584|1,385|2,598|-960,678|0|1|0|0|0|5|0|1
148,759|1,425|2,275|-961,489|0|1|0|0|0|8|-5|1
148,934|1,482|1,041|-962,499|0|1|0|0|0|11|-10|1
149,109|1,547|-0,957|-963,511|0|1|0|0|0|15|-14|1
149,284|1,649|-1,953|-964,528|0|1|0|0,1|0|6|0|1
149,459|1,841|-1,953|-965,559|0|1|0|0,1|0|6|0|1
149,634|2,089|-1,953|-966,579|0|1|0|0,1|0|6|0|1
149,809|2,364|-1,953|-967,593|0|1|0|0,1|0|6|0|1
149,984|2,641|-1,953|-968,605|0|1|0|0,1|0|6|0|1
150,159|2,554|-1,953|-969,572|0|1|0|-0,1|0|6|0|1
150,334|2,045|-1,953|-970,486|0|1|0|-0,2|0|6|0|1
150,509|1,525|-1,953|-971,398|0|1|0|-0,3|0|6|0|1
150,684|1,004|-1,953|-972,31|0|1|0|-0,3|0|6|0|1
150,859|0,492|-1,047|-973,209|0|1|0|-0,3|0|8|6|1
151,034|0,116|-0,381|-974,14|0|1|0|0|1|6|2|1
151,209|0,177|0,052|-975,148|0|1|0|0,1|1|6|3|1
151,384|0,39|0,515|-976,139|0|1|0|0,1|1|7|3|1
151,559|0,643|0,944|-977,12|0|1|0|0,1|1|6|3|1
151,734|0,905|1,41|-978,098|0|1|0|0,1|1|6|2|1
151,909|1,475|1,293|-979,032|0|1|0|0,1|0|8|-4|1
152,084|2,38|0,231|-979,945|0|1|0|0,1|0|12|-9|1
152,259|3,533|-1,622|-980,919|0|1|0|0,1|0|9|0|1
152,434|4,391|-1,953|-981,906|0|1|0|0,2|0|7|0|1
152,609|5,131|-1,953|-982,822|0|1|0|0,3|0|7|0|1
152,784|6,04|-1,953|-983,614|0|0,9|0|0,4|0|7|0|1
152,959|7,201|-0,844|-984,228|0|0,9|0|0,5|0|10|4|1
153,134|8,766|-0,302|-984,7|0|0,8|0|0,6|1|11|3|1
153,309|10,723|0,15|-984,493|0|0,5|0|0,9|1|13|3|1
153,484|12,858|0,225|-983,795|0|0,4|0|0,9|0|14|-3|1
153,659|15,161|-0,677|-982,988|0|0,4|0|0,9|0|17|-8|1
153,834|17,433|-1,953|-982,121|0|0,4|0|0,9|0|8|0|1
154,009|18,522|-1,953|-981,385|0|0,4|0|0,9|0|7|0|1
154,184|19,7|-1,953|-981,188|0|0,7|0|0,7|0|7|0|1
154,359|20,919|-0,844|-981,606|0|0,8|0|0,7|0|9|4|1
154,534|22,03|-0,302|-982,404|0|0,8|0|0,6|1|9|3|1
154,709|23,087|0,071|-983,5|0|0,9|0|0,5|0|9|-1|1
154,884|24,017|-0,439|-984,969|0|0,9|0|0,4|0|12|-6|1
155,059|24,846|-1,83|-986,762|0|1|0|0,3|1|12|0|1
155,234|25,319|-1,095|-988,493|0|1|0|0|0|12|6|1
155,409|25,279|-0,43|-990,5|0|1|0|-0,3|1|13|2|1
155,584|24,561|0,003|-992,663|0|0,9|0|-0,4|1|14|3|1
155,759|23,342|0,466|-994,8|0|0,9|0|-0,5|1|15|3|1
155,934|21,961|0,895|-996,958|0|1|0|-0,3|1|15|3|1
156,109|21,041|1,361|-999,477|0|1|0|-0,1|1|16|2|1
156,284|20,384|1,837|-1002,213|0|1|0|-0,1|1|17|2|1
156,459|19,802|2,27|-1005,088|0|1|0|-0,1|1|17|3|1
156,634|18,973|2,74|-1007,917|0|1|0|-0,2|1|16|3|1
156,809|17,528|3,232|-1010,225|0|0,9|0|-0,4|1|16|2|1
156,985|15,197|3,675|-1011,649|0|-0,8|0|0,7|1|16|3|1
157,16|12,415|4,188|-1012,317|0|-0,7|0|0,7|1|17|2|1
157,335|9,432|4,624|-1012,504|0|-0,7|0|0,8|1|18|2|1
157,51|6,337|5,047|-1012,425|0|-0,7|0|0,8|1|18|3|1
157,685|3,403|5,514|-1012,532|0|-0,7|0|0,8|1|15|2|1
157,86|0,92|5,937|-1012,817|0|-0,7|0|0,8|1|13|3|1
158,035|-1,094|6,449|-1013,404|0|1|0|-0,2|1|11|2|1
158,21|-2,093|6,886|-1014,946|0|1|0|0,2|1|10|2|1
158,385|-1,873|7,315|-1016,558|0|0,9|0|0,4|1|9|3|1
158,56|-1,006|7,765|-1017,678|0|0,9|0|0,5|1|8|2|1
158,735|-0,043|8,188|-1018,395|0|0,9|0|0,5|1|7|3|1
158,91|0,821|8,642|-1018,955|0|0,9|0|0,4|1|7|3|1
159,085|1,362|9,107|-1019,806|0|1|0|0,2|1|6|2|1
159,26|1,706|9,569|-1020,758|0|1|0|0,1|1|6|3|1
159,435|1,948|10,005|-1021,742|0|1|0|0,1|1|7|3|1
159,61|1,816|10,439|-1022,726|0|1|0|-0,2|1|6|3|1
159,785|1,543|10,941|-1023,694|0|1|0|-0,1|1|6|2|1
159,96|1,493|11,168|-1024,706|0|1|0|0|0|6|-2|1
160,135|1,483|10,469|-1025,719|0|1|0|0|0|9|-7|1
160,31|1,488|8,919|-1026,733|0|1|0|0|0|13|-11|1
160,485|1,502|6,657|-1027,746|0|1|0|0|0|16|-15|1
160,66|1,521|3,8|-1028,759|0|1|0|0|0|19|-18|1
160,835|1,542|0,526|-1030,067|0|1|0|0|1|18|-16|1
161,01|1,57|-1,717|-1031,752|0|1|0|0|1|11|0|1
161,185|1,598|-1,953|-1033,095|0|1|0|0|0|6|0|1
161,36|1,624|-1,953|-1034,149|0|1|0|0|0|6|0|1
161,535|1,649|-1,953|-1035,199|0|1|0|0|0|6|0|1
161,71|1,675|-1,953|-1036,249|0|1|0|0|0|6|0|1
161,885|1,701|-1,953|-1037,299|0|1|0|0|0|6|0|1
162,06|1,726|-1,953|-1038,349|0|1|0|0|0|6|0|1
162,235|1,753|-1,953|-1039,398|0|1|0|0|0|6|0|1
162,41|1,757|-1,953|-1040,448|0|1|0|0|0|6|0|1
162,585|1,733|-1,953|-1041,498|0|1|0|0|0|6|0|1
162,76|1,705|-1,953|-1042,548|0|1|0|0|0|6|0|1
162,935|1,68|-1,953|-1043,598|0|1|0|0|0|6|0|1
163,11|1,661|-1,953|-1044,647|0|1|0|0|0|6|0|1
163,285|1,68|-1,953|-1045,697|0|1|0|0|0|6|0|1
163,46|1,731|-1,953|-1046,745|0|1|0|0|0|6|0|1
163,635|1,79|-1,953|-1047,794|0|1|0|0|0|6|0|1
163,81|1,862|-1,953|-1048,841|0|1|0|0|0|6|0|1
163,985|1,935|-1,953|-1049,889|0|1|0|0|0|6|0|1
164,16|2,01|-1,891|-1050,945|0|1|0|0|0|6|2|1
164,335|2,087|-1,891|-1052,026|0|1|0|0|0|6|2|1
164,51|2,164|-1,891|-1053,106|0|1|0|0|0|6|2|1
164,685|2,224|-1,117|-1053,95|0|1|0|0|0|12|12|1
164,86|2,255|1,056|-1054,38|0|1|0|0|1|13|13|1
165,035|2,281|3,302|-1054,741|0|1|0|0|0|13|13|1
165,21|2,288|5,642|-1054,815|0|-0,4|0|0,9|0|14|14|1
165,385|2,245|8,054|-1054,18|0|-0,1|0|1|1|15|14|1
165,56|2,189|10,511|-1053,365|0|-0,1|0|1|0|15|14|1
165,735|2,144|13,029|-1052,684|0|-0,1|0|1|0|15|15|1
165,91|2,106|15,599|-1052,114|0|-0,1|0|1|0|15|15|1
166,085|2,077|18,214|-1051,661|0|-0,5|0|0,8|0|15|15|1
166,26|2,083|20,865|-1051,706|0|1|0|-0,1|0|15|15|1
166,436|2,128|23,547|-1052,295|0|1|0|0|0|16|15|1
166,611|2,197|26,254|-1053,198|0|1|0|0|0|16|16|1
166,786|2,256|28,983|-1053,976|0|1|0|0|0|16|16|1
166,961|2,306|31,73|-1054,627|0|1|0|0|0|16|16|1
167,136|2,348|34,492|-1055,172|0|1|0|0|0|16|16|1
167,311|2,383|37,267|-1055,605|0|0,9|0|-0,4|0|16|16|1
167,486|2,387|40,052|-1055,614|0|-0,4|0|0,9|0|16|16|1
167,661|2,386|42,846|-1055,56|0|-0,4|0|0,9|0|16|16|1
167,836|2,387|45,648|-1055,515|0|-0,4|0|0,9|0|16|16|1
168,011|2,387|47,864|-1055,477|0|-0,4|0|0,9|0|8|8|1
168,186|2,412|48,754|-1055,784|0|1|0|-0,2|0|4|1|1
168,361|2,472|48,535|-1056,59|0|1|0|0|0|7|-5|1
168,536|2,546|47,387|-1057,6|0|1|0|0|0|11|-9|1
168,711|2,618|45,461|-1058,611|0|1|0|0|0|6|0|1
168,886|2,649|45,692|-1059,647|0|1|0|0|0|10|8|1
169,061|2,658|46,697|-1060,661|0|1|0|0|1|6|3|1
169,236|2,664|47,179|-1061,674|0|1|0|0|1|7|3|1
169,411|2,668|47,625|-1062,687|0|1|0|0|1|7|3|1
169,586|2,671|48,073|-1063,7|0|1|0|0|1|7|3|1
169,761|2,675|48,398|-1064,713|0|1|0|0|0|6|-1|1
169,936|2,678|47,848|-1065,727|0|1|0|0|0|9|-6|1
170,111|2,68|46,423|-1066,74|0|1|0|0|0|12|-11|1
170,286|2,675|45,342|-1067,763|0|1|0|0|0|6|0|1
170,461|2,669|45,342|-1068,812|0|1|0|0|0|6|0|1
170,636|2,656|45,342|-1069,862|0|1|0|0|0|6|0|1
170,811|2,621|45,342|-1070,911|0|1|0|0|0|6|0|1
170,986|2,561|45,342|-1071,959|0|1|0|0|0|6|0|1
171,161|2,497|46,138|-1072,967|0|1|0|0|0|8|6|1
171,336|2,433|46,803|-1073,979|0|1|0|0|1|6|2|1
171,511|2,375|47,078|-1074,99|0|1|0|0|0|6|-2|1
171,686|2,418|46,411|-1075,999|0|1|0|0,2|0|9|-7|1
171,861|2,86|45,673|-1076,899|0|0,9|0|0,4|1|6|0|1
172,036|3,767|45,928|-1077,312|0|0,7|0|0,7|1|7|3|1
172,211|4,777|46,388|-1077,358|0|0,7|0|0,7|1|6|3|1
172,386|5,789|46,882|-1077,296|0|0,7|0|0,7|1|7|3|1
172,561|6,798|47,221|-1077,21|0|0,7|0|0,7|0|6|-1|1
172,736|7,808|46,682|-1077,123|0|0,7|0|0,7|0|9|-6|1
172,911|8,818|45,267|-1077,042|0|0,7|0|0,7|0|12|-11|1
173,086|9,828|43,118|-1076,965|0|0,7|0|0,7|0|16|-14|1
173,261|10,849|41,547|-1076,897|0|0,7|0|0,7|0|6|0|1
173,436|11,897|41,547|-1076,85|0|0,7|0|0,7|0|6|0|1
173,611|12,803|41,547|-1077,178|0|0,9|0|0,5|0|6|0|1
173,786|13,481|41,547|-1077,971|0|0,9|0|0,4|0|5|0|1
173,961|13,138|41,547|-1078,772|0|1|0|-0,3|0|6|0|1
174,136|12,125|41,547|-1078,885|0|-0,8|0|0,7|0|6|0|1
174,311|11,1|41,547|-1078,675|0|-0,6|0|0,8|0|6|0|1
174,486|10,155|41,547|-1078,928|0|-0,8|0|0,6|0|6|0|1
174,661|9,259|41,547|-1079,471|0|0,9|0|-0,5|0|6|0|1
174,836|8,387|41,547|-1080,056|0|0,9|0|-0,5|0|6|0|1
175,011|7,531|41,547|-1080,663|0|0,9|0|-0,5|0|6|0|1
175,186|6,685|41,547|-1081,286|0|0,9|0|-0,5|0|12|10|1
175,361|5,869|42,802|-1081,898|0|0,9|0|-0,4|0|6|3|1
175,536|5,059|43,315|-1082,507|0|0,9|0|-0,4|1|6|2|1
175,711|4,241|43,543|-1083,106|0|0,9|0|-0,5|0|6|-2|1
175,886|3,403|42,838|-1083,674|0|-0,9|0|0,5|0|9|-7|1
176,062|2,532|41,284|-1084,192|0|-0,8|0|0,5|1|11|-9|1
176,237|1,61|40,181|-1084,611|0|-0,8|0|0,6|1|6|-2|1
176,412|0,647|40,189|-1084,925|0|-0,8|0|0,6|1|7|3|1
176,587|-0,339|40,334|-1085,155|0|-0,8|0|0,6|0|6|-3|1
176,762|-1,335|39,571|-1085,341|0|-0,8|0|0,7|1|7|-3|1
176,937|-2,339|39,429|-1085,48|0|-0,7|0|0,7|1|6|3|1
177,112|-3,345|39,919|-1085,601|0|-0,7|0|0,7|0|6|1|1
177,287|-4,351|39,651|-1085,719|0|-0,7|0|0,7|0|8|-5|1
177,462|-5,358|38,544|-1085,835|0|-0,7|0|0,7|1|8|-5|1
177,637|-6,365|38,114|-1085,951|0|-0,7|0|0,7|0|6|-1|1
177,812|-7,371|37,52|-1086,066|0|-0,7|0|0,7|0|9|-7|1
177,987|-8,377|36,058|-1086,191|0|-0,8|0|0,6|0|12|-11|1
178,162|-9,376|33,871|-1086,358|0|-0,8|0|0,6|0|16|-15|1
178,337|-10,363|31,076|-1086,585|0|-0,8|0|0,6|0|6|0|1
178,512|-11,323|30,747|-1086,967|0|-0,8|0|0,5|0|6|0|1
178,687|-12,162|30,747|-1087,585|0|0,9|0|-0,4|0|6|0|1
178,862|-12,517|30,747|-1088,533|0|1|0|-0,1|0|6|0|1
179,037|-12,169|30,747|-1089,495|0|1|0|0,2|0|6|0|1
179,212|-11,47|30,747|-1090,273|0|0,9|0|0,3|0|6|0|1
179,387|-10,728|30,747|-1091,016|0|0,9|0|0,4|0|6|0|1
179,562|-9,985|30,747|-1091,758|0|0,9|0|0,4|0|6|0|1
179,737|-9,278|30,747|-1092,533|0|0,9|0|0,4|0|6|0|1
179,912|-8,718|30,747|-1093,417|0|1|0|0,3|0|6|0|1
180,087|-8,407|30,448|-1094,371|0|1|0|0,1|0|8|-5|1
180,262|-8,203|31,374|-1095,363|0|1|0|0,1|0|7|4|1
180,437|-8,062|31,917|-1096,366|0|1|0|0|1|7|3|1
180,612|-7,963|32,06|-1097,375|0|1|0|0|0|6|-3|1
180,787|-7,875|31,216|-1098,384|0|1|0|0|1|8|-5|1
180,962|-7,795|30,708|-1099,394|0|1|0|0|1|6|1|1
181,137|-7,718|31,09|-1100,404|0|1|0|0|0|6|2|1
181,312|-7,643|31,006|-1101,415|0|1|0|0|0|7|-4|1
181,487|-7,573|29,971|-1102,426|0|1|0|0|1|9|-6|1
181,662|-7,548|29,304|-1103,438|0|1|0|0|1|6|0|1
181,837|-7,573|29,199|-1104,451|0|1|0|0|0|7|-4|1
182,012|-7,631|28,218|-1105,463|0|1|0|-0,1|0|10|-8|1
182,187|-7,732|26,908|-1106,471|0|1|0|-0,1|1|7|-4|1
182,362|-7,883|26,59|-1107,473|0|1|0|-0,1|0|6|-2|1
182,537|-8,059|25,792|-1108,47|0|1|0|-0,1|0|10|-8|1
182,712|-8,263|25,497|-1109,473|0|1|0|-0,1|0|10|8|1
182,887|-8,482|26,502|-1110,462|0|1|0|-0,1|0|6|2|1
183,062|-8,703|26,36|-1111,451|0|1|0|-0,1|0|7|-4|1
183,237|-8,922|25,276|-1112,44|0|1|0|-0,1|0|6|0|1
183,412|-9,081|25,147|-1113,464|0|1|0|-0,1|0|6|0|1
183,587|-9,132|25,147|-1114,512|0|1|0|0|0|6|0|1
183,762|-9,11|25,147|-1115,562|0|1|0|0|0|6|0|1
183,937|-8,934|25,147|-1116,593|0|1|0|0,1|0|6|0|1
184,112|-8,34|25,147|-1117,428|0|0,9|0|0,3|0|6|0|1
184,287|-7,361|25,147|-1117,715|0|0,8|0|0,6|0|6|0|1
184,462|-6,338|25,147|-1117,523|0|0,6|0|0,8|0|6|0|1
184,637|-5,368|25,147|-1117,124|0|0,6|0|0,8|0|6|0|1
184,812|-4,443|25,147|-1116,628|0|0,5|0|0,9|0|6|0|1
184,987|-3,551|25,147|-1116,075|0|0,5|0|0,9|0|6|0|1
185,162|-2,663|25,147|-1115,514|0|0,5|0|0,9|0|6|0|1
185,337|-1,824|25,274|-1114,985|0|0,5|0|0,9|0|10|8|1
185,513|-0,966|26,279|-1114,445|0|0,5|0|0,9|1|6|3|1
185,688|-0,107|26,603|-1113,908|0|0,5|0|0,9|0|6|-1|1
185,863|0,753|25,978|-1113,372|0|0,5|0|0,9|0|9|-7|1
186,038|1,613|24,966|-1112,837|0|0,5|0|0,9|1|6|-2|1
186,213|2,474|24,978|-1112,302|0|0,5|0|0,9|0|6|1|1
186,388|3,334|24,755|-1111,766|0|0,5|0|0,9|0|7|-5|1
186,563|4,188|23,603|-1111,221|0|0,5|0|0,9|1|9|-7|1
186,738|5,016|22,839|-1110,638|0|0,4|0|0,9|1|6|-1|1
186,913|5,814|22,887|-1110,014|0|0,4|0|0,9|0|6|-2|1
187,088|6,598|22,178|-1109,371|0|0,4|0|0,9|1|8|-5|1
187,263|7,363|21,782|-1108,707|0|0,4|0|0,9|1|6|1|1
187,438|8,112|22,219|-1108,024|0|0,4|0|0,9|1|6|2|1
187,613|8,852|22,12|-1107,332|0|0,4|0|0,9|0|7|-4|1
187,788|9,582|21,313|-1106,63|0|0,4|0|0,9|1|6|-2|1
187,963|10,296|21,354|-1105,911|0|0,4|0|0,9|1|7|4|1
188,138|11,003|21,527|-1105,185|0|0,4|0|0,9|0|6|-3|1
188,313|11,708|20,707|-1104,457|0|0,4|0|0,9|0|10|-8|1
188,488|12,413|19,532|-1103,729|0|0,4|0|0,9|1|7|-3|1
188,663|13,117|19,407|-1103|0|0,4|0|0,9|0|6|0|1
188,838|13,822|19,07|-1102,273|0|0,4|0|0,9|0|8|-5|1
189,013|14,537|17,822|-1101,555|0|0,4|0|0,9|0|11|-10|1
189,188|15,317|17,147|-1100,884|0|0,4|0|0,9|0|6|0|1
189,363|15,789|17,147|-1100,01|0|0,2|0|1|0|6|0|1
189,538|16,284|17,147|-1099,094|0|0,3|0|1|0|5|0|1
189,713|17,219|17,147|-1099,208|0|0,8|0|0,6|0|6|0|1
189,888|17,918|17,147|-1099,959|0|0,9|0|0,4|0|6|0|1
190,063|18,241|17,147|-1100,949|0|1|0|0,2|0|6|0|1
190,238|18,415|17,147|-1101,984|0|1|0|0,1|0|6|0|1
190,413|18,589|17,147|-1103,02|0|1|0|0,1|0|6|0|1
190,588|18,742|17,147|-1104,058|0|1|0|0,1|0|6|0|1
190,763|18,869|17,147|-1105,101|0|1|0|0,1|0|6|0|1
190,938|18,992|17,147|-1106,143|0|1|0|0,1|0|6|0|1
191,113|19,115|17,147|-1107,186|0|1|0|0,1|0|6|0|1
191,288|19,224|18,017|-1108,206|0|1|0|0|0|8|6|1
191,463|19,282|18,682|-1109,217|0|1|0|0|0|6|2|1
191,638|19,225|18,66|-1110,228|0|1|0|-0,1|0|7|-4|1
191,813|19,027|17,677|-1111,221|0|1|0|-0,2|0|10|-9|1
191,988|18,692|15,89|-1112,176|0|1|0|-0,3|0|14|-13|1
192,163|18,23|13,671|-1113,076|0|0,9|0|-0,3|1|11|-9|1
192,338|17,641|12,448|-1113,901|0|0,9|0|-0,3|0|9|-7|1
192,513|17,014|10,893|-1114,696|0|0,9|0|-0,3|0|13|-11|1
192,688|16,369|8,628|-1115,479|0|0,9|0|-0,4|0|16|-15|1
192,863|15,716|5,768|-1116,253|0|0,9|0|-0,4|0|6|0|1
193,038|15,05|5,747|-1117,048|0|0,9|0|-0,3|0|6|0|1
193,213|14,45|5,747|-1117,908|0|1|0|-0,3|0|6|0|1
193,388|13,946|5,747|-1118,829|0|1|0|-0,2|0|6|0|1
193,563|13,452|5,747|-1119,755|0|1|0|-0,2|0|6|0|1
193,738|12,94|5,747|-1120,671|0|1|0|-0,3|0|6|0|1
193,913|12,389|5,747|-1121,565|0|1|0|-0,3|0|6|0|1
194,088|11,805|5,747|-1122,438|0|1|0|-0,3|0|6|0|1
194,263|11,219|5,747|-1123,309|0|1|0|-0,3|0|6|0|1
194,438|10,633|5,747|-1124,18|0|1|0|-0,3|0|6|0|1
194,613|10,063|6,358|-1125,026|0|1|0|-0,3|0|9|7|1
194,788|9,501|7,149|-1125,869|0|1|0|-0,3|1|7|4|1
194,963|8,964|7,57|-1126,729|0|1|0|-0,3|0|6|0|1
195,139|8,452|7,1|-1127,603|0|1|0|-0,2|0|8|-6|1
195,314|7,983|6,526|-1128,501|0|1|0|-0,2|1|6|0|1
195,489|7,558|6,893|-1129,421|0|1|0|-0,2|1|7|3|1
195,664|7,156|7,042|-1130,351|0|1|0|-0,2|0|6|-3|1
195,839|6,775|6,284|-1131,29|0|1|0|-0,2|1|7|-3|1
196,014|6,429|6,146|-1132,242|0|1|0|-0,2|1|6|3|1
196,189|6,097|6,479|-1133,199|0|1|0|-0,2|0|6|-1|1
196,364|5,769|5,861|-1134,158|0|1|0|-0,2|0|9|-7|1
196,539|5,443|4,856|-1135,117|0|1|0|-0,2|1|6|-2|1
196,714|5,118|4,873|-1136,077|0|1|0|-0,2|0|6|1|1
196,889|4,794|4,654|-1137,037|0|1|0|-0,2|0|7|-5|1
197,064|4,47|3,983|-1137,997|0|1|0|-0,2|1|6|-1|1
197,239|4,146|4,244|-1138,957|0|1|0|-0,2|1|6|3|1
197,414|3,822|4,286|-1139,917|0|1|0|-0,2|0|7|-3|1
197,589|3,498|3,357|-1140,878|0|1|0|-0,2|0|10|-8|1
197,764|3,174|1,615|-1141,838|0|1|0|-0,2|0|14|-12|1
197,939|2,85|-0,807|-1142,798|0|1|0|-0,2|0|17|-16|1
198,114|2,526|-1,953|-1143,769|0|1|0|-0,2|0|6|0|1
198,289|2,245|-1,953|-1144,779|0|1|0|-0,1|0|6|0|1
198,464|2,03|-1,953|-1145,806|0|1|0|-0,1|0|6|0|1
198,639|1,847|-1,953|-1146,84|0|1|0|-0,1|0|6|0|1
198,814|1,678|-1,953|-1147,877|0|1|0|-0,1|0|6|0|1
198,989|1,515|-1,953|-1148,914|0|1|0|-0,1|0|6|0|1
199,164|2,02|-1,953|-1149,786|0|1|0|0,2|0|6|0|1
199,339|2,647|-1,953|-1150,628|0|1|0|0,3|0|6|0|1
199,514|3,276|-1,953|-1151,469|0|0,9|0|0,3|0|6|0|1
199,689|3,901|-2,022|-1152,304|0|0,9|0|0,3|0|6|-3|1
199,864|4,515|-1,341|-1153,105|0|0,9|0|0,3|0|8|6|1
200,039|4,908|-0,675|-1154,029|0|1|0|0|1|6|2|1
200,214|4,932|-0,242|-1155,04|0|1|0|-0,1|1|6|3|1
200,389|4,833|0,221|-1156,048|0|1|0|-0,1|1|7|3|1
200,564|4,7|0,65|-1157,053|0|1|0|-0,1|1|6|3|1
200,739|4,559|1,116|-1158,056|0|1|0|-0,1|1|6|2|1
200,914|4,415|1,592|-1159,059|0|1|0|-0,1|1|6|2|1
201,089|4,271|2,025|-1160,062|0|1|0|-0,1|1|6|3|1
201,264|4,127|2,337|-1161,065|0|1|0|-0,1|0|6|-1|1
201,439|3,984|1,719|-1162,068|0|1|0|-0,1|0|9|-7|1
201,614|3,85|0,478|-1163,072|0|1|0|-0,1|1|7|-4|1
201,789|3,727|0,156|-1164,078|0|1|0|-0,1|1|6|2|1
201,964|3,612|0,588|-1165,085|0|1|0|-0,1|1|6|2|1
202,139|3,5|1,014|-1166,092|0|1|0|-0,1|1|6|3|1
202,314|3,388|1,471|-1167,099|0|1|0|-0,1|1|7|4|1
202,489|3,277|1,955|-1168,106|0|1|0|-0,1|1|6|2|1
202,664|3,166|2,388|-1169,113|0|1|0|-0,1|1|7|3|1
202,839|3,06|2,867|-1170,121|0|1|0|0|1|6|2|1
203,014|3,003|3,296|-1171,13|0|1|0|0,1|1|7|3|1
203,189|3,404|3,728|-1172,053|0|1|0|0,3|1|6|3|1
203,364|4,013|4,224|-1172,862|0|0,9|0|0,4|1|6|2|1
203,539|4,676|4,67|-1173,628|0|0,9|0|0,4|1|7|3|1
203,714|5,355|5,132|-1174,381|0|0,9|0|0,4|1|6|2|1
203,889|6,038|5,58|-1175,129|0|0,9|0|0,4|1|7|3|1
204,064|6,723|6,034|-1175,876|0|0,9|0|0,4|1|6|2|1
204,239|7,408|6,483|-1176,622|0|0,9|0|0,4|1|7|3|1
204,414|8,093|6,934|-1177,369|0|0,9|0|0,4|1|6|2|1
204,589|8,778|7,358|-1178,115|0|0,9|0|0,4|1|6|3|1
204,765|9,463|7,807|-1178,862|0|0,9|0|0,4|1|7|3|1
204,94|10,148|8,273|-1179,608|0|0,9|0|0,4|1|6|2|1
205,115|10,83|8,682|-1180,358|0|0,9|0|0,4|1|6|3|1
205,29|11,497|9,183|-1181,121|0|0,9|0|0,3|1|6|2|1
205,465|12,138|9,608|-1181,905|0|0,9|0|0,3|1|7|3|1
205,64|12,747|10,048|-1182,715|0|1|0|0,3|1|7|3|1
205,815|13,309|10,515|-1183,558|0|1|0|0,3|1|6|2|1
205,99|13,538|10,95|-1184,524|0|1|0|-0,1|1|6|3|1
206,165|13,322|11,463|-1185,511|0|1|0|-0,2|1|6|2|1
206,34|12,936|11,902|-1186,447|0|1|0|-0,2|1|6|2|1
206,515|12,485|12,35|-1187,354|0|1|0|-0,2|1|7|3|
206,69|12,485|12,35|-1187,354|0|1|0|-0,2|1|7|3|
206,865|12,485|12,35|-1187,354|0|1|0|-0,2|1|7|3|
207,04|12,485|12,35|-1187,354|0|1|0|-0,2|1|7|3|
207,215|12,485|12,35|-1187,354|0|1|0|-0,2|1|7|3|
207,39|12,485|12,35|-1187,354|0|1|0|-0,2|1|7|3|
207,565|2,177|-1,021|-1145,371|0|1|0|-0,1|0|3|-2|1
207,74|1,967|-1,8|-1145,763|0|1|0|-0,2|0|4|0|1
207,915|1,523|-1,953|-1146,594|0|1|0|-0,2|0|6|0|1
208,09|1,028|-1,953|-1147,519|0|1|0|-0,2|0|6|0|1
208,265|0,533|-1,953|-1148,445|0|1|0|-0,2|0|6|0|1
208,44|0,041|-1,953|-1149,372|0|1|0|-0,2|0|6|0|1
208,615|-0,431|-1,299|-1150,302|0|1|0|-0,2|0|9|7|1
208,79|-0,855|-0,508|-1151,222|0|1|0|-0,2|1|7|4|1
208,965|-1,172|-0,009|-1152,184|0|1|0|-0,1|1|6|2|1
209,14|-1,373|0,446|-1153,176|0|1|0|-0,1|1|6|2|1
209,315|-1,19|0,884|-1154,151|0|1|0|0,3|1|6|2|1
209,49|-0,589|1,305|-1154,964|0|0,9|0|0,4|1|7|3|1
209,665|-0,224|1,759|-1155,901|0|1|0|0,1|1|7|4|1
209,84|-0,098|2,259|-1156,906|0|1|0|0|1|6|2|1
210,015|-0,039|2,718|-1157,917|0|1|0|0|1|6|2|1
210,19|0,002|3,152|-1158,93|0|1|0|0|1|7|4|1
210,365|0,038|3,662|-1159,942|0|1|0|0|1|6|2|1
210,54|0,069|4,12|-1160,955|0|1|0|0|1|7|3|1
210,715|0,089|4,571|-1161,968|0|1|0|0|1|6|3|1
210,89|0,103|4,723|-1162,981|0|1|0|0|0|6|-3|1
211,065|0,116|3,903|-1163,994|0|1|0|0|0|10|-8|1
211,24|0,128|2,493|-1165,008|0|1|0|0|1|8|-5|1
211,415|0,131|2,028|-1166,021|0|1|0|0|1|6|1|1
211,59|0,057|2,407|-1167,031|0|1|0|-0,1|1|6|2|1
211,765|-0,131|2,876|-1168,026|0|1|0|-0,1|1|7|3|1
211,94|-0,379|3,339|-1169,008|0|1|0|-0,1|1|6|2|1
212,115|-0,657|3,793|-1169,983|0|1|0|-0,1|1|6|3|1
212,29|-0,969|4,261|-1170,947|0|1|0|-0,2|1|6|2|1
212,465|-1,305|4,692|-1171,903|0|1|0|-0,2|1|6|2|1
212,64|-1,648|5,135|-1172,856|0|1|0|-0,2|1|6|3|1
212,815|-1,994|5,65|-1173,808|0|1|0|-0,2|1|6|2|1
212,99|-2,341|6,086|-1174,761|0|1|0|-0,2|1|6|3|1
213,165|-2,687|6,582|-1175,713|0|1|0|-0,2|1|7|3|1
213,34|-3,034|7,065|-1176,665|0|1|0|-0,2|1|6|2|1
213,515|-3,38|7,489|-1177,617|0|1|0|-0,2|1|6|3|1
213,69|-3,727|8,003|-1178,569|0|1|0|-0,2|1|6|2|1
213,865|-4,073|8,439|-1179,521|0|1|0|-0,2|1|6|3|1
214,04|-4,579|8,929|-1180,383|0|0,9|0|-0,4|1|7|3|1
214,216|-5,405|9,423|-1180,966|0|-0,9|0|0,5|1|6|2|1
214,391|-6,302|9,871|-1181,437|0|-0,8|0|0,5|1|6|3|1
214,566|-7,215|10,363|-1181,877|0|-0,8|0|0,5|1|6|2|1
214,741|-8,13|10,786|-1182,31|0|-0,8|0|0,5|1|7|3|1
214,916|-9,041|11,264|-1182,754|0|-0,9|0|0,5|1|6|2|1
215,091|-9,942|11,688|-1183,218|0|-0,9|0|0,5|1|6|3|1
215,266|-10,718|12,186|-1183,847|0|1|0|-0,3|1|6|2|1
215,441|-11,151|12,587|-1184,759|0|1|0|-0,1|1|6|3|1
215,616|-11,428|13,039|-1185,734|0|1|0|-0,1|1|7|3|1
215,791|-11,577|13,484|-1186,735|0|1|0|0|1|7|3|1
215,966|-11,475|13,972|-1187,739|0|1|0|0,1|1|6|2|1
216,141|-11,052|14,403|-1188,656|0|1|0|0,3|1|6|3|1
216,316|-10,464|14,846|-1189,48|0|0,9|0|0,3|1|7|3|1
216,491|-9,823|14,966|-1190,265|0|0,9|0|0,4|0|6|-3|1
216,666|-9,133|14,103|-1191,007|0|0,9|0|0,4|0|10|-8|1
216,841|-8,371|12,415|-1191,674|0|0,9|0|0,5|0|13|-12|1
217,016|-7,53|10,039|-1192,238|0|0,8|0|0,6|0|17|-16|1
217,191|-6,635|7,086|-1192,713|0|0,8|0|0,6|0|19|-19|1
217,366|-5,712|3,65|-1193,129|0|0,8|0|0,6|0|22|-21|1
217,541|-4,773|-0,189|-1193,511|0|0,8|0|0,6|0|24|-23|1
217,716|-5,12|-3,455|-1193,891|0|0,8|0|0,6|0|17|-16|1
217,891|-5,982|-6,436|-1194,378|0|0,8|0|0,6|0|19|-19|1
218,066|-6,185|-9,896|-1194,971|0|0,8|0|0,6|0|22|-21|1
218,241|-5,837|-13,755|-1195,658|0|0,8|0|0,6|0|24|-23|1
218,416|-5,112|-17,949|-1196,352|0|0,8|0|0,6|0|26|-25|1
218,591|-4,302|-22,424|-1196,923|0|0,8|0|0,6|0|27|-26|1
218,766|-3,866|-25,223|-1197,22|0|0,8|0|0,6|0|28|-27|
218,941|-3,866|-25,223|-1197,22|0|0,8|0|0,6|0|28|-27|
219,116|-3,866|-25,223|-1197,22|0|0,8|0|0,6|0|28|-27|
219,291|-3,866|-25,223|-1197,22|0|0,8|0|0,6|0|28|-27|
219,466|-3,866|-25,223|-1197,22|0|0,8|0|0,6|0|28|-27|
219,641|-3,866|-25,223|-1197,22|0|0,8|0|0,6|0|28|-27|
219,816|2,188|-1,223|-1145,35|0|1|0|0|0|4|-4|1
219,991|2,188|-1,953|-1145,35|0|1|0|0|0|0|0|1
220,166|2,188|-1,953|-1145,35|0|1|0|0|0|0|0|1
220,341|2,288|-1,953|-1145,412|0|1|0|0,1|0|5|0|1
220,516|3,114|-1,953|-1145,936|0|0,9|0|0,4|0|6|0|1
220,691|3,998|-1,953|-1146,501|0|0,9|0|0,5|0|6|0|1
220,866|4,47|-1,953|-1146,823|0|0,9|0|0,5|0|0|0|1
221,041|4,481|-1,953|-1146,83|0|0,9|0|0,5|0|0|0|1
221,216|4,481|-1,953|-1146,83|0|0,9|0|0,5|0|0|0|1
221,391|4,481|-1,953|-1146,83|0|0,9|0|0,5|0|0|0|1
221,566|4,481|-1,953|-1146,83|0|0,9|0|0,5|0|0|0|1
221,741|4,481|-1,953|-1146,83|0|0,9|0|0,5|0|0|0|1
221,916|4,501|-1,953|-1146,544|0|0,5|0|0,8|0|5|0|1
222,091|4,571|-1,953|-1145,528|0|0,1|0|1|0|6|0|1
222,266|4,643|-1,953|-1144,481|0|0,1|0|1|0|6|0|1
222,441|4,64|-1,953|-1143,461|0|-0,1|0|1|0|6|0|1
222,616|3,983|-1,953|-1142,713|0|-0,4|0|0,9|0|6|0|1
222,791|2,965|-1,953|-1142,56|0|-0,6|0|0,8|0|6|0|1
222,966|1,92|-1,953|-1142,455|0|-0,7|0|0,7|0|6|0|1
223,141|0,875|-1,953|-1142,35|0|-0,7|0|0,7|0|6|0|1
223,316|0,13|-1,953|-1142,701|0|0,9|0|-0,4|0|6|0|1
223,491|0,001|-1,953|-1143,724|0|1|0|-0,1|0|6|0|1
223,666|0,229|-1,953|-1144,32|0|0,9|0|0,3|0|5|0|1
223,842|1,244|-1,953|-1144,398|0|0,8|0|0,6|0|6|0|1
224,017|2,293|-1,953|-1144,408|0|0,7|0|0,7|0|6|0|1
224,192|3,343|-1,953|-1144,409|0|0,7|0|0,7|0|6|0|1
224,367|4,393|-1,953|-1144,409|0|0,7|0|0,7|0|6|0|1
224,542|5,443|-1,953|-1144,409|0|0,7|0|0,7|0|6|0|1
224,717|6,493|-1,953|-1144,409|0|0,7|0|0,7|0|6|0|1
224,892|6,863|-1,953|-1144,409|0|0,7|0|0,7|0|0|0|1
225,067|6,868|-1,953|-1144,409|0|0,7|0|0,7|0|0|0|1
225,242|6,868|-1,953|-1144,409|0|0,7|0|0,7|0|0|0|1
225,417|6,868|-1,953|-1144,409|0|0,7|0|0,7|0|0|0|1
225,592|6,868|-1,953|-1144,409|0|0,7|0|0,7|0|0|0|1
225,767|6,868|-1,953|-1144,409|0|0,7|0|0,7|0|0|0|1
225,942|6,868|-1,953|-1144,409|0|0,7|0|0,7|0|0|0|1
226,117|6,868|-1,953|-1144,409|0|0,7|0|0,7|0|0|0|1
226,292|6,868|-1,953|-1144,409|0|0,7|0|0,7|0|0|0|1
226,467|6,868|-1,953|-1144,409|0|0,7|0|0,7|0|0|0|1
226,642|6,868|-1,953|-1144,409|0|0,7|0|0,7|0|0|0|1
226,817|6,868|-1,953|-1144,409|0|0,7|0|0,7|0|0|0|1
226,992|6,871|-1,953|-1143,947|0|0,2|0|1|0|6|0|1
227,167|6,125|-1,953|-1143,37|0|-0,4|0|0,9|0|5|0|1
227,342|5,191|-1,953|-1143,717|0|-0,8|0|0,6|0|5|0|1
227,517|4,881|-1,953|-1144,669|0|1|0|-0,2|0|6|0|1
227,692|4,498|-1,953|-1145,579|0|1|0|-0,3|0|6|0|1
227,867|3,61|-1,953|-1145,945|0|-0,8|0|0,6|0|6|0|1
228,042|2,644|-1,953|-1145,648|0|-0,7|0|0,7|0|6|0|1
228,217|1,933|-1,953|-1146,217|0|0,9|0|-0,4|0|6|0|1
228,392|1,776|-1,953|-1147,243|0|1|0|-0,1|0|6|0|1
228,567|1,714|-1,953|-1148,291|0|1|0|0|0|6|0|1
228,742|1,673|-1,953|-1149,339|0|1|0|0|0|6|0|1
228,917|1,712|-1,953|-1150,388|0|1|0|0|0|6|0|1
229,092|1,813|-1,953|-1151,433|0|1|0|0|0|12|10|1
229,267|1,923|-0,698|-1152,448|0|1|0|0,1|0|6|3|1
229,442|2,032|-0,185|-1153,455|0|1|0|0,1|1|6|2|1
229,617|2,142|0,252|-1154,462|0|1|0|0,1|1|6|2|1
229,792|2,218|0,68|-1155,473|0|1|0|0|1|6|3|1
229,967|2,257|1,148|-1156,485|0|1|0|0|1|6|2|1
230,142|2,285|1,569|-1157,498|0|1|0|0|1|6|3|1
230,317|2,31|2,082|-1158,511|0|1|0|0|0|6|2|1
230,492|2,335|2,014|-1159,524|0|1|0|0|0|7|-4|1
230,667|2,359|1,777|-1160,537|0|1|0|0|1|6|2|1
230,842|2,383|2,205|-1161,551|0|1|0|0|1|7|3|1
231,017|2,407|2,584|-1162,564|0|1|0|0|0|6|0|1
231,192|2,43|2,114|-1163,577|0|1|0|0|0|8|-6|1
231,367|2,454|1,233|-1164,59|0|1|0|0|1|6|-2|1
231,542|2,478|1,354|-1165,603|0|1|0|0|1|6|2|1
231,717|2,502|1,78|-1166,617|0|1|0|0|0|6|1|1
231,892|2,526|1,492|-1167,63|0|1|0|0|1|6|-3|1
232,067|2,55|1,451|-1168,643|0|1|0|0|1|7|3|1
232,242|2,574|1,936|-1169,656|0|1|0|0|0|6|2|1
232,417|2,598|1,907|-1170,669|0|1|0|0|0|7|-4|1
232,592|2,621|1,394|-1171,682|0|1|0|0|1|6|0|1
232,767|2,645|1,741|-1172,696|0|1|0|0|1|7|3|1
232,942|2,669|2,185|-1173,709|0|1|0|0|1|6|3|1
233,117|2,693|2,634|-1174,722|0|1|0|0|1|6|2|1
233,292|2,717|3,092|-1175,735|0|1|0|0|1|6|3|1
233,468|2,741|3,544|-1176,748|0|1|0|0|1|6|2|1
233,643|2,765|3,98|-1177,762|0|1|0|0|1|6|3|1
233,818|2,789|4,464|-1178,775|0|1|0|0|1|6|2|1
233,993|2,848|4,894|-1179,784|0|1|0|0,1|1|7|3|1
234,168|3,329|5,324|-1180,67|0|0,9|0|0,3|1|6|3|1
234,343|3,897|5,846|-1181,509|0|1|0|0,3|1|6|2|1
234,518|4,385|6,279|-1182,397|0|1|0|0,2|1|7|4|1
234,693|4,829|6,778|-1183,307|0|1|0|0,2|1|6|2|1
234,868|5,26|7,24|-1184,224|0|1|0|0,2|1|6|2|1
235,043|5,655|7,672|-1185,157|0|1|0|0,2|1|7|4|1
235,218|5,996|8,157|-1186,111|0|1|0|0,2|1|6|2|1
235,393|6,289|8,611|-1187,081|0|1|0|0,1|1|7|3|1
235,568|6,54|9,068|-1188,063|0|1|0|0,1|1|6|2|1
235,743|6,713|9,503|-1189,058|0|1|0|0|1|6|2|1
235,918|6,42|9,861|-1190,023|0|1|0|-0,3|0|6|-1|1
236,093|5,968|9,373|-1190,929|0|1|0|-0,3|0|8|-6|1
236,268|5,449|8,001|-1191,799|0|1|0|-0,3|0|12|-10|1
236,443|4,892|5,889|-1192,646|0|0,9|0|-0,3|0|15|-14|1
236,618|4,313|3,156|-1193,477|0|0,9|0|-0,3|0|18|-17|1
236,793|3,728|-0,095|-1194,304|0|1|0|-0,3|0|21|-20|1
236,968|3,202|-1,953|-1195,179|0|1|0|-0,2|0|6|0|1
237,143|2,861|-1,047|-1196,154|0|1|0|-0,1|0|8|6|1
237,318|2,611|-0,381|-1197,135|0|1|0|-0,1|1|6|2|1
237,493|2,448|0,052|-1198,135|0|1|0|-0,1|1|6|3|1
237,668|2,322|0,515|-1199,14|0|1|0|-0,1|1|7|3|1
237,843|2,205|0,944|-1200,147|0|1|0|-0,1|1|6|3|1
238,018|2,091|1,41|-1201,154|0|1|0|-0,1|1|6|2|1
238,193|1,978|1,886|-1202,161|0|1|0|-0,1|1|6|2|1
238,368|1,865|2,319|-1203,168|0|1|0|-0,1|1|6|3|1
238,543|1,754|2,789|-1204,175|0|1|0|-0,1|1|7|3|1
238,718|1,724|3,281|-1205,187|0|1|0|0|1|6|2|1
238,893|1,875|3,724|-1206,188|0|1|0|0,1|1|6|3|1
239,068|2,154|4,236|-1207,161|0|1|0|0,2|1|6|2|1
239,243|2,509|4,673|-1208,11|0|1|0|0,2|1|6|2|1
239,418|2,9|5,096|-1209,045|0|1|0|0,2|1|6|3|1
239,593|3,302|5,563|-1209,975|0|1|0|0,2|1|6|2|1
239,768|3,706|5,986|-1210,904|0|1|0|0,2|1|6|3|1
239,943|4,024|6,498|-1211,587|0|1|0|0,2|1|2|2|1
240,118|4,132|6,935|-1211,545|0|1|0|0,2|1|2|2|1
240,293|4,374|7,381|-1211,71|0|1|0|0,2|1|6|3|1
240,468|4,857|7,829|-1212,59|0|1|0|0,2|1|7|3|1
240,643|5,245|7,992|-1213,481|0|1|0|0,2|0|6|-3|1
240,818|5,603|7,371|-1214,29|0|1|0|0,3|0|6|0|1
240,993|6,396|8,478|-1214,9|0|0,9|0|0,5|0|7|4|1
241,168|7,342|9,02|-1215,234|0|0,7|0|0,7|1|7|3|1
241,343|8,351|9,472|-1215,32|0|0,7|0|0,7|1|6|3|1
241,518|9,179|9,943|-1215,871|0|1|0|0,3|1|6|2|1
241,693|9,308|10,363|-1216,849|0|1|0|-0,2|1|7|3|1
241,868|8,967|10,455|-1217,802|0|1|0|-0,3|0|7|-3|1
242,043|8,514|9,963|-1218,711|0|1|0|-0,3|0|6|0|1
242,218|7,957|11,072|-1219,573|0|1|0|-0,3|0|7|4|1
242,393|7,39|11,614|-1220,412|0|1|0|-0,3|1|7|3|1
242,568|6,796|12,066|-1221,231|0|1|0|-0,2|1|6|3|1
242,743|6,507|12,537|-1222,2|0|1|0|-0,1|1|6|2|1
242,919|6,726|12,957|-1222,674|0|1|0|-0,1|1|5|3|1
243,094|6,979|13,387|-1223,494|0|0,9|0|-0,4|0|6|1|1
243,269|6,377|13,383|-1224,158|0|-0,8|0|0,7|0|6|0|1
243,444|5,35|13,391|-1224,09|0|-0,7|0|0,7|0|6|0|1
243,619|4,372|14,492|-1223,78|0|-0,6|0|0,8|0|7|4|1
243,794|3,717|15,034|-1223,076|0|0|0|1|1|7|3|1
243,969|3,837|15,486|-1222,08|0|0,2|0|1|1|6|3|1
244,144|4,24|15,957|-1221,151|0|0,2|0|1|1|6|2|1
244,319|4,235|16,377|-1220,155|0|-0,2|0|1|1|7|3|1
244,494|3,479|16,807|-1219,53|0|-0,6|0|0,8|1|6|3|1
244,669|2,475|17,301|-1219,432|0|-0,7|0|0,7|1|7|3|1
244,844|1,471|17,672|-1219,339|0|-0,6|0|0,8|0|6|-1|1
245,019|0,465|17,156|-1219,23|0|-0,7|0|0,7|0|8|-6|1
245,194|-0,494|16,673|-1219,458|0|0,9|0|-0,5|0|6|0|1
245,369|-1,19|17,782|-1220,202|0|1|0|-0,3|0|7|4|1
245,544|-1,707|18,324|-1221,068|0|1|0|-0,2|1|7|3|1
245,719|-1,943|18,776|-1222,051|0|1|0|0|1|6|3|1
245,894|-1,874|19,247|-1223,055|0|1|0|0,2|1|6|2|1
246,069|-1,485|19,667|-1223,989|0|1|0|0,2|1|7|3|1
246,244|-0,999|20,096|-1224,878|0|1|0|0,3|1|6|3|1
246,419|-0,412|20,591|-1225,693|0|0,9|0|0,4|1|7|3|1
246,594|0,49|21,043|-1226,143|0|0,8|0|0,6|1|6|3|1
246,769|1,485|21,524|-1226,321|0|0,7|0|0,7|1|6|2|1
246,944|2,495|21,988|-1226,263|0|0,6|0|0,8|1|7|3|1
247,119|3,462|22,142|-1225,979|0|0,4|0|0,9|0|6|-3|1
247,294|4,222|21,306|-1225,405|0|0,1|0|1|0|5|0|1
247,469|4,651|21,4|-1225,655|0|0,8|0|0,6|0|10|8|1
247,644|5,301|22,405|-1226,182|0|0,4|0|0,9|1|5|3|1
247,819|6,124|22,887|-1225,761|0|0,2|0|1|1|7|3|1
247,994|6,616|23,333|-1224,88|0|0,1|0|1|1|7|3|1
248,169|6,854|23,781|-1223,906|0|-0,1|0|1|1|7|3|1
248,344|6,58|24,21|-1222,935|0|-0,2|0|1|1|6|3|1
248,519|6,128|24,671|-1222,029|0|-0,3|0|1|1|6|3|1
248,694|5,802|25,154|-1221,083|0|0|0|1|1|7|3|1
248,869|5,677|25,599|-1220,516|0|0,3|0|1|1|4|4|1
249,044|6,259|26,087|-1219,937|0|0,5|0|0,9|1|6|2|1
249,219|6,823|26,448|-1219,1|0|0,2|0|1|0|6|-1|1
249,394|7,237|25,965|-1218,177|0|0,1|0|1|0|8|-6|1
249,569|7,382|26,09|-1217,181|0|0|0|1|0|10|8|1
249,744|7,129|27,095|-1216,203|0|-0,3|0|1|1|6|3|1
249,919|6,547|27,577|-1215,379|0|-0,4|0|0,9|1|7|3|1
250,094|6,049|28,023|-1214,51|0|-0,1|0|1|1|7|3|1
250,269|5,83|28,471|-1213,521|0|-0,1|0|1|1|7|3|1
250,444|5,644|28,9|-1212,526|0|-0,1|0|1|1|6|3|1
250,619|5,405|29,361|-1211,541|0|-0,1|0|1|1|6|3|1
250,794|5,018|29,844|-1210,607|0|-0,3|0|1|1|7|3|1
250,969|4,387|30,292|-1209,82|0|-0,4|0|0,9|1|7|3|1
251,144|3,446|30,752|-1209,568|0|-0,8|0|0,6|1|6|3|1
251,319|2,599|31,245|-1210,071|0|1|0|-0,2|1|7|3|1
251,494|2,301|31,733|-1211,03|0|1|0|0|0|6|2|1
251,669|2,321|31,711|-1212,001|0|1|0|0,2|0|6|-4|1
251,844|2,267|30,729|-1212,712|0|-0,7|0|0,7|0|3|0|1
252,019|1,727|30,73|-1212,063|0|-0,4|0|0,9|0|12|10|1
252,194|1,14|31,985|-1211,233|0|-0,5|0|0,9|0|6|3|1
252,369|0,328|32,497|-1210,636|0|-0,6|0|0,8|1|6|2|1
252,545|-0,582|32,934|-1210,191|0|-0,6|0|0,8|1|6|2|1
252,72|-1,511|33,363|-1209,786|0|-0,6|0|0,8|1|6|3|1
252,895|-2,465|33,83|-1209,448|0|-0,6|0|0,8|1|6|2|1
253,07|-3,462|34,252|-1209,276|0|-0,7|0|0,7|1|6|3|1
253,245|-4,475|34,764|-1209,255|0|-0,7|0|0,7|1|6|2|1
253,42|-5,436|35,201|-1209,515|0|0,9|0|-0,5|1|6|2|1
253,595|-6,191|35,642|-1210,187|0|0,9|0|-0,3|1|6|3|1
253,77|-6,816|36,164|-1210,983|0|1|0|-0,3|1|6|2|1
253,945|-7,3|36,597|-1211,873|0|1|0|-0,2|1|7|4|1
254,12|-7,699|37,095|-1212,804|0|1|0|-0,2|0|6|2|1
254,295|-8,078|36,984|-1213,744|0|1|0|-0,2|0|7|-4|1
254,47|-8,449|35,927|-1214,686|0|1|0|-0,2|0|11|-9|1
254,645|-8,792|35,06|-1215,649|0|1|0|-0,2|0|6|0|1
254,82|-8,763|35,714|-1216,676|0|1|0|0,1|0|9|7|1
254,995|-8,509|36,505|-1217,656|0|1|0|0,2|1|7|4|1
255,17|-8,323|37,004|-1218,642|0|1|0|0|1|6|2|1
255,345|-8,404|37,458|-1219,652|0|1|0|-0,1|1|6|2|1
255,52|-8,568|37,897|-1220,651|0|1|0|-0,1|1|6|2|1
255,695|-8,772|38,318|-1221,644|0|1|0|-0,1|1|7|3|1
255,87|-8,993|38,772|-1222,633|0|1|0|-0,1|1|7|4|1
256,045|-9,477|39,271|-1223,428|0|1|0|-0,1|1|6|2|1
256,22|-9,983|39,731|-1224,269|0|1|0|0,3|1|6|2|1
256,395|-9,644|40,164|-1225,169|0|0,8|0|0,6|1|7|4|1
256,57|-8,679|40,596|-1225,44|0|0,7|0|0,8|0|6|0|1
256,745|-7,68|40,135|-1225,331|0|0,4|0|0,9|0|8|-6|1
256,92|-6,878|39,93|-1224,77|0|0,4|0|0,9|0|6|0|1
257,095|-5,927|41,038|-1224,413|0|0,6|0|0,8|0|7|4|1
257,27|-4,971|41,581|-1224,077|0|0,6|0|0,8|1|7|3|1
257,445|-4,013|42,032|-1223,747|0|0,6|0|0,8|1|6|3|1
257,62|-3,048|42,503|-1223,438|0|0,6|0|0,8|1|6|2|1
257,795|-2,066|42,924|-1223,189|0|0,6|0|0,8|1|7|3|1
257,97|-1,071|43,353|-1222,998|0|0,7|0|0,8|1|6|3|1
258,145|-0,066|43,848|-1222,87|0|0,7|0|0,7|1|7|3|1
258,32|0,944|44,3|-1222,796|0|0,7|0|0,7|1|6|3|1
258,495|1,957|44,78|-1222,791|0|0,7|0|0,7|1|6|2|1
258,67|2,906|45,245|-1223,078|0|0,9|0|0,4|1|7|3|1
258,845|3,482|45,707|-1223,897|0|1|0|0,1|1|6|3|1
259,02|3,722|46,035|-1224,88|0|1|0|0|0|6|-1|1
259,195|3,825|45,415|-1225,888|0|1|0|0|0|9|-7|1
259,37|3,702|45,08|-1226,899|0|1|0|-0,1|0|12|10|1
259,545|3,301|46,335|-1227,836|0|1|0|-0,3|0|6|3|1
259,72|2,699|46,847|-1228,641|0|0,9|0|-0,5|1|6|2|1
259,895|1,752|47,284|-1228,977|0|-0,7|0|0,7|1|6|2|1
260,07|0,748|47,713|-1229,116|0|-0,8|0|0,6|1|6|3|1
260,245|0,008|48,18|-1229,776|0|1|0|-0,2|1|6|2|1
260,42|-0,319|48,602|-1230,729|0|1|0|-0,1|1|6|3|1
260,595|-0,4|49,033|-1231,739|0|1|0|0|0|6|0|1
260,77|-0,401|48,6|-1232,752|0|1|0|0|0|6|0|1
260,945|-0,337|48,433|-1233,786|0|1|0|0|0|6|0|1
261,12|-0,25|48,433|-1234,832|0|1|0|0|0|6|0|1
261,295|-0,165|48,433|-1235,879|0|1|0|0|0|6|0|1
261,47|-0,139|48,433|-1236,928|0|1|0|0|0|6|0|1
261,645|-0,156|49,087|-1237,971|0|1|0|0|0|9|7|1
261,82|-0,169|49,878|-1238,984|0|1|0|0|1|7|4|1
261,996|-0,163|50,371|-1240,031|0|1|0|0|1|8|2|1
262,171|-0,147|50,818|-1241,579|0|1|0|0|1|11|2|1
262,346|-0,125|51,293|-1243,662|0|1|0|0|1|14|2|1
262,521|-0,1|51,147|-1246,194|0|1|0|0|0|16|-5|1
262,696|-0,072|50,711|-1249,1|0|1|0|0|1|18|1|1
262,871|-0,042|50,357|-1252,321|0|1|0|0|0|20|-6|1
263,046|-0,011|49,203|-1255,804|0|1|0|0|1|21|-4|1
263,221|0,025|48,737|-1259,507|0|1|0|0|0|22|-4|1
263,396|0,06|47,682|-1263,394|0|1|0|0|0|25|-9|1
263,571|0,097|46,485|-1267,434|0|1|0|0|1|24|-3|1
263,746|0,136|45,802|-1271,604|0|1|0|0|0|25|-7|1
263,921|0,174|44,203|-1275,881|0|1|0|0|0|28|-12|1
264,096|0,21|41,8|-1280,051|0|1|0|0|0|27|-16|1
264,271|0,244|38,819|-1283,569|0|1|0|0|0|26|-19|1
264,446|0,277|35,361|-1286,513|0|1|0|0|0|26|-21|1
264,621|0,307|31,502|-1288,977|0|1|0|0|0|26|-23|1
264,796|0,331|30,147|-1290,632|0|1|0|0|0|6|0|1
264,971|0,355|30,147|-1291,696|0|1|0|0|0|6|0|1
265,146|0,383|30,147|-1292,746|0|1|0|0|0|6|0|1
265,321|0,429|30,147|-1293,795|0|1|0|0|0|6|0|1
265,496|0,477|30,801|-1294,837|0|1|0|0|0|9|7|1
265,671|0,524|31,592|-1295,849|0|1|0|0|1|7|4|1
265,846|0,562|32,091|-1296,861|0|1|0|0|1|6|2|1
266,021|0,578|32,465|-1297,874|0|1|0|0|0|6|0|1
266,196|0,579|32,027|-1298,887|0|1|0|0|1|7|-3|1
266,371|0,554|31,86|-1299,9|0|1|0|0|1|6|2|1
266,546|0,484|32,329|-1300,911|0|1|0|0|0|6|1|1
266,721|0,389|32,043|-1301,92|0|1|0|-0,1|1|6|-3|1
266,896|0,78|32,003|-1302,828|0|0,9|0|0,4|1|7|3|1
267,071|1,585|32,486|-1303,439|0|0,9|0|0,5|1|6|2|1
267,246|2,471|32,904|-1303,93|0|0,9|0|0,5|0|6|0|1
267,421|3,351|32,577|-1304,432|0|0,9|0|0,5|1|6|-3|1
267,596|4,058|32,502|-1305,13|0|1|0|0,2|1|6|3|1
267,771|4,387|32,584|-1306,087|0|1|0|0|0|7|-3|1
267,946|4,477|32,164|-1307,09|0|1|0|-0,1|1|6|1|1
268,121|4,165|32,54|-1308,045|0|0,9|0|-0,3|1|6|2|1
268,296|3,347|32,997|-1308,624|0|-0,8|0|0,6|0|6|1|1
268,471|2,469|32,76|-1309,125|0|0,9|0|-0,4|0|7|-5|1
268,646|1,714|31,679|-1309,798|0|1|0|-0,3|1|8|-5|1
268,821|1,086|31,27|-1310,592|0|1|0|-0,3|1|6|1|1
268,996|0,535|31,695|-1311,442|0|1|0|-0,2|1|6|2|1
269,171|0,43|32,151|-1312,422|0|1|0|0,2|1|7|3|1
269,346|0,868|32,6|-1313,33|0|0,9|0|0,3|1|7|3|1
269,521|1,5|33,034|-1314,121|0|0,9|0|0,4|1|6|3|1
269,696|2,182|33,45|-1314,87|0|0,9|0|0,4|0|6|0|1
269,871|2,803|33,003|-1315,667|0|1|0|0,1|0|8|-6|1
270,046|3,097|32,448|-1316,63|0|1|0|0|1|6|0|1
270,221|3,161|32,82|-1317,64|0|1|0|0|1|7|3|1
270,396|3,151|33,264|-1318,653|0|1|0|0|1|7|3|1
270,571|3,079|33,747|-1319,664|0|1|0|0|1|6|2|1
270,746|2,967|34,172|-1320,671|0|1|0|-0,1|1|6|3|1
270,921|2,84|34,639|-1321,676|0|1|0|-0,1|1|6|2|1
271,096|2,709|35,074|-1322,681|0|1|0|-0,1|1|6|2|1
271,271|2,577|35,322|-1323,686|0|1|0|-0,1|0|6|-2|1
271,446|2,445|34,633|-1324,69|0|1|0|-0,1|0|9|-7|1
271,622|2,312|33,092|-1325,695|0|1|0|-0,1|0|13|-11|1
271,797|2,178|31,623|-1326,699|0|1|0|-0,1|1|7|-4|1
271,972|2,04|30,538|-1327,703|0|1|0|-0,1|0|11|-9|1
272,147|1,895|28,666|-1328,706|0|1|0|-0,1|0|14|-13|1
272,322|1,741|26,135|-1329,708|0|1|0|-0,1|0|17|-16|1
272,497|1,571|25,047|-1330,723|0|1|0|-0,1|0|6|0|1
272,672|1,359|25,047|-1331,751|0|1|0|-0,1|0|6|0|1
272,847|1,102|25,047|-1332,769|0|1|0|-0,1|0|6|0|1
273,022|0,814|25,047|-1333,779|0|1|0|-0,1|0|6|0|1
273,197|0,497|25,047|-1334,78|0|1|0|-0,2|0|6|0|1
273,372|0,375|25,047|-1335,128|0|1|0|-0,2|0|0|0|1
273,547|0,373|25,047|-1335,134|0|1|0|-0,2|0|0|0|1
273,722|0,373|25,047|-1335,134|0|1|0|-0,2|0|0|0|1
273,897|0,373|25,047|-1335,134|0|1|0|-0,2|0|0|0|1
274,072|0,373|25,047|-1335,134|0|1|0|-0,2|0|0|0|1
274,247|0,373|25,047|-1335,134|0|1|0|-0,2|0|0|0|1
274,422|0,373|25,047|-1335,134|0|1|0|-0,2|0|0|0|1