0|0,418|26,03|-1331,9|0|1|0|0|0|1|-1|1
0,175|0,418|25,438|-1331,9|0|1|0|0|0|7|-7|1
0,35|0,418|25,047|-1331,9|0|1|0|0|0|0|0|1
0,525|0,418|25,047|-1331,9|0|1|0|0|0|0|0|1
0,7|0,418|25,047|-1331,9|0|1|0|0|0|0|0|1
0,875|0,418|25,047|-1331,9|0|1|0|0|0|0|0|1
1,05|0,418|25,047|-1331,9|0|1|0|0|0|0|0|1
1,225|0,418|25,047|-1331,9|0|1|0|0|0|0|0|1
1,4|0,418|25,047|-1331,9|0|1|0|0|0|0|0|1
1,575|0,418|25,047|-1331,9|0|1|0|0|0|0|0|1
1,75|0,418|25,047|-1331,9|0|1|0|0|0|0|0|1
1,925|0,418|25,047|-1331,9|0|1|0|0|0|0|0|1
2,1|0,418|25,047|-1331,9|0|1|0|0|0|0|0|1
2,275|0,418|25,047|-1331,9|0|1|0|0|0|0|0|1
2,45|0,418|25,047|-1331,9|0|1|0|0|0|0|0|1
2,625|0,418|25,047|-1331,9|0|1|0|0|0|0|0|1
2,8|0,418|25,047|-1331,9|0|1|0|0|0|0|0|1
2,975|0,418|25,047|-1331,9|0|1|0|0|0|0|0|1
3,15|0,418|25,047|-1331,9|0|1|0|0|0|0|0|1
3,325|0,418|25,047|-1331,9|0|1|0|0|0|0|0|1
3,5|0,361|25,047|-1332,003|0|1|0|-0,1|0|5|0|1
3,675|-0,11|25,047|-1332,86|0|1|0|-0,2|0|6|0|1
3,85|-0,542|25,047|-1333,813|0|1|0|-0,2|0|6|0|1
4,025|-0,793|25,047|-1334,831|0|1|0|-0,1|0|6|0|1
4,2|-0,959|25,047|-1335,868|0|1|0|-0,1|0|6|0|1
4,375|-1,117|25,047|-1336,906|0|1|0|-0,1|0|6|0|1
4,55|-1,276|25,047|-1337,944|0|1|0|-0,1|0|6|0|1
4,725|-1,481|25,397|-1338,973|0|1|0|-0,1|0|10|8|1
4,9|-1,734|26,402|-1339,954|0|1|0|-0,2|1|6|3|1
5,075|-2,064|26,884|-1340,912|0|1|0|-0,2|1|7|3|1
5,25|-2,443|27,33|-1341,851|0|1|0|-0,2|1|7|3|1
5,425|-2,838|27,778|-1342,785|0|1|0|-0,2|1|7|3|1
5,6|-3,236|28,208|-1343,716|0|1|0|-0,2|1|6|3|1
5,775|-3,636|28,669|-1344,647|0|1|0|-0,2|1|6|3|1
5,95|-4,036|28,998|-1345,578|0|1|0|-0,2|0|6|-1|1
6,125|-4,436|28,379|-1346,509|0|1|0|-0,2|0|9|-7|1
6,3|-4,836|26,896|-1347,44|0|1|0|-0,2|0|12|-11|1
6,475|-5,229|24,692|-1348,374|0|1|0|-0,2|0|6|1|1
6,65|-5,451|24,85|-1349,355|0|1|0|-0,1|0|6|1|1
6,825|-5,451|25,079|-1350,378|0|1|0|0|0|6|1|1
7|-5,311|25,314|-1351,391|0|1|0|0,1|0|6|1|1
7,175|-5,076|25,55|-1352,385|0|1|0|0,1|0|12|10|1
7,35|-4,746|26,804|-1353,345|0|1|0|0,2|0|6|3|1
7,525|-4,27|27,317|-1354,237|0|0,9|0|0,3|1|6|2|1
7,7|-3,383|27,754|-1354,686|0|0,7|0|0,7|1|6|2|1
7,875|-2,373|28,183|-1354,746|0|0,7|0|0,7|1|6|3|1
8,05|-1,362|28,65|-1354,688|0|0,7|0|0,7|1|6|2|1
8,225|-0,352|29,071|-1354,599|0|0,7|0|0,7|1|6|3|1
8,4|0,658|29,584|-1354,516|0|0,7|0|0,7|1|6|2|1
8,575|1,67|30,021|-1354,481|0|0,7|0|0,7|1|6|2|1
8,75|2,682|30,462|-1354,523|0|0,7|0|0,7|1|6|3|1
8,925|3,689|30,983|-1354,637|0|0,8|0|0,7|1|6|2|1
9,1|4,59|31,416|-1355,06|0|0,9|0|0,4|1|7|4|1
9,275|5,277|31,837|-1355,804|0|1|0|0,3|0|6|0|1
9,45|5,891|31,366|-1356,609|0|1|0|0,3|0|8|-6|1
9,625|6,452|30,008|-1357,453|0|1|0|0,2|0|12|-10|1
9,8|7,152|28,749|-1358,166|0|0,9|0|0,5|0|6|1|1
9,975|8,083|28,869|-1358,619|0|0,8|0|0,5|0|6|1|1
10,15|8,954|29,012|-1359,181|0|0,9|0|0,5|0|6|1|1
10,325|9,654|29,77|-1359,93|0|1|0|0,2|0|9|7|1
10,5|9,986|30,561|-1360,875|0|1|0|-0,2|1|7|4|1
10,675|9,682|31,06|-1361,829|0|0,9|0|-0,3|1|6|2|1
10,85|9,073|31,515|-1362,637|0|0,9|0|-0,4|1|6|2|1
11,025|8,377|31,953|-1363,374|0|0,9|0|-0,4|1|6|2|1
11,2|7,639|32,374|-1364,068|0|0,9|0|-0,4|1|7|3|1
11,375|6,866|32,828|-1364,722|0|0,9|0|-0,4|1|7|4|1
11,55|5,901|33,328|-1364,995|0|-0,7|0|0,7|1|6|2|1
11,725|4,889|33,787|-1364,975|0|-0,7|0|0,7|1|6|2|1
11,9|3,88|34,221|-1364,885|0|-0,7|0|0,7|1|7|4|1
12,075|2,868|34,731|-1364,894|0|-0,7|0|0,7|1|6|2|1
12,25|1,89|35,189|-1365,147|0|-0,8|0|0,5|1|7|3|1
12,425|1,021|35,64|-1365,656|0|0,9|0|-0,4|1|6|3|1
12,6|0,579|36,106|-1366,557|0|1|0|-0,1|1|6|2|1
12,775|0,416|36,526|-1367,556|0|1|0|0|1|7|3|1
12,95|0,35|36,957|-1368,567|0|1|0|0|1|6|3|1
13,125|0,322|37,451|-1369,58|0|1|0|0|1|7|3|1
13,3|0,309|37,824|-1370,594|0|1|0|0|0|6|-1|1
13,475|0,293|37,313|-1371,607|0|1|0|0|0|8|-6|1
13,65|0,206|36,82|-1372,579|0|1|0|-0,1|0|6|2|1
13,825|-0,034|37,211|-1373,519|0|1|0|-0,1|0|6|2|1
14|-0,723|37,477|-1374,157|0|0,9|0|-0,4|0|6|1|1
14,175|-1,639|37,672|-1374,627|0|-0,9|0|0,5|0|6|1|1
14,35|-2,518|37,892|-1375,155|0|0,9|0|-0,5|0|6|0|1
14,525|-3,532|37,924|-1375,231|0|-0,7|0|0,7|0|6|0|1
14,7|-4,096|37,956|-1375,309|0|-0,8|0|0,7|0|0|0|1
14,875|-4,109|37,957|-1375,311|0|-0,8|0|0,7|0|0|0|1
15,05|-4,109|37,957|-1375,311|0|-0,8|0|0,7|0|0|0|1
15,225|-4,109|37,957|-1375,311|0|-0,8|0|0,7|0|0|0|1
15,4|-4,109|37,957|-1375,311|0|-0,8|0|0,7|0|0|0|1
15,575|-4,109|37,957|-1375,311|0|-0,8|0|0,7|0|0|0|1
15,75|-4,109|37,957|-1375,311|0|-0,8|0|0,7|0|0|0|1
15,925|-4,109|37,957|-1375,311|0|-0,8|0|0,7|0|0|0|1
16,1|-4,109|37,957|-1375,311|0|-0,8|0|0,7|0|0|0|1
16,275|-4,109|37,957|-1375,311|0|-0,8|0|0,7|0|0|0|1
16,45|-4,109|37,957|-1375,311|0|-0,8|0|0,7|0|0|0|1
16,625|-4,109|37,957|-1375,311|0|-0,8|0|0,7|0|0|0|1
16,8|-4,109|37,957|-1375,311|0|-0,8|0|0,7|0|0|0|1
16,975|-4,109|37,957|-1375,311|0|-0,8|0|0,7|0|0|0|1
17,15|-4,109|37,957|-1375,311|0|-0,8|0|0,7|0|3|-1|1
17,325|-4,621|37,71|-1374,717|0|-0,4|0|0,9|0|6|-2|1
17,5|-4,952|37,329|-1373,803|0|-0,2|0|1|0|6|-2|1
17,675|-5,276|36,945|-1372,881|0|-0,2|0|1|0|11|10|1
17,85|-5,609|38,2|-1371,932|0|-0,2|0|1|0|6|3|1
18,025|-5,96|38,713|-1370,981|0|-0,2|0|1|1|6|2|1
18,2|-6,294|39,15|-1370,027|0|-0,1|0|1|1|6|2|1
18,375|-6,196|39,578|-1369,031|0|0,1|0|1|1|6|3|1
18,55|-6,028|40,046|-1368,167|0|0,1|0|1|1|5|2|1
18,725|-5,727|40,467|-1367,513|0|0,5|0|0,8|1|6|3|1
18,9|-4,739|40,98|-1367,458|0|0,8|0|0,6|1|6|2|1
19,075|-3,766|41,417|-1367,737|0|0,8|0|0,6|1|6|2|1
19,25|-2,806|41,858|-1368,061|0|0,8|0|0,6|1|6|3|1
19,425|-1,82|42,379|-1368,288|0|0,8|0|0,7|1|6|2|1
19,6|-0,809|42,812|-1368,324|0|0,7|0|0,7|1|7|4|1
19,775|-0,229|43,311|-1368,383|0|1|0|-0,1|1|2|2|1
19,95|-0,92|43,762|-1368,269|0|-0,7|0|0,7|1|6|2|1
20,125|-1,883|44,198|-1367,953|0|-0,6|0|0,8|1|6|2|1
20,3|-2,819|44,618|-1367,572|0|-0,5|0|0,9|1|7|3|1
20,475|-3,485|45,074|-1366,818|0|-0,3|0|1|1|7|4|1
20,65|-3,95|45,573|-1365,918|0|-0,2|0|1|1|6|2|1
20,825|-4,283|46,019|-1364,962|0|-0,1|0|1|1|6|2|1
21|-4,489|46,443|-1363,97|0|-0,1|0|1|0|6|1|1
21,175|-4,62|46,157|-1362,966|0|0|0|1|0|8|-5|1
21,35|-4,685|44,952|-1361,955|0|0|0|1|0|11|-10|1
21,525|-4,665|44,47|-1360,976|0|0|0|1|0|6|2|1
21,7|-4,549|44,84|-1360,002|0|0,1|0|1|0|6|2|1
21,875|-4,384|45,209|-1359,033|0|0,1|0|1|0|6|2|1
22,05|-4,154|45,573|-1358,076|0|0,1|0|1|0|6|2|1
22,225|-3,815|45,926|-1357,149|0|0,2|0|1|0|6|2|1
22,4|-3,294|46,249|-1356,3|0|0,3|0|1|0|6|2|1
22,575|-2,611|46,532|-1355,557|0|0,4|0|0,9|0|12|10|1
22,75|-1,863|47,787|-1354,873|0|0,4|0|0,9|0|6|3|1
22,925|-1,104|48,299|-1354,202|0|0,4|0|0,9|1|6|2|1
23,1|-0,337|48,736|-1353,539|0|0,4|0|0,9|1|6|2|1
23,275|0,431|49,165|-1352,879|0|0,4|0|0,9|1|6|3|1
23,45|1,2|49,632|-1352,219|0|0,4|0|0,9|1|6|2|1
23,625|1,971|50,053|-1351,562|0|0,4|0|0,9|1|6|3|1
23,8|2,759|50,566|-1350,924|0|0,4|0|0,9|1|6|2|1
23,975|3,569|51,003|-1350,316|0|0,5|0|0,9|1|6|2|1
24,15|4,407|51,444|-1349,747|0|0,5|0|0,9|1|6|3|1
24,325|5,282|51,965|-1349,236|0|0,5|0|0,9|1|6|2|1
24,5|6,191|52,204|-1348,789|0|0,5|0|0,8|0|6|-2|1
24,675|7,122|51,507|-1348,389|0|0,6|0|0,8|0|9|-7|1
24,85|8,068|50,43|-1348,06|0|0,6|0|0,8|0|6|2|1
25,025|9,049|50,73|-1347,87|0|0,6|0|0,8|0|6|2|1
25,2|10,056|51,008|-1347,782|0|0,7|0|0,7|0|6|1|1
25,375|11,073|51,236|-1347,873|0|0,7|0|0,7|0|6|1|1
25,55|12,03|51,982|-1348,251|0|0,8|0|0,5|0|9|7|1
25,725|12,891|52,773|-1348,781|0|0,9|0|0,4|1|7|4|1
25,9|13,615|53,272|-1349,488|0|0,9|0|0,3|1|6|2|1
26,075|14,238|53,727|-1350,287|0|1|0|0,3|1|6|2|1
26,25|14,816|54,165|-1351,119|0|1|0|0,3|1|6|2|1
26,425|15,379|54,586|-1351,961|0|1|0|0,3|1|7|3|1
26,6|15,939|55,04|-1352,806|0|1|0|0,3|1|7|4|1
26,775|16,498|55,539|-1353,651|0|1|0|0,3|1|6|2|1
26,95|17,057|55,999|-1354,496|0|1|0|0,3|1|6|2|1
27,125|17,616|56,433|-1355,342|0|1|0|0,3|1|7|4|1
27,3|18,178|56,943|-1356,184|0|1|0|0,3|1|6|2|1
27,475|18,744|57,243|-1357,025|0|1|0|0,3|0|6|-1|1
27,65|19,306|56,661|-1357,867|0|1|0|0,3|0|9|-6|1
27,825|19,796|56,408|-1358,721|0|1|0|0,2|0|6|2|1
28|20,162|56,74|-1359,645|0|1|0|0,2|0|6|2|1
28,175|20,441|57,054|-1360,606|0|1|0|0,1|0|6|2|1
28,35|20,635|57,35|-1361,594|0|1|0|0,1|0|6|2|1
28,525|20,724|57,609|-1362,606|0|1|0|0|0|12|10|1
28,7|20,716|58,831|-1363,625|0|1|0|0|0|6|3|1
28,875|20,593|59,344|-1364,63|0|1|0|-0,1|1|6|2|1
29,05|20,317|59,781|-1365,604|0|1|0|-0,2|1|6|2|1
29,225|19,931|60,21|-1366,541|0|1|0|-0,2|1|6|3|1
29,4|19,468|60,677|-1367,442|0|1|0|-0,3|1|6|2|1
29,575|18,959|61,098|-1368,318|0|1|0|-0,3|1|6|3|1
29,75|18,43|61,611|-1369,182|0|1|0|-0,3|1|6|2|1
29,925|17,897|62,048|-1370,044|0|1|0|-0,3|1|6|2|1
30,1|17,362|62,489|-1370,904|0|1|0|-0,3|1|6|3|1
30,275|16,827|63,01|-1371,765|0|1|0|-0,3|1|6|2|1
30,45|16,291|63,443|-1372,625|0|1|0|-0,3|1|7|4|1
30,625|15,756|63,864|-1373,485|0|1|0|-0,3|0|6|0|1
30,8|15,23|63,501|-1374,344|0|1|0|-0,3|0|6|2|1
30,975|14,772|63,868|-1375,196|0|1|0|-0,2|0|6|2|1
31,15|14,969|64,174|-1376,14|0|1|0|0,1|0|6|2|1
31,325|15,269|64,471|-1377,1|0|1|0|0,1|0|6|2|1
31,5|15,021|64,719|-1377,991|0|1|0|-0,2|0|6|-4|1
31,675|14,5|64,757|-1378,693|0|1|0|-0,3|0|9|7|1
31,85|13,859|65,548|-1379,478|0|0,9|0|-0,4|1|7|4|1
32,025|13,18|66,047|-1380,23|0|0,9|0|-0,4|1|6|2|1
32,2|12,487|66,501|-1380,969|0|0,9|0|-0,4|1|6|2|1
32,375|11,79|66,94|-1381,705|0|0,9|0|-0,4|1|6|2|1
32,55|11,097|67,361|-1382,444|0|0,9|0|-0,4|1|7|3|1
32,725|10,432|67,815|-1383,208|0|0,9|0|-0,3|1|7|4|1
32,9|9,847|68,314|-1384,035|0|1|0|-0,3|1|6|2|1
33,075|9,403|68,774|-1384,944|0|1|0|-0,2|1|6|2|1
33,25|9,154|69,207|-1385,924|0|1|0|-0,1|1|7|4|1
33,425|9,117|69,717|-1386,935|0|1|0|0|1|6|2|1
33,6|9,252|70,176|-1387,938|0|1|0|0,1|1|7|3|1
33,775|9,344|70,572|-1388,333|0|1|0|0,1|0|2|2|1
33,95|9,344|70,922|-1388,333|0|1|0|0,1|0|2|2|1
34,125|9,344|71,272|-1388,333|0|1|0|0,1|0|2|2|1
34,3|9,344|71,622|-1388,333|0|1|0|0,1|0|2|2|1
34,475|9,344|71,972|-1388,333|0|1|0|0,1|0|2|2|1
34,65|9,344|72,322|-1388,333|0|1|0|0,1|0|2|2|1
34,825|9,344|72,672|-1388,333|0|1|0|0,1|0|2|2|1
35|9,344|73,022|-1388,333|0|1|0|0,1|0|2|2|1
35,175|9,344|73,372|-1388,333|0|1|0|0,1|0|2|2|1
35,35|9,344|73,722|-1388,333|0|1|0|0,1|0|2|2|1
35,525|9,344|74,072|-1388,333|0|1|0|0,1|0|2|2|1
35,7|9,344|74,422|-1388,333|0|1|0|0,1|0|2|2|1
35,875|9,344|74,772|-1388,333|0|1|0|0,1|0|2|2|1
36,05|9,344|75,122|-1388,333|0|1|0|0,1|0|2|2|1
36,225|9,344|75,472|-1388,333|0|1|0|0,1|0|2|2|1
36,4|9,344|75,822|-1388,333|0|1|0|0,1|0|2|2|1
36,575|9,344|76,171|-1388,333|0|1|0|0,1|0|2|2|1
36,75|9,344|76,521|-1388,333|0|1|0|0,1|0|2|2|1
36,925|9,344|76,871|-1388,333|0|1|0|0,1|0|2|2|1
37,1|9,344|77,221|-1388,333|0|1|0|0,1|0|2|2|1
37,275|9,344|77,571|-1388,333|0|1|0|0,1|0|2|2|1
37,45|9,344|77,921|-1388,333|0|1|0|0,1|0|2|2|1
37,625|9,344|78,271|-1388,333|0|1|0|0,1|0|2|2|1
37,8|9,344|78,621|-1388,333|0|1|0|0,1|0|2|2|1
37,975|9,344|78,971|-1388,333|0|1|0|0,1|0|2|2|1
38,15|9,344|79,321|-1388,333|0|1|0|0,1|0|2|2|1
38,325|9,344|79,671|-1388,333|0|1|0|0,1|0|2|2|1
38,5|9,344|80,021|-1388,333|0|1|0|0,1|0|2|2|1
38,675|9,344|80,371|-1388,333|0|1|0|0,1|0|2|2|1
38,85|9,344|80,721|-1388,333|0|1|0|0,1|0|2|2|1
39,025|9,344|81,071|-1388,333|0|1|0|0,1|0|2|2|1
39,2|9,344|81,421|-1388,333|0|1|0|0,1|0|2|2|1
39,375|9,344|81,771|-1388,333|0|1|0|0,1|0|2|2|1
39,55|9,344|82,121|-1388,333|0|1|0|0,1|0|2|2|1
39,725|9,344|82,471|-1388,333|0|1|0|0,1|0|2|2|1
39,9|9,344|82,821|-1388,333|0|1|0|0,1|0|2|2|1
40,075|9,344|83,171|-1388,333|0|1|0|0,1|0|2|2|1
40,25|9,344|83,521|-1388,333|0|1|0|0,1|0|2|2|1
40,425|9,344|83,871|-1388,333|0|1|0|0,1|0|2|2|1
40,6|9,344|84,221|-1388,333|0|1|0|0,1|0|2|2|1
40,775|9,344|84,571|-1388,333|0|1|0|0,1|0|2|2|1
40,95|9,344|84,921|-1388,333|0|1|0|0,1|0|2|2|1
41,125|9,344|85,271|-1388,333|0|1|0|0,1|0|2|2|1
41,3|9,344|85,621|-1388,333|0|1|0|0,1|0|2|2|1
41,475|9,336|85,842|-1388,403|0|1|0|0|0|3|-2|1
41,65|9,26|85,717|-1389,081|0|1|0|0|0|6|0|1
41,825|9,149|85,717|-1390,117|0|1|0|-0,1|0|6|0|1
42|9,042|85,717|-1391,161|0|1|0|-0,1|0|6|0|1
42,175|8,935|85,717|-1392,205|0|1|0|-0,1|0|6|0|1
42,35|8,898|85,717|-1392,573|0|1|0|-0,1|0|0|0|1
42,525|8,898|85,717|-1392,579|0|1|0|-0,1|0|0|0|1
42,7|8,898|85,717|-1392,579|0|1|0|-0,1|0|0|0|1
42,875|8,613|85,717|-1392,55|0|0,9|0|-0,4|0|11|10|1
43,05|7,615|86,971|-1392,448|0|-0,7|0|0,7|0|6|3|1
43,225|6,607|87,484|-1392,344|0|-0,7|0|0,7|1|6|2|1
43,4|5,599|87,921|-1392,241|0|-0,7|0|0,7|1|6|2|1
43,575|4,591|88,35|-1392,138|0|-0,7|0|0,7|1|6|3|1
43,75|3,582|88,817|-1392,048|0|-0,7|0|0,7|1|6|2|1
43,925|2,574|89,238|-1392,071|0|-0,8|0|0,6|1|6|3|1
44,1|1,754|89,751|-1392,646|0|0,9|0|-0,3|1|6|2|1
44,275|1,266|90,188|-1393,515|0|1|0|0|1|6|2|1
44,45|1,366|90,629|-1394,517|0|1|0|0,2|1|6|3|1
44,625|1,718|91,15|-1395,466|0|1|0|0,2|1|6|2|1
44,8|2,18|91,583|-1396,367|0|1|0|0,3|1|7|4|1
44,975|2,703|92,082|-1397,235|0|1|0|0,3|1|6|2|1
45,15|3,275|92,534|-1398,071|0|1|0|0,3|1|6|2|1
45,325|3,872|92,969|-1398,89|0|0,9|0|0,3|1|6|2|1
45,5|4,481|93,389|-1399,7|0|0,9|0|0,3|1|7|3|1
45,675|5,093|93,845|-1400,507|0|0,9|0|0,3|1|7|4|1
45,85|5,706|94,03|-1401,314|0|0,9|0|0,3|0|6|-3|1
46,025|6,319|93,219|-1402,121|0|0,9|0|0,3|0|10|-8|1
46,2|6,931|91,576|-1402,929|0|0,9|0|0,3|0|13|-12|1
46,375|7,541|89,48|-1403,737|0|0,9|0|0,3|0|6|0|1
46,55|8,169|89,48|-1404,572|0|0,9|0|0,3|0|6|0|1
46,725|8,801|89,48|-1405,411|0|0,9|0|0,3|0|6|0|1
46,9|9,432|89,48|-1406,25|0|0,9|0|0,3|0|6|0|1
47,075|10,062|89,48|-1407,09|0|0,9|0|0,3|0|6|0|1
47,25|10,683|89,48|-1407,937|0|1|0|0,3|0|6|0|1
47,425|11,26|89,48|-1408,813|0|1|0|0,3|0|6|0|1
47,6|11,784|90,386|-1409,706|0|1|0|0,3|0|8|6|1
47,775|12,274|91,052|-1410,593|0|1|0|0,2|1|6|2|1
47,95|12,73|91,485|-1411,498|0|1|0|0,2|1|6|3|1
48,125|13,152|91,947|-1412,419|0|1|0|0,2|1|7|3|1
48,3|13,541|92,377|-1413,354|0|1|0|0,2|1|6|3|1
48,475|13,891|92,843|-1414,305|0|1|0|0,2|0|6|2|1
48,65|14,343|92,721|-1415,208|0|0,9|0|0,4|0|7|-4|1
48,825|14,986|91,655|-1415,99|0|0,9|0|0,4|0|11|-9|1
49|15,681|89,798|-1416,727|0|0,9|0|0,4|0|14|-13|1
49,175|16,318|88,692|-1417,511|0|1|0|0,3|0|6|1|1
49,35|16,797|88,864|-1418,426|0|1|0|0,2|0|6|1|1
49,525|16,629|88,922|-1419,368|0|1|0|-0,1|0|6|0|1
49,7|16,072|88,907|-1420,254|0|1|0|-0,3|0|6|0|1
49,875|15,43|88,87|-1421,083|0|0,9|0|-0,3|0|6|0|1
50,05|14,729|88,819|-1421,863|0|0,9|0|-0,4|0|6|0|1
50,225|14,002|89,915|-1422,588|0|0,9|0|-0,4|0|7|4|1
50,4|13,278|90,457|-1423,298|0|0,9|0|-0,4|1|7|3|1
50,575|12,552|90,909|-1424,005|0|0,9|0|-0,4|1|6|3|1
50,75|11,825|91,38|-1424,71|0|0,9|0|-0,4|1|6|2|1
50,925|11,09|91,8|-1425,407|0|0,9|0|-0,4|1|7|3|1
51,1|10,343|92,23|-1426,092|0|0,9|0|-0,4|1|6|3|1
51,275|9,591|92,724|-1426,771|0|0,9|0|-0,4|1|7|3|1
51,45|8,837|92,868|-1427,448|0|0,9|0|-0,4|0|6|-3|1
51,625|8,085|92,024|-1428,127|0|0,9|0|-0,4|1|8|-5|1
51,8|7,333|91,517|-1428,806|0|0,9|0|-0,4|1|6|1|1
51,975|6,585|91,898|-1429,489|0|0,9|0|-0,4|1|6|2|1
52,15|5,864|92,299|-1430,201|0|0,9|0|-0,4|1|6|3|1
52,325|5,223|92,733|-1430,985|0|1|0|-0,3|0|6|0|1
52,5|4,693|92,399|-1431,847|0|1|0|-0,2|0|8|-5|1
52,675|4,301|91,155|-1432,781|0|1|0|-0,1|0|11|-10|1
52,85|4,1|90,402|-1433,775|0|1|0|0|0|6|0|1
53,025|4,167|90,343|-1434,818|0|1|0|0|0|6|0|1
53,2|4,385|90,254|-1435,839|0|1|0|0,1|0|6|-1|1
53,375|4,792|90,131|-1436,795|0|1|0|0,2|0|6|-1|1
53,55|5,378|89,977|-1437,65|0|1|0|0,3|0|6|-1|1
53,725|6,07|89,807|-1438,42|0|0,9|0|0,4|0|12|10|1
53,9|6,796|91,062|-1439,133|0|0,9|0|0,4|0|6|3|1
54,075|7,541|91,574|-1439,82|0|0,9|0|0,4|1|6|2|1
54,25|8,301|92,011|-1440,49|0|0,9|0|0,4|1|6|2|1
54,425|9,065|92,44|-1441,156|0|0,9|0|0,4|1|6|3|1
54,6|9,83|92,907|-1441,82|0|0,9|0|0,4|1|6|2|1
54,775|10,732|93,328|-1442,246|0|0,8|0|0,7|1|6|3|1
54,95|11,738|93,841|-1442,366|0|0,7|0|0,7|1|6|2|1
55,125|12,746|94,278|-1442,464|0|0,7|0|0,7|1|6|2|1
55,3|13,703|94,561|-1442,768|0|0,9|0|0,4|0|6|-2|1
55,475|14,519|93,901|-1443,365|0|1|0|0,3|0|9|-7|1
55,65|15,181|93,169|-1444,129|0|1|0|0,3|1|6|0|1
55,825|15,738|93,422|-1444,975|0|1|0|0,3|1|7|3|1
56|16,251|93,799|-1445,849|0|1|0|0,2|0|6|0|1
56,175|16,724|93,322|-1446,745|0|1|0|0,2|0|8|-6|1
56,35|17,136|91,959|-1447,67|0|1|0|0,1|0|6|1|1
56,525|17,384|92,001|-1448,662|0|1|0|0,1|0|6|1|1
56,7|17,492|92,118|-1449,699|0|1|0|0|0|6|1|1
56,875|17,46|92,211|-1450,742|0|1|0|0|0|6|0|1
57,05|17,253|92,27|-1451,768|0|1|0|-0,1|0|6|0|1
57,225|16,882|92,297|-1452,748|0|1|0|-0,2|0|6|0|1
57,4|16,404|92,299|-1453,682|0|1|0|-0,2|0|11|10|1
57,575|15,911|93,491|-1454,52|0|1|0|-0,3|0|6|3|1
57,75|15,373|94,004|-1455,378|0|1|0|-0,3|1|6|2|1
57,925|14,815|94,441|-1456,224|0|1|0|-0,3|1|6|2|1
58,1|14,246|94,87|-1457,063|0|1|0|-0,3|1|6|3|1
58,275|13,665|95,128|-1457,892|0|1|0|-0,3|0|6|-2|1
58,45|13,076|94,425|-1458,717|0|1|0|-0,3|0|9|-7|1
58,625|12,483|92,873|-1459,538|0|1|0|-0,3|0|13|-11|1
58,8|11,893|90,61|-1460,362|0|1|0|-0,3|0|16|-15|1
58,975|11,323|88,13|-1461,2|0|1|0|-0,3|0|6|0|1
59,15|10,848|88,13|-1462,128|0|1|0|-0,2|0|6|0|1
59,325|10,503|88,13|-1463,118|0|1|0|-0,2|0|6|0|1
59,5|10,294|88,13|-1464,146|0|1|0|-0,1|0|6|0|1
59,675|10,146|88,13|-1465,186|0|1|0|-0,1|0|6|0|1
59,85|10,029|88,13|-1466,229|0|1|0|-0,1|0|6|0|1
60,025|9,992|88,13|-1466,597|0|1|0|-0,1|0|0|0|1
60,2|9,992|88,13|-1466,603|0|1|0|-0,1|0|0|0|1
60,375|9,992|88,13|-1466,603|0|1|0|-0,1|0|0|0|1
60,55|9,992|88,13|-1466,603|0|1|0|-0,1|0|0|0|1
60,725|9,963|88,13|-1466,888|0|1|0|-0,1|0|5|0|1
60,9|9,854|88,088|-1467,897|0|1|0|-0,1|0|6|-2|1
61,075|9,739|87,329|-1468,9|0|1|0|-0,1|0|9|-7|1
61,25|9,622|85,729|-1469,906|0|1|0|-0,1|0|13|-12|1
61,425|9,504|83,426|-1470,913|0|1|0|-0,1|0|16|-15|1
61,6|9,385|80,534|-1471,919|0|1|0|-0,1|0|19|-18|1
61,775|9,266|77,149|-1472,926|0|1|0|-0,1|0|22|-21|1
61,95|9,146|73,352|-1473,932|0|1|0|-0,1|0|24|-23|1
62,125|9,026|69,211|-1474,938|0|1|0|-0,1|0|25|-25|1
62,3|8,907|64,78|-1475,943|0|1|0|-0,1|0|27|-26|1
62,475|8,789|60,109|-1476,95|0|1|0|-0,1|0|28|-27|1
62,65|8,682|55,235|-1477,958|0|1|0|0|0|29|-28|1
62,825|8,593|50,191|-1478,967|0|1|0|0|0|30|-29|1
63|8,527|45,007|-1479,978|0|1|0|0|0|31|-30|1
63,175|8,479|39,704|-1480,99|0|1|0|0|0|31|-31|1
63,35|8,444|34,301|-1482,003|0|1|0|0|0|32|-31|1
63,525|8,412|28,816|-1483,015|0|1|0|0|0|32|-32|1
63,7|8,373|23,262|-1484,028|0|1|0|0|0|32|-32|1
63,875|8,324|17,649|-1485,04|0|1|0|0|0|33|-32|1
64,05|8,267|11,988|-1486,051|0|1|0|0|0|33|-32|1
64,225|8,207|6,286|-1487,063|0|1|0|0|0|33|-33|1
64,4|8,15|0,55|-1488,074|0|1|0|0|0|33|-33|1
64,575|8,096|-1,953|-1489,096|0|1|0|0|0|6|0|1
64,75|8,04|-1,953|-1490,144|0|1|0|0|0|6|0|1
64,925|7,981|-1,953|-1491,192|0|1|0|0|0|6|0|1
65,1|7,921|-1,953|-1492,241|0|1|0|0|0|6|0|1
65,275|7,862|-1,953|-1493,289|0|1|0|0|0|6|0|1
65,45|7,802|-1,953|-1494,338|0|1|0|0|0|6|0|1
65,625|7,741|-1,953|-1495,386|0|1|0|0|0|6|0|1
65,8|7,678|-1,953|-1496,434|0|1|0|0|0|6|0|1
65,975|7,616|-1,953|-1497,482|0|1|0|0|0|6|0|1
66,15|7,556|-1,953|-1498,53|0|1|0|0|0|6|0|1
66,325|7,506|-1,953|-1499,579|0|1|0|0|0|6|0|1
66,5|7,461|-1,953|-1500,628|0|1|0|0|0|6|0|1
66,675|7,426|-1,953|-1501,677|0|1|0|0|0|6|0|1
66,85|7,426|-1,953|-1502,727|0|1|0|0|0|6|0|1
67,025|7,454|-1,953|-1503,777|0|1|0|0|0|6|0|1
67,2|7,487|-1,953|-1504,826|0|1|0|0|0|6|0|1
67,375|7,995|-1,953|-1505,661|0|1|0|0,3|0|6|0|1
67,55|8,756|-1,953|-1506,382|0|0,9|0|0,4|0|6|0|1
67,725|9,521|-1,953|-1507,101|0|0,9|0|0,4|0|6|0|1
67,9|10,287|-1,953|-1507,82|0|0,9|0|0,4|0|6|0|1
68,075|11,052|-1,953|-1508,539|0|0,9|0|0,4|0|6|0|1
68,25|11,817|-1,953|-1509,258|0|0,9|0|0,4|0|6|0|1
68,425|12,097|-1,953|-1509,905|0|1|0|0,2|0|0|0|1
68,6|12,102|-1,953|-1509,935|0|1|0|0,2|0|0|0|1
68,775|12,102|-1,953|-1509,935|0|1|0|0,2|0|0|0|1
68,95|12,102|-1,953|-1509,935|0|1|0|0,2|0|0|0|1
69,125|12,102|-1,953|-1509,935|0|1|0|0,2|0|0|0|1
69,3|12,102|-1,953|-1509,935|0|1|0|0,2|0|0|0|1
69,475|12,106|-1,953|-1510,222|0|1|0|0,1|0|5|0|1
69,65|12,118|-1,953|-1511,24|0|1|0|0|0|6|0|1
69,825|12,131|-1,953|-1512,289|0|1|0|0|0|6|0|1
70|12,144|-1,953|-1513,339|0|1|0|0|0|6|0|1
70,175|12,157|-1,966|-1514,389|0|1|0|0|0|6|-5|1
70,35|12,167|-1,989|-1515,259|0|1|0|0|0|9|7|1
70,525|12,18|-1,198|-1516,272|0|1|0|0|1|7|4|1
70,7|12,19|-1,007|-1517,285|0|1|0|0|0|6|-2|1
70,875|12,193|-1,812|-1518,298|0|1|0|0|0|10|-8|1
71,05|12,184|-3,208|-1519,312|0|1|0|0|1|8|-5|1
71,226|12,148|-3,662|-1520,324|0|1|0|0|1|6|1|1
71,401|12,085|-3,355|-1521,335|0|1|0|0|0|6|-1|1
71,576|12,003|-3,854|-1522,345|0|1|0|-0,1|0|8|-6|1
71,751|11,902|-4,45|-1523,354|0|1|0|-0,1|1|6|0|1
71,926|11,782|-4,103|-1524,36|0|1|0|-0,1|1|7|3|1
72,101|11,654|-3,659|-1525,365|0|1|0|-0,1|1|7|3|1
72,276|11,525|-3,175|-1526,37|0|1|0|-0,1|1|6|2|1
72,451|11,396|-2,751|-1527,375|0|1|0|-0,1|1|6|3|1
72,626|11,266|-2,304|-1528,38|0|1|0|-0,1|1|7|3|1
72,801|11,137|-1,853|-1529,384|0|1|0|-0,1|1|7|3|1
72,976|11,007|-1,379|-1530,389|0|1|0|-0,1|1|6|2|1
73,151|10,876|-0,954|-1531,394|0|1|0|-0,1|1|7|3|1
73,326|10,734|-0,483|-1532,397|0|1|0|-0,1|1|6|2|1
73,501|10,572|-0,052|-1533,397|0|1|0|-0,1|1|7|4|1
73,676|10,387|0,431|-1534,393|0|1|0|-0,1|1|6|2|1
73,851|10,177|0,834|-1535,385|0|1|0|-0,1|1|6|3|1
74,026|9,946|1,25|-1536,371|0|1|0|-0,1|0|6|0|1
74,201|9,702|0,898|-1537,354|0|1|0|-0,1|0|8|-5|1
74,376|9,446|-0,361|-1538,335|0|1|0|-0,1|0|11|-10|1
74,551|9,184|-1,953|-1539,314|0|1|0|-0,1|0|6|0|1
74,726|8,908|-1,953|-1540,321|0|1|0|-0,1|0|12|10|1
74,901|8,647|-0,698|-1541,308|0|1|0|-0,1|0|6|3|1
75,076|8,396|-0,185|-1542,289|0|1|0|-0,1|1|6|2|1
75,251|8,168|0,252|-1543,276|0|1|0|-0,1|1|6|2|1
75,426|7,99|0,68|-1544,274|0|1|0|-0,1|1|6|3|1
75,601|7,869|1,148|-1545,28|0|1|0|0|1|6|2|1
75,776|7,793|1,569|-1546,29|0|1|0|0|1|6|3|1
75,951|7,755|2,082|-1547,303|0|1|0|0|1|6|2|1
76,126|7,741|2,519|-1548,316|0|1|0|0|1|6|2|1
76,301|7,736|2,96|-1549,329|0|1|0|0|1|6|3|1
76,476|7,738|3,4|-1550,342|0|1|0|0|0|6|0|1
76,651|7,742|2,976|-1551,355|0|1|0|0|0|8|-6|1
76,826|7,746|1,656|-1552,369|0|1|0|0|0|12|-10|1
77,001|7,751|-0,412|-1553,382|0|1|0|0|0|15|-14|1
77,176|7,757|-1,953|-1554,405|0|1|0|0|0|6|0|1
77,351|7,78|-1,953|-1555,454|0|1|0|0|0|6|0|1
77,526|7,817|-1,953|-1556,503|0|1|0|0|0|6|0|1
77,701|7,854|-1,953|-1557,552|0|1|0|0|0|6|0|1
77,876|7,883|-1,953|-1558,602|0|1|0|0|0|6|0|1
78,051|7,885|-1,299|-1559,644|0|1|0|0|0|9|7|1
78,226|7,88|-0,508|-1560,657|0|1|0|0|1|7|4|1
78,401|7,873|-0,009|-1561,67|0|1|0|0|1|6|2|1
78,576|7,866|0,446|-1562,684|0|1|0|0|1|6|2|1
78,751|7,859|0,884|-1563,697|0|1|0|0|1|6|2|1
78,926|7,852|1,305|-1564,71|0|1|0|0|1|7|3|1
79,101|7,845|1,759|-1566,048|0|1|0|0|1|10|4|1
79,276|7,836|2,259|-1567,807|0|1|0|0|1|11|2|1
79,451|7,826|2,718|-1569,918|0|1|0|0|1|13|2|1
79,626|7,815|3,152|-1572,325|0|1|0|0|1|15|4|1
79,801|7,802|3,58|-1574,978|0|1|0|0|0|16|0|1
79,976|7,79|3,113|-1577,838|0|1|0|0|0|18|-6|1
80,151|7,777|2,233|-1580,871|0|1|0|0|1|18|-2|1
80,326|7,763|2,356|-1584,049|0|1|0|0|1|19|2|1
80,501|7,748|2,786|-1587,348|0|1|0|0|1|19|3|1
80,676|7,732|3,232|-1590,748|0|1|0|0|1|20|3|1
80,852|7,716|3,334|-1594,234|0|1|0|0|0|20|-3|1
81,027|7,702|2,454|-1597,79|0|1|0|0|0|22|-8|1
81,202|7,687|1,539|-1601,405|0|1|0|0|1|21|-1|1
81,377|7,671|1,702|-1605,07|0|1|0|0|1|21|2|1
81,552|7,654|1,906|-1608,777|0|1|0|0|0|21|-2|1
81,727|7,639|1,182|-1612,518|0|1|0|0|0|23|-7|1
81,902|7,624|-0,388|-1616,289|0|1|0|0|0|25|-12|1
82,077|7,611|-1,953|-1619,803|0|1|0|0|0|14|10|1
82,252|7,603|-0,698|-1621,337|0|1|0|0|0|8|3|1
82,427|7,595|-0,631|-1622,62|0|1|0|0|0|7|-3|1
82,602|7,588|-1,54|-1623,697|0|1|0|0|0|10|-8|1
82,777|7,581|-1,953|-1624,727|0|1|0|0|0|6|0|1
82,952|7,574|-1,953|-1625,776|0|1|0|0|0|6|0|1
83,127|7,77|-1,953|-1626,744|0|1|0|0,2|0|6|0|1
83,302|8,485|-1,953|-1627,5|0|0,9|0|0,3|0|6|0|1
83,477|9,222|-1,953|-1628,248|0|0,9|0|0,4|0|6|0|1
83,652|9,476|-1,953|-1629,192|0|1|0|0,1|0|6|0|1
83,827|9,473|-1,953|-1630,24|0|1|0|0|0|6|0|1
84,002|9,466|-1,953|-1631,29|0|1|0|0|0|6|0|1
84,177|9,459|-2,12|-1632,317|0|1|0|0|0|7|-4|1
84,352|9,451|-1,521|-1633,33|0|1|0|0|0|8|6|1
84,527|9,444|-0,856|-1634,343|0|1|0|0|1|6|2|1
84,702|9,436|-0,423|-1635,356|0|1|0|0|1|6|3|1
84,877|9,416|0,04|-1636,369|0|1|0|0|1|7|3|1
85,052|9,381|0,469|-1637,382|0|1|0|0|1|6|3|1
85,227|9,342|0,935|-1638,394|0|1|0|0|1|6|2|1
85,402|9,301|1,411|-1639,407|0|1|0|0|1|6|2|1
85,577|9,258|1,844|-1640,419|0|1|0|0|1|6|3|1
85,752|9,209|1,902|-1641,431|0|1|0|0|0|7|-3|1
85,927|9,145|0,987|-1642,443|0|1|0|0|0|10|-8|1
86,102|9,051|0,04|-1643,451|0|1|0|-0,1|1|6|-2|1
86,277|8,997|-0,024|-1643,853|0|1|0|-0,1|1|6|1|
86,452|8,997|-0,024|-1643,853|0|1|0|-0,1|1|6|1|
86,627|8,997|-0,024|-1643,853|0|1|0|-0,1|1|6|1|
86,802|8,997|-0,024|-1643,853|0|1|0|-0,1|1|6|1|
86,977|8,997|-0,024|-1643,853|0|1|0|-0,1|1|6|1|
87,152|8,997|-0,024|-1643,853|0|1|0|-0,1|1|6|1|
87,327|7,946|-1,061|-1626,406|0|1|0|-0,1|0|5|-3|1
87,502|7,771|-1,955|-1627,264|0|1|0|-0,1|0|6|0|1
87,677|7,563|-1,953|-1628,288|0|1|0|-0,1|0|6|0|1
87,852|7,354|-1,953|-1629,317|0|1|0|-0,1|0|6|0|1
88,027|7,149|-1,953|-1630,347|0|1|0|-0,1|0|6|0|1
88,202|7,007|-1,953|-1631,386|0|1|0|-0,1|0|6|0|1
88,377|6,927|-1,047|-1632,419|0|1|0|0|0|8|6|1
88,552|6,854|-0,381|-1633,429|0|1|0|0|1|6|2|1
88,727|6,781|0,052|-1634,44|0|1|0|0|1|6|3|1
88,902|6,69|0,515|-1635,449|0|1|0|-0,1|1|7|3|1
89,077|6,584|0,944|-1636,457|0|1|0|-0,1|1|6|3|1
89,252|6,475|1,203|-1637,464|0|1|0|-0,1|0|6|-2|1
89,427|6,368|0,502|-1638,472|0|1|0|0|0|9|-7|1
89,602|6,314|-0,265|-1639,483|0|1|0|0|1|6|-1|1
89,777|6,54|0|-1640,452|0|1|0|0,3|1|6|2|1
89,952|7,202|0,44|-1641,216|0|0,9|0|0,4|1|7|3|1
90,127|7,977|0,919|-1641,867|0|0,9|0|0,4|1|6|2|1
90,303|8,78|1,348|-1642,485|0|0,9|0|0,4|1|7|3|1
90,478|9,518|1,794|-1643,167|0|1|0|0,3|1|7|3|1
90,653|9,757|2,285|-1644,134|0|1|0|-0,1|1|6|2|1
90,828|9,206|2,725|-1644,958|0|0,9|0|-0,5|1|6|3|1
91,003|8,298|3,25|-1645,393|0|-0,8|0|0,6|1|6|2|1
91,178|7,305|3,681|-1645,592|0|-0,7|0|0,7|1|7|3|1
91,353|6,299|4,159|-1645,711|0|-0,7|0|0,7|1|6|2|1
91,528|5,29|4,595|-1645,81|0|-0,7|0|0,7|1|6|3|1
91,703|4,417|5,033|-1646,3|0|0,9|0|-0,4|1|6|3|1
91,878|3,742|5,493|-1647,054|0|1|0|-0,3|0|6|2|1
92,053|3,132|5,366|-1647,863|0|1|0|-0,3|0|7|-4|1
92,228|2,542|4,295|-1648,686|0|1|0|-0,3|0|11|-9|1
92,403|1,966|2,676|-1649,52|0|1|0|-0,3|1|9|-6|1
92,578|1,41|2,036|-1650,367|0|1|0|-0,3|1|6|0|1
92,753|0,862|2,348|-1651,22|0|1|0|-0,3|1|7|3|1
92,928|0,318|2,817|-1652,075|0|1|0|-0,3|1|6|2|1
93,103|-0,221|3,273|-1652,933|0|1|0|-0,3|1|7|3|1
93,278|-0,744|3,721|-1653,8|0|1|0|-0,3|1|7|3|1
93,453|-1,241|4,046|-1654,683|0|1|0|-0,2|0|6|-1|1
93,628|-1,679|3,495|-1655,596|0|1|0|-0,1|0|9|-6|1
93,803|-1,976|2,07|-1656,564|0|1|0|0|0|12|-11|1
93,978|-1,992|0,698|-1657,571|0|1|0|0,1|1|7|-4|1
94,153|-1,475|0,478|-1658,409|0|0,9|0|0,5|1|6|2|1
94,328|-0,588|0,902|-1658,893|0|0,8|0|0,6|0|6|0|1
94,503|0,356|0,574|-1659,26|0|0,8|0|0,6|0|8|-5|1
94,678|1,22|-0,666|-1659,783|0|0,9|0|0,3|0|11|-10|1
94,853|1,942|-2,586|-1660,492|0|1|0|0,3|1|11|-9|1
95,028|2,514|-3,696|-1661,328|0|1|0|0,2|1|6|-2|1
95,203|3,022|-3,696|-1662,204|0|1|0|0,2|1|7|3|1
95,378|3,494|-3,243|-1663,101|0|1|0|0,2|1|6|3|1
95,553|3,929|-2,734|-1664,015|0|1|0|0,2|1|6|2|1
95,728|4,333|-2,296|-1664,945|0|1|0|0,2|1|6|2|1
95,903|4,713|-1,872|-1665,884|0|1|0|0,2|1|6|3|1
96,078|5,072|-1,43|-1666,832|0|1|0|0,2|1|6|3|1
96,253|5,401|-0,924|-1667,79|0|1|0|0,2|1|6|2|1
96,428|5,663|-0,518|-1668,768|0|1|0|0,1|1|7|3|1
96,603|5,852|-0,182|-1669,763|0|1|0|0,2|0|6|-1|1
96,778|6,219|-0,719|-1670,706|0|1|0|0,3|0|8|-6|1
96,953|6,652|-1,954|-1671,622|0|1|0|0,2|0|6|0|1
97,128|6,98|-1,953|-1672,612|0|1|0|0,2|0|6|0|1
97,303|7,154|-1,953|-1673,645|0|1|0|0,1|0|6|0|1
97,478|7,158|-1,953|-1674,693|0|1|0|0|0|6|0|1
97,653|6,92|-1,953|-1675,71|0|1|0|-0,1|0|5|0|1
97,828|5,995|-1,953|-1676,009|0|-0,8|0|0,6|0|6|0|1
98,003|4,953|-1,953|-1675,922|0|-0,7|0|0,7|0|6|0|1
98,178|3,94|-0,844|-1675,752|0|-0,7|0|0,8|0|7|4|1
98,353|2,941|-0,302|-1675,58|0|-0,6|0|0,8|1|7|3|1
98,528|1,943|0,15|-1675,406|0|-0,6|0|0,8|1|7|5|1
98,703|0,945|1,089|-1675,231|0|-0,6|0|0,8|0|9|6|1
98,878|-0,053|2,33|-1675,057|0|-0,6|0|0,8|0|10|8|1
99,053|-1,048|3,823|-1674,87|0|-0,6|0|0,8|1|11|9|1
99,228|-1,99|5,502|-1674,522|0|-0,5|0|0,9|1|11|10|1
99,403|-2,493|7,345|-1673,955|0|0,3|0|1|0|12|11|1
99,578|-2,386|9,348|-1673,238|0|0,5|0|0,9|0|13|12|1
99,753|-1,798|11,488|-1672,481|0|0,6|0|0,8|0|14|13|1
99,929|-0,995|13,151|-1671,865|0|0,6|0|0,8|0|8|5|1
100,104|-0,114|13,578|-1671,365|0|0,5|0|0,9|0|6|-1|1
100,279|0,691|12,971|-1670,752|0|0,4|0|0,9|0|9|-7|1
100,454|1,447|11,739|-1670,077|0|0,4|0|0,9|1|7|-4|1
100,629|1,85|11,424|-1669,159|0|0,1|0|1|1|6|2|1
100,804|1,972|11,868|-1668,154|0|0|0|1|1|6|2|1
100,979|2,014|12,309|-1667,142|0|0|0|1|1|7|3|1
101,154|2,034|12,786|-1666,129|0|0|0|1|1|6|2|1
101,329|2,033|13,034|-1665,116|0|-0,1|0|1|0|6|-2|1
101,504|1,745|12,348|-1664,152|0|-0,5|0|0,9|0|9|-7|1
101,679|1,056|10,809|-1663,419|0|-0,7|0|0,7|0|6|0|
101,854|1,056|10,809|-1663,419|0|-0,7|0|0,7|0|6|0|
102,029|1,056|10,809|-1663,419|0|-0,7|0|0,7|0|6|0|
102,204|1,056|10,809|-1663,419|0|-0,7|0|0,7|0|6|0|
102,379|1,056|10,809|-1663,419|0|-0,7|0|0,7|0|6|0|
102,554|1,056|10,809|-1663,419|0|-0,7|0|0,7|0|6|0|
102,729|8,018|-1,011|-1626,05|0|1|0|0|0|2|-2|1
102,904|8,018|-1,79|-1626,05|0|1|0|0|0|0|0|1
103,079|8,018|-1,953|-1626,05|0|1|0|0|0|0|0|1
103,254|8,018|-1,953|-1626,05|0|1|0|0|0|0|0|1
103,429|8,018|-1,953|-1626,05|0|1|0|0|0|0|0|1
103,604|8,027|-1,953|-1625,369|0|0,4|0|0,9|0|6|0|1
103,779|8,029|-1,953|-1624,325|0|0,1|0|1|0|6|0|1
103,954|7,54|-1,953|-1623,994|0|-0,5|0|0,9|0|6|0|1
104,129|6,535|-1,953|-1624,018|0|-0,6|0|0,8|0|6|0|1
104,304|5,695|-1,953|-1623,422|0|-0,5|0|0,9|0|6|0|1
104,479|4,957|-1,953|-1622,724|0|-0,3|0|0,9|0|6|0|1
104,654|4,881|-1,953|-1621,701|0|-0,1|0|1|0|6|0|1
104,829|4,928|-1,299|-1620,66|0|0|0|1|0|9|7|1
105,004|4,985|-0,508|-1619,648|0|0|0|1|1|7|4|1
105,179|5,044|-0,009|-1618,637|0|0|0|1|1|6|2|1
105,354|5,104|0,446|-1617,653|0|0|0|1|1|5|2|1
105,529|5,182|0,884|-1616,78|0|0|0|1|1|5|2|1
105,704|5,276|1,305|-1615,908|0|0|0|1|1|6|3|1
105,879|5,488|1,759|-1615,066|0|0,2|0|1|1|6|4|1
106,054|6,232|2,18|-1614,531|0|0,4|0|0,9|0|6|0|1
106,229|7,197|1,71|-1614,38|0|0,4|0|0,9|0|8|-6|1
106,404|8,125|0,594|-1614,323|0|0,1|0|1|1|7|-4|1
106,579|8,547|0,375|-1613,787|0|-0,3|0|1|1|5|2|1
106,754|8,074|0,799|-1613,077|0|-0,3|0|0,9|1|6|3|1
106,929|7,28|1,248|-1612,589|0|-0,4|0|0,9|1|6|3|1
107,104|6,415|1,727|-1612,201|0|-0,2|0|1|1|6|2|1
107,279|5,86|2,156|-1611,502|0|0|0|1|1|6|3|1
107,454|5,637|2,599|-1610,654|0|0|0|1|1|6|3|1
107,629|5,59|3,063|-1609,779|0|0|0|1|1|5|2|1
107,804|5,955|3,49|-1609,002|0|0,3|0|0,9|1|6|3|1
107,979|6,476|3,576|-1608,332|0|0,1|0|1|0|5|-3|1
108,154|6,937|2,682|-1607,846|0|0|0|1|0|9|-8|1
108,329|7,36|0,97|-1607,529|0|0|0|1|0|13|-12|1
108,504|7,875|-1,428|-1607,394|0|0,3|0|1|0|16|-16|1
108,679|8,691|-3,922|-1607,894|0|0,9|0|0,5|1|12|-10|1
108,854|8,986|-5,15|-1609,081|0|1|0|0,1|1|7|-3|1
109,03|8,977|-5,249|-1610,132|0|1|0|0|1|6|3|1
109,205|8,867|-4,836|-1611,137|0|1|0|-0,2|0|6|0|1
109,38|8,6|-5,302|-1612,043|0|1|0|-0,3|0|8|-6|1
109,555|8,377|-6,657|-1612,802|0|1|0|-0,3|0|11|-10|1
109,73|8,19|-8,755|-1613,437|0|1|0|-0,3|0|15|-14|1
109,905|8,034|-11,475|-1613,968|0|1|0|-0,3|0|18|-17|1
110,08|7,903|-14,715|-1614,412|0|1|0|-0,3|0|20|-20|1
110,255|7,794|-18,391|-1614,784|0|1|0|-0,3|0|22|-22|1
110,43|7,702|-22,432|-1615,095|0|1|0|-0,3|0|24|-24|1
110,605|7,654|-25,007|-1615,257|0|1|0|-0,3|0|25|-25|
110,78|7,654|-25,007|-1615,257|0|1|0|-0,3|0|25|-25|
110,955|7,654|-25,007|-1615,257|0|1|0|-0,3|0|25|-25|
111,13|7,654|-25,007|-1615,257|0|1|0|-0,3|0|25|-25|
111,305|7,654|-25,007|-1615,257|0|1|0|-0,3|0|25|-25|
111,48|7,654|-25,007|-1615,257|0|1|0|-0,3|0|25|-25|
111,655|8,018|-1,213|-1626,05|0|1|0|0|0|4|-4|1
111,83|8,018|-1,953|-1626,05|0|1|0|0|0|0|0|1
112,005|8,018|-1,953|-1626,05|0|1|0|0|0|0|0|1
112,18|8,018|-1,953|-1626,05|0|1|0|0|0|0|0|1
112,355|8,018|-1,953|-1626,05|0|1|0|0|0|0|0|1
112,53|8,018|-1,953|-1626,05|0|1|0|0|0|0|0|1
112,705|8,018|-1,953|-1626,05|0|1|0|0|0|0|0|1
112,88|8,018|-1,953|-1626,05|0|1|0|0|0|0|0|1
113,055|7,762|-1,953|-1626,681|0|1|0|-0,1|0|6|0|1
113,23|7,413|-1,953|-1627,663|0|1|0|-0,1|0|6|0|1
113,405|7,261|-1,953|-1628,698|0|1|0|-0,1|0|6|0|1
113,58|7,327|-1,953|-1629,744|0|1|0|0|0|6|0|1
113,755|7,489|-1,953|-1630,782|0|1|0|0,1|0|6|0|1
113,93|7,662|-1,953|-1631,818|0|1|0|0,1|0|6|0|1
114,105|7,82|-0,91|-1632,764|0|1|0|0,1|0|7|4|1
114,28|7,985|-0,368|-1633,764|0|1|0|0,1|1|7|3|1
114,455|8,131|-0,23|-1634,766|0|1|0|0,1|0|6|-3|1
114,63|8,248|-0,999|-1635,773|0|1|0|0|1|7|-3|1
114,805|8,321|-1,146|-1636,783|0|1|0|0|1|6|3|1
114,98|8,364|-0,662|-1637,796|0|1|0|0|1|7|3|1
115,155|8,393|-0,206|-1638,808|0|1|0|0|1|7|4|1
115,33|8,418|0,294|-1639,822|0|1|0|0|1|6|2|1
115,505|8,441|0,755|-1640,835|0|1|0|0|1|6|2|1
115,68|8,465|1,187|-1641,848|0|1|0|0|0|6|1|1
115,855|8,484|0,988|-1642,861|0|1|0|0|0|7|-4|1
116,03|8,479|-0,063|-1643,874|0|1|0|0|1|7|-5|
116,205|8,479|-0,063|-1643,874|0|1|0|0|1|7|-5|
116,38|8,479|-0,063|-1643,874|0|1|0|0|1|7|-5|
116,555|8,479|-0,063|-1643,874|0|1|0|0|1|7|-5|
116,73|8,479|-0,063|-1643,874|0|1|0|0|1|7|-5|
116,905|8,479|-0,063|-1643,874|0|1|0|0|1|7|-5|
117,08|8,016|-1,011|-1626,074|0|1|0|0|0|3|-2|1
117,255|7,978|-1,79|-1626,517|0|1|0|0|0|4|0|1
117,43|7,898|-1,953|-1627,456|0|1|0|0|0|6|0|1
117,605|7,808|-1,953|-1628,5|0|1|0|0|0|6|0|1
117,78|7,718|-1,953|-1629,547|0|1|0|0|0|6|0|1
117,955|7,629|-1,953|-1630,593|0|1|0|0|0|6|0|1
118,13|7,54|-1,047|-1631,624|0|1|0|0|0|8|6|1
118,305|7,454|-0,381|-1632,634|0|1|0|0|1|6|2|1
118,48|7,367|0,052|-1633,643|0|1|0|0|1|6|3|1
118,656|7,281|0,515|-1634,653|0|1|0|0|1|7|3|1
118,831|7,194|0,944|-1635,662|0|1|0|0|1|6|3|1
119,006|7,299|1,41|-1636,655|0|1|0|0,2|1|6|2|1
119,181|7,485|1,569|-1637,015|0|1|0|0,3|0|6|2|
119,356|7,485|1,569|-1637,015|0|1|0|0,3|0|6|2|
119,531|7,485|1,569|-1637,015|0|1|0|0,3|0|6|2|
119,706|7,485|1,569|-1637,015|0|1|0|0,3|0|6|2|
119,881|7,485|1,569|-1637,015|0|1|0|0,3|0|6|2|
120,056|7,485|1,569|-1637,015|0|1|0|0,3|0|6|2|
120,231|8,009|-1,37|-1626,278|0|1|0|0|0|6|-6|1
120,406|7,977|-1,953|-1627,048|0|1|0|0|0|6|0|1
120,581|7,935|-1,953|-1628,088|0|1|0|0|0|6|0|1
120,756|7,891|-1,953|-1629,137|0|1|0|0|0|6|0|1
120,931|7,849|-1,047|-1630,172|0|1|0|0|0|8|6|1
121,106|7,807|-0,381|-1631,184|0|1|0|0|1|6|2|1
121,281|7,766|0,052|-1632,197|0|1|0|0|1|6|3|1
121,456|7,724|0,515|-1633,209|0|1|0|0|0|6|1|1
121,631|7,683|0,232|-1634,222|0|1|0|0|0|8|-5|1
121,806|7,641|-0,97|-1635,234|0|1|0|0|1|9|-7|1
121,981|7,6|-1,776|-1636,247|0|1|0|0|1|6|-1|1
122,156|7,558|-1,521|-1637,26|0|1|0|0|1|6|2|1
122,331|7,517|-1,087|-1638,272|0|1|0|0|1|6|3|1
122,506|7,475|-0,593|-1639,285|0|1|0|0|1|7|3|1
122,681|7,434|-0,141|-1640,297|0|1|0|0|1|6|3|1
122,856|7,392|0,321|-1641,31|0|1|0|0|1|6|2|1
123,031|7,35|0,761|-1642,322|0|1|0|0|1|7|3|1
123,206|7,589|1,241|-1643,29|0|1|0|0,3|1|6|2|1
123,381|8,052|1,669|-1644,18|0|1|0|0|1|7|3|1
123,556|7,748|2,151|-1645,127|0|0,9|0|-0,3|1|6|2|1
123,731|7,076|2,576|-1645,882|0|0,9|0|-0,4|1|7|3|1
123,906|6,304|3,009|-1646,539|0|0,9|0|-0,4|1|7|3|1
124,081|5,507|3,466|-1647,165|0|0,9|0|-0,4|1|6|2|1
124,256|4,704|3,887|-1647,782|0|0,9|0|-0,4|1|7|3|1
124,431|3,899|4,321|-1648,398|0|0,9|0|-0,4|1|7|3|1
124,606|3,24|4,802|-1649,146|0|1|0|-0,2|1|6|2|1
124,781|2,993|5,228|-1650,125|0|1|0|0|1|7|3|1
124,956|2,921|5,556|-1651,136|0|1|0|0|0|6|-1|1
125,131|2,897|5,008|-1652,149|0|1|0|0|0|9|-6|1
125,306|2,906|3,585|-1653,162|0|1|0|0|0|12|-11|1
125,481|2,94|1,43|-1654,175|0|1|0|0|0|16|-15|1
125,656|2,998|-0,554|-1655,186|0|1|0|0|1|9|-7|1
125,831|3,074|-1,284|-1656,196|0|1|0|0|1|6|0|1
126,006|3,155|-1,031|-1657,207|0|1|0|0|1|7|3|1
126,181|3,238|-0,559|-1658,217|0|1|0|0|1|6|2|1
126,356|3,321|-0,331|-1659,226|0|1|0|0|0|6|-2|1
126,531|3,405|-1,036|-1660,236|0|1|0|0|0|9|-7|1
126,706|3,497|-2,591|-1661,245|0|1|0|0,1|0|13|-11|1
126,881|3,618|-4,072|-1662,251|0|1|0|0,1|1|7|-4|1
127,056|3,781|-4,382|-1663,25|0|1|0|0,1|1|6|2|1
127,231|3,979|-3,954|-1664,244|0|1|0|0,1|1|6|3|1
127,406|4,199|-3,437|-1665,233|0|1|0|0,1|1|6|2|1
127,581|4,427|-3,002|-1666,22|0|1|0|0,1|1|7|3|1
127,756|4,657|-2,55|-1667,207|0|1|0|0,1|1|3|3|1
127,931|5,328|-2,067|-1667,317|0|0,9|0|0,4|1|6|2|1
128,106|6,274|-1,624|-1667,672|0|0,9|0|0,5|1|7|3|1
128,282|6,978|-1,156|-1668,373|0|1|0|0,2|1|6|2|1
128,457|7,32|-0,741|-1669,323|0|1|0|0,1|1|7|3|1
128,632|7,45|-0,295|-1670,327|0|1|0|0|1|7|3|1
128,807|7,43|0,04|-1671,339|0|1|0|-0,1|0|6|-1|1
128,982|7,337|-0,502|-1672,348|0|1|0|-0,1|0|9|-6|1
129,157|7,29|-1,92|-1673,357|0|1|0|0,2|0|6|0|1
129,332|7,66|-1,953|-1674,307|0|1|0|0,2|0|6|0|1
129,507|8,034|-1,953|-1675,283|0|1|0|0,2|0|6|0|1
129,682|7,951|-1,953|-1676,305|0|1|0|-0,1|0|6|0|1
129,857|7,297|-1,953|-1677,039|0|0,9|0|-0,4|0|6|0|1
130,032|6,281|-1,953|-1676,941|0|-0,7|0|0,7|0|6|0|1
130,207|5,247|-1,953|-1676,764|0|-0,7|0|0,8|0|6|0|1
130,382|4,212|-1,953|-1676,585|0|-0,6|0|0,8|0|6|0|1
130,557|3,178|-1,953|-1676,406|0|-0,6|0|0,8|0|6|0|1
130,732|2,143|-1,953|-1676,227|0|-0,6|0|0,8|0|6|0|1
130,907|1,121|-0,688|-1676,021|0|-0,6|0|0,8|0|14|12|1
131,082|0,211|1,499|-1675,768|0|-0,6|0|0,8|1|14|13|1
131,257|-0,549|3,759|-1675,557|0|-0,6|0|0,8|0|14|13|1
131,432|-1,185|6,109|-1675,381|0|-0,6|0|0,8|0|14|14|1
131,607|-1,717|8,54|-1675,234|0|-0,6|0|0,8|0|14|14|1
131,782|-2,161|11,037|-1675,111|0|-0,6|0|0,8|0|15|14|1
131,957|-2,533|13,23|-1675,008|0|-0,6|0|0,8|1|8|8|1
132,132|-2,735|14,134|-1674,396|0|-0,1|0|1|1|7|3|1
132,307|-2,622|14,598|-1673,391|0|0,1|0|1|1|6|2|1
132,482|-2,372|15,064|-1672,409|0|0,1|0|1|1|7|3|1
132,657|-2,081|15,531|-1671,438|0|0,2|0|1|1|6|2|1
132,832|-1,779|15,967|-1670,471|0|0,2|0|1|1|6|3|1
133,007|-1,475|16,445|-1669,505|0|0,2|0|1|1|7|3|1
133,182|-1,17|16,874|-1668,538|0|0,2|0|1|1|6|3|1
133,357|-0,866|17,33|-1667,572|0|0,1|0|1|1|7|4|1
133,532|-0,576|17,817|-1666,601|0|0,1|0|1|1|6|2|1
133,707|-0,3|18,246|-1665,626|0|0,1|0|1|1|6|3|1
133,882|-0,029|18,743|-1664,65|0|0,1|0|1|1|6|2|1
134,057|0,241|19,146|-1663,673|0|0,1|0|1|1|6|3|1
134,232|0,51|19,607|-1662,697|0|0,1|0|1|1|7|4|1
134,407|0,779|20,107|-1661,72|0|0,1|0|1|1|6|2|1
134,582|1,051|20,577|-1660,744|0|0,1|0|1|1|6|2|1
134,757|1,328|21,001|-1659,769|0|0,1|0|1|1|6|3|1
134,932|1,606|21,507|-1658,795|0|0,1|0|1|1|6|2|1
135,107|1,884|21,947|-1657,821|0|0,1|0|1|1|6|2|1
135,282|2,163|22,375|-1656,847|0|0,1|0|1|1|7|3|1
135,457|2,441|22,805|-1655,873|0|0,1|0|1|1|6|3|1
135,632|2,72|23,254|-1654,899|0|0,1|0|1|1|6|3|1
135,807|3,008|23,733|-1653,927|0|0,1|0|1|1|6|2|1
135,982|3,31|24,189|-1652,96|0|0,2|0|1|1|7|3|1
136,157|3,62|24,633|-1651,995|0|0,2|0|1|1|7|3|1
136,332|3,938|25,071|-1651,033|0|0,2|0|1|1|7|3|1
136,507|4,259|25,558|-1650,072|0|0,2|0|1|1|6|2|1
136,682|4,59|25,983|-1649,115|0|0,2|0|1|1|7|3|1
136,857|4,934|26,468|-1648,162|0|0,2|0|1|1|6|2|1
137,032|5,284|26,904|-1647,211|0|0,2|0|1|1|6|3|1
137,207|5,644|27,414|-1646,263|0|0,2|0|1|1|6|2|1
137,382|6,018|27,838|-1645,322|0|0,2|0|1|1|6|3|1
137,557|6,403|27,889|-1644,385|0|0,2|0|1|0|7|-3|1
137,733|6,82|26,967|-1643,461|0|0,3|0|1|0|10|-8|1
137,908|7,391|26,217|-1642,629|0|0,4|0|0,9|0|6|0|1
138,083|8,316|26,217|-1642,175|0|0,6|0|0,8|0|6|0|1
138,258|9,323|26,217|-1642,314|0|0,8|0|0,6|0|6|0|1
138,433|10,062|27,123|-1643,018|0|0,9|0|0,4|0|8|6|1
138,608|10,605|27,788|-1643,87|0|1|0|0,2|1|6|2|1
138,783|10,925|28,221|-1644,83|0|1|0|0,1|1|6|3|1
138,958|11,157|28,684|-1645,816|0|1|0|0,1|1|7|3|1
139,133|11,365|29,113|-1646,808|0|1|0|0,1|1|6|3|1
139,308|11,567|29,579|-1647,801|0|1|0|0,1|1|6|2|1
139,483|11,768|30,055|-1648,794|0|1|0|0,1|1|6|2|1
139,658|11,813|30,488|-1649,792|0|1|0|-0,2|1|6|3|1
139,833|11,255|30,959|-1650,627|0|0,9|0|-0,4|1|7|3|1
140,008|10,483|31,45|-1651,283|0|0,9|0|-0,5|1|6|2|1
140,183|9,963|31,893|-1652,142|0|1|0|-0,2|1|6|3|1
140,358|9,68|32,406|-1653,115|0|1|0|-0,1|1|6|2|1
140,533|9,472|32,843|-1654,106|0|1|0|-0,1|1|6|2|1
140,708|9,565|33,266|-1655,091|0|1|0|0,3|1|6|3|1
140,883|10,208|33,732|-1655,868|0|0,9|0|0,4|1|6|2|1
141,058|10,992|34,156|-1656,508|0|0,9|0|0,5|1|6|3|1
141,233|11,796|34,668|-1657,125|0|0,9|0|0,4|1|6|2|1
141,408|12,577|35,105|-1657,77|0|0,9|0|0,4|1|6|2|1
141,583|13,194|35,533|-1658,555|0|1|0|0,2|1|7|3|1
141,758|13,417|35,983|-1659,541|0|1|0|0|1|6|2|1
141,933|13,491|36,406|-1660,551|0|1|0|0|1|6|3|1
142,108|13,498|36,86|-1661,564|0|1|0|0|1|7|3|1
142,283|13,463|37,326|-1662,577|0|1|0|0|1|6|2|1
142,458|13,414|37,788|-1663,589|0|1|0|0|1|6|3|1
142,633|13,362|38,223|-1664,601|0|1|0|0|1|7|3|1
142,808|13,308|38,657|-1665,613|0|1|0|0|1|6|3|1
142,983|13,254|39,159|-1666,625|0|1|0|0|1|6|2|1
143,158|13,2|39,585|-1667,637|0|1|0|0|1|7|4|1
143,333|13,147|40,098|-1668,649|0|1|0|0|1|6|2|1
143,508|13,093|40,548|-1669,661|0|1|0|0|1|7|3|1
143,683|13,038|40,996|-1670,673|0|1|0|0|1|6|2|1
143,858|12,976|41,464|-1671,684|0|1|0|0|1|7|3|1
144,033|12,891|41,944|-1672,693|0|1|0|-0,1|1|6|2|1
144,208|12,778|42,369|-1673,701|0|1|0|-0,1|1|6|3|1
144,383|12,644|42,822|-1674,705|0|1|0|-0,1|1|7|3|1
144,558|12,491|43,273|-1675,707|0|1|0|-0,1|1|6|3|1
144,733|12,323|43,733|-1676,706|0|1|0|-0,1|1|6|2|1
144,908|12,139|44,158|-1677,702|0|1|0|-0,1|1|7|4|1
145,083|11,939|44,664|-1678,695|0|1|0|-0,1|1|6|2|1
145,258|11,722|45,124|-1679,685|0|1|0|-0,1|1|7|3|1
145,433|11,489|45,573|-1680,671|0|1|0|-0,1|1|7|3|1
145,608|11,245|46,011|-1681,655|0|1|0|-0,1|1|6|3|1
145,783|10,993|46,377|-1682,636|0|1|0|-0,1|0|6|-1|1
145,958|10,735|45,871|-1683,616|0|1|0|-0,1|0|8|-6|1
146,133|10,471|44,483|-1684,594|0|1|0|-0,1|0|12|-11|1
146,308|10,204|42,357|-1685,572|0|1|0|-0,1|0|15|-14|1
146,483|9,933|39,512|-1686,548|0|1|0|-0,1|0|20|-19|1
146,658|9,66|35,949|-1687,524|0|1|0|-0,1|0|22|-22|1
146,833|9,386|34,32|-1688,502|0|1|0|-0,1|0|6|0|1
147,008|9,103|34,32|-1689,511|0|1|0|-0,1|0|6|0|1
147,183|8,818|34,32|-1690,521|0|1|0|-0,1|0|6|0|1
147,359|8,535|34,32|-1691,532|0|1|0|-0,1|0|6|0|1
147,534|8,252|34,32|-1692,544|0|1|0|-0,1|0|6|0|1
147,709|8,153|34,32|-1692,899|0|1|0|-0,1|0|0|0|1
147,884|8,151|34,32|-1692,905|0|1|0|-0,1|0|0|0|1
148,059|8,151|34,32|-1692,905|0|1|0|-0,1|0|0|0|1
148,234|7,471|34,32|-1692,938|0|-0,8|0|0,6|0|6|0|1
148,409|6,682|34,32|-1693,5|0|0,9|0|-0,4|0|6|0|1
148,584|6,019|34,32|-1694,312|0|0,9|0|-0,3|0|6|0|1
148,759|5,859|34,32|-1695,276|0|1|0|0|0|6|0|1
148,934|5,964|34,32|-1696,32|0|1|0|0|0|12|10|1
149,109|6,064|35,575|-1697,335|0|1|0|0|0|6|3|1
149,284|6,157|36,087|-1698,344|0|1|0|0|1|6|2|1
149,459|6,243|36,524|-1699,354|0|1|0|0|1|6|2|1
149,634|6,326|36,953|-1700,364|0|1|0|0|1|6|3|1
149,809|6,407|37,42|-1701,374|0|1|0|0|1|6|2|1
149,984|6,487|37,842|-1702,384|0|1|0|0|1|6|3|1
150,159|6,567|38,354|-1703,394|0|1|0|0|1|6|2|1
150,334|6,646|38,791|-1704,404|0|1|0|0|1|6|2|1
150,509|6,726|39,232|-1705,414|0|1|0|0|1|6|3|1
150,684|6,805|39,754|-1706,424|0|1|0|0|1|6|2|1
150,859|6,885|40,187|-1707,435|0|1|0|0|1|7|4|1
151,034|6,964|40,685|-1708,445|0|1|0|0|1|6|2|1
151,209|7,044|41,137|-1709,455|0|1|0|0|1|6|2|1
151,384|7,123|41,573|-1710,465|0|1|0|0|1|6|2|1
151,559|7,203|41,992|-1711,475|0|1|0|0|1|7|3|1
151,734|7,284|42,449|-1712,485|0|1|0|0|1|7|4|1
151,909|7,37|42,947|-1713,495|0|1|0|0|1|6|2|1
152,084|7,458|43,393|-1714,504|0|1|0|0|1|6|2|1
152,259|7,55|43,816|-1715,513|0|1|0|0|1|7|3|1
152,434|7,645|44,278|-1716,522|0|1|0|0|0|6|2|1
152,609|7,741|44,2|-1717,531|0|1|0|0|0|7|-4|1
152,784|7,837|43,17|-1718,54|0|1|0|0|0|10|-9|1
152,959|7,935|41,343|-1719,548|0|1|0|0|0|14|-13|1
153,134|7,993|39,92|-1720,153|0|1|0|0|0|16|-15|
153,309|7,993|39,92|-1720,153|0|1|0|0|0|16|-15|
153,484|7,993|39,92|-1720,153|0|1|0|0|0|16|-15|
153,659|7,993|39,92|-1720,153|0|1|0|0|0|16|-15|
153,834|7,993|39,92|-1720,153|0|1|0|0|0|16|-15|
154,009|7,993|39,92|-1720,153|0|1|0|0|0|16|-15|
154,184|8,018|35,078|-1692,27|0|1|0|0|0|4|-4|1
154,359|8,018|34,32|-1692,27|0|1|0|0|0|0|0|1
154,534|8,018|34,32|-1692,27|0|1|0|0|0|0|0|1
154,709|8,018|34,32|-1692,27|0|1|0|0|0|0|0|1
154,884|8,018|34,32|-1692,27|0|1|0|0|0|0|0|1
155,059|8,046|34,32|-1692,555|0|1|0|0|0|5|0|1
155,234|8,144|34,32|-1693,569|0|1|0|0|0|6|0|1
155,409|8,246|34,32|-1694,614|0|1|0|0|0|6|0|1
155,584|8,343|34,32|-1695,659|0|1|0|0|0|6|0|1
155,759|8,438|34,32|-1696,705|0|1|0|0|0|6|0|1
155,934|8,528|35,061|-1697,694|0|1|0|0|0|8|6|1
156,109|8,62|35,726|-1698,703|0|1|0|0|1|6|2|1
156,284|8,711|36,159|-1699,712|0|1|0|0|1|6|3|1
156,459|8,803|36,622|-1700,72|0|1|0|0|1|7|3|1
156,634|8,89|37,051|-1701,73|0|1|0|0|1|6|3|1
156,809|8,957|37,517|-1702,741|0|1|0|0|1|6|2|1
156,985|8,979|37,993|-1703,754|0|1|0|0|1|6|2|1
157,16|8,946|38,426|-1704,767|0|1|0|0|1|6|3|1
157,335|8,878|38,897|-1705,778|0|1|0|0|1|7|3|1
157,51|8,798|39,388|-1706,788|0|1|0|0|1|6|2|1
157,685|8,714|39,832|-1707,797|0|1|0|0|1|6|3|1
157,86|8,628|40,344|-1708,807|0|1|0|0|1|6|2|1
158,035|8,543|40,781|-1709,816|0|1|0|0|1|6|2|1
158,21|8,457|41,204|-1710,826|0|1|0|0|1|6|3|1
158,385|8,371|41,671|-1711,835|0|1|0|0|1|6|2|1
158,56|8,286|42,094|-1712,845|0|1|0|0|1|6|3|1
158,735|8,201|42,606|-1713,854|0|1|0|0|1|6|2|1
158,91|8,116|43,043|-1714,864|0|1|0|0|1|6|2|1
159,085|8,031|43,297|-1715,873|0|1|0|0|0|6|-2|1
159,26|7,949|42,616|-1716,883|0|1|0|0|0|9|-7|1
159,435|7,876|41,081|-1717,894|0|1|0|0|0|13|-11|1
159,61|7,83|39,333|-1718,703|0|1|0|0|0|15|-14|
159,785|7,83|39,333|-1718,703|0|1|0|0|0|15|-14|