0|8,018|35,32|-1692,27|0|1|0|0|0|1|-1|1
0,175|8,018|34,728|-1692,27|0|1|0|0|0|7|-7|1
0,35|8,018|34,32|-1692,27|0|1|0|0|0|0|0|1
0,525|8,018|34,32|-1692,27|0|1|0|0|0|0|0|1
0,7|8,018|34,32|-1692,27|0|1|0|0|0|0|0|1
0,875|8,018|34,32|-1692,27|0|1|0|0|0|0|0|1
1,05|8,018|34,32|-1692,27|0|1|0|0|0|0|0|1
1,225|8,018|34,32|-1692,27|0|1|0|0|0|0|0|1
1,4|8,018|34,32|-1692,27|0|1|0|0|0|0|0|1
1,575|8,018|34,32|-1692,27|0|1|0|0|0|0|0|1
1,75|8,018|34,32|-1692,27|0|1|0|0|0|0|0|1
1,925|8,018|34,32|-1692,27|0|1|0|0|0|0|0|1
2,1|8,018|34,32|-1692,27|0|1|0|0|0|0|0|1
2,275|8,018|34,32|-1692,27|0|1|0|0|0|0|0|1
2,45|8,018|34,32|-1692,27|0|1|0|0|0|0|0|1
2,625|8,018|34,32|-1692,27|0|1|0|0|0|0|0|1
2,8|8,018|34,32|-1692,27|0|1|0|0|0|3|0|1
2,975|7,919|34,32|-1693,152|0|1|0|0|0|6|0|1
3,15|7,801|34,32|-1694,192|0|1|0|-0,1|0|6|0|1
3,325|7,683|34,32|-1695,235|0|1|0|-0,1|0|6|0|1
3,5|7,577|34,32|-1696,28|0|1|0|0|0|12|10|1
3,675|7,56|35,575|-1697,3|0|1|0|0|0|6|3|1
3,85|7,665|36,087|-1698,307|0|1|0|0,1|1|6|2|1
4,025|7,862|36,524|-1699,3|0|1|0|0,1|1|6|2|1
4,2|8,443|36,953|-1700,118|0|0,9|0|0,4|1|6|3|1
4,375|9,21|37,42|-1700,778|0|0,9|0|0,4|1|6|2|1
4,55|9,648|37,842|-1701,685|0|1|0|0,1|1|6|3|1
4,725|9,868|38,354|-1702,673|0|1|0|0,1|1|6|2|1
4,9|10,025|38,791|-1703,674|0|1|0|0,1|1|6|2|1
5,075|10,145|39,232|-1704,68|0|1|0|0|1|6|3|1
5,25|10,195|39,754|-1705,692|0|1|0|0|1|6|2|1
5,425|10,161|40,187|-1706,704|0|1|0|0|1|7|4|1
5,6|10,077|40,685|-1707,714|0|1|0|-0,1|1|6|2|1
5,775|9,945|41,137|-1708,718|0|1|0|-0,1|1|6|2|1
5,95|9,781|41,573|-1709,718|0|1|0|-0,1|1|6|2|1
6,125|9,606|41,992|-1710,716|0|1|0|-0,1|1|7|3|1
6,3|9,427|42,449|-1711,713|0|1|0|-0,1|1|7|4|1
6,475|9,248|42,947|-1712,711|0|1|0|-0,1|1|6|2|1
6,65|9,072|43,393|-1713,708|0|1|0|-0,1|1|6|2|1
6,825|8,901|43,816|-1714,707|0|1|0|-0,1|1|7|3|1
7|8,74|44,278|-1715,708|0|1|0|-0,1|1|6|2|1
7,175|8,588|44,716|-1716,709|0|1|0|-0,1|1|6|2|1
7,35|8,442|45,155|-1717,712|0|1|0|-0,1|1|7|3|1
7,525|8,446|45,268|-1718,72|0|1|0|0,2|0|6|-3|1
7,7|8,721|44,397|-1719,694|0|1|0|0,3|0|10|-8|1
7,875|9,007|42,704|-1720,664|0|1|0|0|0|13|-12|1
8,05|9,07|41,378|-1721,675|0|1|0|-0,1|0|12|10|1
8,225|8,954|42,632|-1722,687|0|1|0|-0,1|0|6|3|1
8,4|8,825|43,145|-1723,692|0|1|0|-0,1|1|6|2|1
8,575|8,689|43,582|-1724,696|0|1|0|-0,1|1|6|2|1
8,75|8,551|44,011|-1725,7|0|1|0|-0,1|1|6|3|1
8,925|8,412|44,478|-1726,703|0|1|0|-0,1|1|6|2|1
9,1|8,272|44,899|-1727,707|0|1|0|-0,1|1|6|3|1
9,275|8,133|45,412|-1728,71|0|1|0|-0,1|0|6|2|1
9,45|7,994|45,344|-1729,714|0|1|0|-0,1|0|7|-4|1
9,625|7,855|44,323|-1730,717|0|1|0|-0,1|0|10|-9|1
9,8|7,715|42,98|-1731,72|0|1|0|-0,1|1|7|-4|1
9,975|7,576|42,715|-1732,724|0|1|0|-0,1|1|6|2|1
10,15|7,437|43,102|-1733,727|0|1|0|-0,1|0|6|0|1
10,325|7,297|42,748|-1734,731|0|1|0|-0,1|0|8|-5|1
10,5|7,158|41,488|-1735,734|0|1|0|-0,1|0|11|-10|1
10,675|7,019|39,469|-1736,737|0|1|0|-0,1|0|15|-14|1
10,85|6,896|36,815|-1737,743|0|1|0|0|0|18|-17|1
11,025|7,081|34,32|-1738,723|0|1|0|0,3|0|6|0|1
11,2|7,742|34,32|-1739,525|0|0,9|0|0,3|0|6|0|1
11,375|8,265|34,974|-1740,379|0|1|0|0,2|0|9|7|1
11,55|8,423|35,765|-1741,378|0|1|0|0|1|7|4|1
11,725|8,437|36,264|-1742,391|0|1|0|0|1|6|2|1
11,9|8,398|36,718|-1743,403|0|1|0|0|1|6|2|1
12,075|8,344|37,157|-1744,415|0|1|0|0|1|6|2|1
12,25|8,286|37,577|-1745,427|0|1|0|0|1|6|3|1
12,425|8,227|37,958|-1746,438|0|1|0|0|1|6|2|1
12,6|8,156|38,396|-1747,449|0|1|0|0|1|6|2|1
12,775|8,054|38,785|-1748,457|0|1|0|-0,1|1|6|2|1
12,95|7,936|39,23|-1749,464|0|1|0|-0,1|1|6|2|1
13,125|7,813|39,605|-1750,469|0|1|0|-0,1|1|6|2|1
13,3|7,69|39,979|-1751,475|0|1|0|-0,1|1|6|1|1
13,475|7,566|40,369|-1752,481|0|1|0|-0,1|1|6|3|1
13,65|7,442|40,768|-1753,487|0|1|0|-0,1|1|6|3|1
13,825|7,318|41,126|-1754,493|0|1|0|-0,1|1|6|2|1
14|7,194|41,556|-1755,499|0|1|0|-0,1|1|6|2|1
14,175|7,07|41,921|-1756,505|0|1|0|-0,1|0|6|0|1
14,35|6,946|41,236|-1757,51|0|1|0|-0,1|0|11|-9|1
14,525|6,822|39,164|-1758,516|0|1|0|-0,1|1|15|-14|1
14,7|6,697|37,095|-1759,522|0|1|0|-0,1|1|11|-9|1
14,875|6,573|35,759|-1760,528|0|1|0|-0,1|1|8|-5|1
15,05|6,449|35,036|-1761,534|0|1|0|-0,1|0|7|-5|1
15,225|6,325|34,32|-1762,544|0|1|0|-0,1|0|12|10|1
15,4|6,2|35,575|-1763,555|0|1|0|-0,1|0|6|3|1
15,575|6,077|36,087|-1764,561|0|1|0|-0,1|1|6|2|1
15,75|5,953|36,524|-1765,567|0|1|0|-0,1|1|6|2|1
15,925|5,795|36,953|-1766,566|0|1|0|-0,2|0|6|0|1
16,1|5,21|36,629|-1767,377|0|-0,7|0|0,7|0|8|-5|1
16,275|4,334|35,393|-1767,877|0|-0,7|0|0,7|0|11|-10|1
16,45|3,342|34,32|-1768,045|0|-0,7|0|0,7|0|6|0|1
16,625|2,302|34,32|-1767,929|0|-0,7|0|0,7|0|6|0|1
16,8|1,26|34,32|-1767,801|0|-0,7|0|0,7|0|6|0|1
16,975|0,218|34,32|-1767,673|0|-0,7|0|0,7|0|6|0|1
17,15|-0,505|34,32|-1767,545|0|-0,7|0|0,7|0|2|0|1
17,325|-0,514|34,32|-1768,125|0|0,9|0|-0,4|0|6|0|1
17,5|-0,514|34,32|-1769,143|0|1|0|-0,1|0|6|0|1
17,675|-0,514|34,32|-1770,189|0|1|0|-0,1|0|6|0|1
17,85|-0,514|34,32|-1771,236|0|1|0|0|0|6|0|1
18,025|-0,514|34,32|-1772,284|0|1|0|0|0|6|0|1
18,2|-0,486|34,32|-1773,333|0|1|0|0|0|6|0|1
18,375|-0,318|34,32|-1774,367|0|1|0|0,1|0|6|0|1
18,55|-0,204|34,32|-1774,717|0|1|0|0,1|0|0|0|1
18,725|-0,202|34,32|-1774,723|0|1|0|0,1|0|0|0|1
18,9|-0,202|34,32|-1774,723|0|1|0|0,1|0|0|0|1
19,075|-0,202|34,32|-1774,723|0|1|0|0,1|0|0|0|1
19,25|-0,085|34,32|-1774,718|0|0,9|0|0,3|0|5|0|1
19,425|0,893|34,32|-1774,68|0|0,8|0|0,7|0|6|0|1
19,6|1,941|34,32|-1774,639|0|0,7|0|0,7|0|6|0|1
19,775|2,99|34,32|-1774,597|0|0,7|0|0,7|0|6|0|1
19,95|4,039|34,32|-1774,556|0|0,7|0|0,7|0|6|0|1
20,125|5,088|34,32|-1774,519|0|0,7|0|0,7|0|6|0|1
20,3|5,508|34,32|-1774,51|0|0,7|0|0,7|0|6|0|
20,475|5,508|34,32|-1774,51|0|0,7|0|0,7|0|6|0|
20,65|5,508|34,32|-1774,51|0|0,7|0|0,7|0|6|0|
20,825|5,508|34,32|-1774,51|0|0,7|0|0,7|0|6|0|
21|5,508|34,32|-1774,51|0|0,7|0|0,7|0|6|0|
21,175|5,508|34,32|-1774,51|0|0,7|0|0,7|0|6|0|
21,35|8,018|34,92|-1692,27|0|1|0|0|0|6|-6|1
21,525|8,018|34,32|-1692,27|0|1|0|0|0|0|0|1
21,7|8,018|34,32|-1692,27|0|1|0|0|0|0|0|1
21,875|8,018|34,32|-1692,27|0|1|0|0|0|0|0|1
22,05|8,018|34,32|-1692,27|0|1|0|0|0|0|0|1
22,225|8,018|34,32|-1692,27|0|1|0|0|0|0|0|1
22,4|8,018|34,32|-1692,27|0|1|0|0|0|0|0|1
22,575|8,018|34,32|-1692,27|0|1|0|0|0|0|0|1
22,75|8,018|34,32|-1692,27|0|1|0|0|0|0|0|1
22,925|8,018|34,32|-1692,27|0|1|0|0|0|0|0|1
23,1|8,018|34,32|-1692,27|0|1|0|0|0|0|0|1
23,275|8,018|34,32|-1692,27|0|1|0|0|0|0|0|1
23,45|8,018|34,32|-1692,27|0|1|0|0|0|3|0|1
23,625|7,781|34,32|-1693,123|0|1|0|-0,1|0|6|0|1
23,8|7,704|34,32|-1694,165|0|1|0|0|0|6|0|1
23,975|7,685|34,32|-1695,215|0|1|0|0|0|6|0|1
24,15|7,658|34,32|-1696,265|0|1|0|0|0|12|10|1
24,325|7,62|35,575|-1697,284|0|1|0|0|0|6|3|1
24,5|7,574|36,087|-1698,297|0|1|0|0|1|6|2|1
24,675|7,521|36,524|-1699,309|0|1|0|0|1|6|2|1
24,85|7,464|36,953|-1700,32|0|1|0|0|1|6|3|1
25,025|7,407|37,42|-1701,332|0|1|0|0|1|6|2|1
25,2|7,35|37,842|-1702,343|0|1|0|0|1|6|3|1
25,375|7,292|38,354|-1703,354|0|1|0|0|1|6|2|1
25,55|7,235|38,791|-1704,366|0|1|0|0|1|6|2|1
25,725|7,177|39,232|-1705,377|0|1|0|0|1|6|3|1
25,9|7,12|39,754|-1706,389|0|1|0|0|1|6|2|1
26,075|7,064|40,187|-1707,4|0|1|0|0|1|7|4|1
26,25|7,019|40,685|-1708,412|0|1|0|0|1|6|2|1
26,425|6,989|41,137|-1709,425|0|1|0|0|1|6|2|1
26,6|6,981|41,573|-1710,438|0|1|0|0|1|6|2|1
26,775|7,007|41,992|-1711,451|0|1|0|0|1|7|3|1
26,95|7,067|42,449|-1712,463|0|1|0|0|1|7|4|1
27,125|7,158|42,947|-1713,472|0|1|0|0,1|1|6|2|1
27,3|7,272|43,393|-1714,479|0|1|0|0,1|1|6|2|1
27,475|7,403|43,816|-1715,484|0|1|0|0,1|1|7|3|1
27,65|7,54|44,278|-1716,488|0|1|0|0,1|1|6|2|1
27,825|7,676|44,716|-1717,492|0|1|0|0,1|1|6|2|1
28|7,812|45,157|-1718,496|0|1|0|0,1|0|6|1|1
28,175|7,948|44,897|-1719,5|0|1|0|0,1|0|8|-5|1
28,35|8,081|43,715|-1720,483|0|1|0|0,1|0|11|-10|1
28,525|8,217|41,762|-1721,487|0|1|0|0,1|0|6|0|1
28,7|8,356|41,378|-1722,515|0|1|0|0,1|0|11|10|1
28,875|8,491|42,609|-1723,51|0|1|0|0,1|0|6|3|1
29,05|8,626|43,122|-1724,514|0|1|0|0,1|1|6|2|1
29,225|8,762|43,558|-1725,518|0|1|0|0,1|1|6|2|1
29,4|8,896|43,987|-1726,522|0|1|0|0,1|1|6|3|1
29,575|9,03|44,455|-1727,527|0|1|0|0,1|1|6|2|1
29,75|9,133|44,876|-1728,534|0|1|0|0|1|6|3|1
29,925|9,169|45,389|-1729,547|0|1|0|0|1|6|2|1
30,1|9,144|45,314|-1730,56|0|1|0|0|0|7|-4|1
30,275|9,075|44,287|-1731,571|0|1|0|-0,1|0|10|-9|1
30,45|8,96|42,544|-1732,577|0|1|0|-0,1|1|10|-8|1
30,625|8,801|41,582|-1733,578|0|1|0|-0,1|1|6|-2|1
30,8|8,621|41,465|-1734,575|0|1|0|-0,1|0|6|-3|1
30,975|8,436|40,618|-1735,571|0|1|0|-0,1|0|10|-8|1
31,15|8,25|38,943|-1736,567|0|1|0|-0,1|0|13|-12|1
31,325|8,063|36,578|-1737,563|0|1|0|-0,1|0|17|-16|1
31,5|7,896|34,32|-1738,566|0|1|0|-0,1|0|6|0|1
31,675|7,789|34,32|-1739,608|0|1|0|0|0|6|0|1
31,85|7,703|35,428|-1740,632|0|1|0|0|0|7|4|1
32,025|7,622|35,971|-1741,643|0|1|0|0|1|7|3|1
32,2|7,544|36,422|-1742,653|0|1|0|0|1|6|3|1
32,375|7,467|36,893|-1743,663|0|1|0|0|1|6|2|1
32,55|7,39|37,314|-1744,673|0|1|0|0|1|6|2|1
32,725|7,313|37,765|-1745,683|0|1|0|0|1|7|3|1
32,9|7,236|38,106|-1746,693|0|1|0|0|1|6|3|1
33,075|7,158|38,557|-1747,703|0|1|0|0|1|6|3|1
33,25|7,081|38,969|-1748,714|0|1|0|0|1|6|2|1
33,425|7,004|39,365|-1749,724|0|1|0|0|1|6|3|1
33,6|6,926|39,746|-1750,734|0|1|0|0|1|6|3|1
33,775|6,849|40,017|-1751,744|0|1|0|0|0|6|-2|1
33,95|6,772|39,032|-1752,754|0|1|0|0|0|12|-10|1
34,125|6,695|37,185|-1753,764|0|1|0|0|1|10|-8|1
34,3|6,619|35,965|-1754,774|0|1|0|0|1|8|-5|1
34,475|6,542|35,34|-1755,784|0|1|0|0|1|6|-2|1
34,65|6,466|35,212|-1756,795|0|1|0|0|1|6|1|1
34,825|6,389|35,501|-1757,805|0|1|0|0|1|6|3|1
35|6,313|35,921|-1758,815|0|1|0|0|1|6|2|1
35,175|6,236|36,296|-1759,825|0|1|0|0|1|6|2|1
35,35|6,16|36,669|-1760,835|0|1|0|0|1|6|1|1
35,525|6,083|37,06|-1761,845|0|1|0|0|1|6|3|1
35,7|5,723|37,038|-1762,789|0|0,9|0|-0,4|0|7|-4|1
35,875|5,073|36,036|-1763,555|0|-0,8|0|0,7|0|10|-9|1
36,05|4,179|34,319|-1764,023|0|-0,7|0|0,7|0|6|0|1
36,225|3,147|34,32|-1764,013|0|-0,7|0|0,7|0|6|0|1
36,4|2,215|34,32|-1764,283|0|-0,8|0|0,5|0|6|0|1
36,575|1,416|34,32|-1764,958|0|0,9|0|-0,4|0|6|0|1
36,75|0,62|34,32|-1765,642|0|0,9|0|-0,4|0|6|0|1
36,925|-0,176|34,32|-1766,327|0|0,9|0|-0,4|0|6|0|1
37,1|-0,514|34,32|-1767,053|0|1|0|-0,3|0|6|0|1
37,275|-0,514|34,32|-1768,075|0|1|0|-0,1|0|6|0|1
37,45|-0,514|34,32|-1769,124|0|1|0|0|0|6|0|1
37,625|-0,509|34,32|-1770,174|0|1|0|0|0|6|0|1
37,8|-0,48|34,32|-1771,224|0|1|0|0|0|6|0|1
37,975|-0,413|34,32|-1772,271|0|1|0|0|0|6|0|1
38,15|-0,304|34,32|-1773,316|0|1|0|0,1|0|6|0|1
38,325|-0,255|34,32|-1773,682|0|1|0|0,1|0|0|0|1
38,5|-0,255|34,32|-1773,687|0|1|0|0,1|0|0|0|1
38,675|-0,222|34,32|-1773,8|0|1|0|0,1|0|5|0|1
38,85|0,065|34,32|-1774,735|0|1|0|0,1|0|6|0|1
39,025|0,247|34,32|-1775,276|0|1|0|0,2|0|0|0|1
39,2|0,251|34,32|-1775,288|0|1|0|0,2|0|0|0|1
39,375|0,251|34,32|-1775,288|0|1|0|0,2|0|0|0|1
39,55|0,251|34,32|-1775,288|0|1|0|0,2|0|0|0|1
39,725|0,251|34,32|-1775,288|0|1|0|0,2|0|0|0|1
39,9|0,251|34,32|-1775,288|0|1|0|0,2|0|3|0|1
40,075|1,132|34,32|-1775,389|0|0,8|0|0,6|0|6|0|1
40,25|2,174|34,32|-1775,498|0|0,8|0|0,7|0|6|0|1
40,425|3,219|34,32|-1775,597|0|0,7|0|0,7|0|6|0|1
40,6|4,265|34,32|-1775,696|0|0,7|0|0,7|0|6|0|
40,775|4,265|34,32|-1775,696|0|0,7|0|0,7|0|6|0|
40,95|4,265|34,32|-1775,696|0|0,7|0|0,7|0|6|0|
41,125|4,265|34,32|-1775,696|0|0,7|0|0,7|0|6|0|
41,3|4,265|34,32|-1775,696|0|0,7|0|0,7|0|6|0|
41,475|4,265|34,32|-1775,696|0|0,7|0|0,7|0|6|0|
41,65|8,018|35,279|-1692,27|0|1|0|0|0|2|-2|1
41,825|8,018|34,5|-1692,27|0|1|0|0|0|0|0|1
42|8,018|34,32|-1692,27|0|1|0|0|0|0|0|1
42,175|8,018|34,32|-1692,27|0|1|0|0|0|0|0|1
42,35|8,018|34,32|-1692,27|0|1|0|0|0|0|0|1
42,525|8,018|34,32|-1692,27|0|1|0|0|0|0|0|1
42,7|8,018|34,32|-1692,27|0|1|0|0|0|0|0|1
42,875|8,018|34,32|-1692,27|0|1|0|0|0|0|0|1
43,05|7,936|34,32|-1692,544|0|1|0|-0,1|0|5|0|1
43,225|7,64|34,32|-1693,519|0|1|0|-0,1|0|6|0|1
43,4|7,377|34,32|-1694,535|0|1|0|-0,1|0|6|0|1
43,575|7,26|34,32|-1695,575|0|1|0|0|0|6|0|1
43,75|7,33|34,32|-1696,621|0|1|0|0|0|12|10|1
43,925|7,457|35,575|-1697,634|0|1|0|0,1|0|6|3|1
44,1|7,586|36,087|-1698,639|0|1|0|0,1|1|6|2|1
44,275|7,717|36,524|-1699,644|0|1|0|0,1|1|6|2|1
44,45|7,848|36,953|-1700,648|0|1|0|0,1|1|6|3|1
44,625|7,979|37,42|-1701,653|0|1|0|0,1|1|6|2|1
44,8|8,11|37,842|-1702,657|0|1|0|0,1|1|6|3|1
44,975|8,242|38,354|-1703,662|0|1|0|0,1|1|6|2|1
45,15|8,371|38,791|-1704,667|0|1|0|0,1|1|6|2|1
45,325|8,486|39,232|-1705,674|0|1|0|0,1|1|6|3|1
45,5|8,568|39,754|-1706,683|0|1|0|0|1|6|2|1
45,675|8,598|40,187|-1707,696|0|1|0|0|1|7|4|1
45,85|8,599|40,685|-1708,709|0|1|0|0|1|6|2|1
46,025|8,58|41,137|-1709,722|0|1|0|0|1|6|2|1
46,2|8,542|41,573|-1710,735|0|1|0|0|1|6|2|1
46,375|8,493|41,992|-1711,747|0|1|0|0|1|7|3|1
46,55|8,437|42,449|-1712,759|0|1|0|0|1|7|4|1
46,725|8,378|42,947|-1713,77|0|1|0|0|1|6|2|1
46,9|8,321|43,393|-1714,781|0|1|0|0|1|6|2|1
47,075|8,265|43,816|-1715,793|0|1|0|0|1|7|3|1
47,25|8,212|44,278|-1716,805|0|1|0|0|1|6|2|1
47,425|8,16|44,716|-1717,817|0|1|0|0|0|6|2|1
47,6|8,109|44,62|-1718,829|0|1|0|0|0|7|-4|1
47,775|8,057|43,575|-1719,841|0|1|0|0|0|11|-9|1
47,95|8,006|41,736|-1720,853|0|1|0|0|0|6|0|1
48,125|7,954|42,284|-1721,875|0|1|0|0|0|8|6|1
48,3|7,903|42,949|-1722,887|0|1|0|0|1|6|2|1
48,475|7,852|43,382|-1723,899|0|1|0|0|1|6|3|1
48,65|7,801|43,845|-1724,911|0|1|0|0|1|7|3|1
48,825|7,749|44,274|-1725,923|0|1|0|0|1|6|3|1
49|7,698|44,74|-1726,935|0|1|0|0|1|6|2|1
49,175|7,647|45,216|-1727,947|0|1|0|0|1|6|2|1
49,35|7,595|45,649|-1728,959|0|1|0|0|1|6|3|1
49,525|7,544|46,097|-1729,971|0|1|0|0|1|6|0|1
49,7|7,493|45,699|-1730,983|0|1|0|0|0|8|-6|1
49,875|7,442|44,4|-1731,995|0|1|0|0|0|12|-10|1
50,05|7,39|42,348|-1733,007|0|1|0|0|0|15|-14|1
50,225|7,339|39,667|-1734,019|0|1|0|0|0|18|-17|1
50,4|7,288|36,459|-1735,031|0|1|0|0|0|21|-20|1
50,575|7,236|34,32|-1736,047|0|1|0|0|0|12|10|1
50,75|7,185|35,575|-1737,064|0|1|0|0|0|6|3|1
50,925|7,134|35,641|-1738,076|0|1|0|0|0|6|-3|1
51,1|7,087|34,733|-1738,987|0|1|0|0|0|9|-8|1
51,275|7,065|34,32|-1739,422|0|1|0|0|0|0|0|1
51,45|7,065|34,32|-1739,432|0|1|0|0|0|0|0|1
51,625|7,065|34,32|-1739,432|0|1|0|0|0|0|0|1
51,8|7,065|34,32|-1739,432|0|1|0|0|0|0|0|1
51,975|7,082|34,32|-1739,718|0|1|0|0|0|5|0|1
52,15|7,125|34,32|-1740,449|0|1|0|0|0|1|0|1
52,325|7,127|34,32|-1740,48|0|1|0|0|0|0|0|1
52,5|7,127|34,32|-1740,48|0|1|0|0|0|0|0|1
52,675|7,127|34,32|-1740,48|0|1|0|0|0|0|0|1
52,85|7,143|34,32|-1741,16|0|1|0|0|0|6|0|1
53,025|7,161|34,67|-1742,204|0|1|0|0|0|10|8|1
53,2|7,176|35,675|-1743,217|0|1|0|0|1|6|3|1
53,375|7,191|36,157|-1744,23|0|1|0|0|1|7|3|1
53,55|7,207|36,594|-1745,243|0|1|0|0|1|7|3|1
53,725|7,221|36,942|-1746,256|0|1|0|0|1|6|3|1
53,9|7,236|37,357|-1747,27|0|1|0|0|1|6|2|1
54,075|7,25|37,786|-1748,283|0|1|0|0|1|6|3|1
54,25|7,265|38,183|-1749,296|0|1|0|0|1|6|2|1
54,425|7,279|38,546|-1750,309|0|1|0|0|1|6|2|1
54,6|7,294|38,981|-1751,322|0|1|0|0|1|6|2|1
54,775|7,308|38,984|-1752,336|0|1|0|0|0|8|-5|1
54,95|7,322|37,559|-1753,349|0|1|0|0|1|12|-10|1
55,125|7,337|36,032|-1754,362|0|1|0|0|1|9|-6|1
55,3|7,351|35,149|-1755,375|0|1|0|0|1|7|-3|1
55,475|7,365|34,806|-1756,388|0|1|0|0|1|6|0|
55,65|7,365|34,806|-1756,388|0|1|0|0|1|6|0|
55,825|7,365|34,806|-1756,388|0|1|0|0|1|6|0|
56|7,365|34,806|-1756,388|0|1|0|0|1|6|0|
56,175|7,365|34,806|-1756,388|0|1|0|0|1|6|0|
56,35|7,365|34,806|-1756,388|0|1|0|0|1|6|0|
56,525|8,019|35,337|-1692,329|0|1|0|0|1|4|2|1
56,7|8,032|35,811|-1693,224|0|1|0|0|0|6|2|1
56,875|8,047|35,743|-1694,237|0|1|0|0|0|7|-4|1
57,05|8,062|34,722|-1695,251|0|1|0|0|0|10|-9|1
57,225|8,077|34,32|-1696,281|0|1|0|0|0|6|0|1
57,4|8,092|34,009|-1697,281|0|1|0|0|0|8|-5|1
57,575|8,107|32,98|-1698,294|0|1|0|0|1|7|-3|1
57,75|8,122|32,835|-1699,308|0|1|0|0|1|6|3|1
57,925|8,137|33,32|-1700,321|0|1|0|0|1|7|3|1
58,1|8,151|33,785|-1701,334|0|1|0|0|1|6|3|1
58,275|8,165|34,277|-1702,347|0|1|0|0|1|7|3|1
58,45|8,179|34,767|-1703,36|0|1|0|0|1|6|2|1
58,625|8,19|35,205|-1704,374|0|1|0|0|1|6|3|1
58,8|8,198|35,688|-1705,387|0|1|0|0|1|6|2|1
58,975|8,205|36,122|-1706,4|0|1|0|0|1|6|2|1
59,15|8,176|36,55|-1707,41|0|1|0|-0,1|1|7|3|1
59,325|7,709|37,011|-1708,303|0|0,9|0|-0,3|1|6|2|1
59,5|7,055|37,468|-1709,076|0|0,9|0|-0,4|1|7|3|1
59,675|6,357|37,917|-1709,81|0|0,9|0|-0,4|1|7|3|1
59,85|5,646|38,356|-1710,532|0|0,9|0|-0,4|1|7|3|1
60,025|4,933|38,809|-1711,252|0|0,9|0|-0,4|1|6|2|1
60,2|4,218|39,268|-1711,97|0|0,9|0|-0,4|1|7|3|1
60,375|3,531|39,721|-1712,711|0|1|0|-0,3|1|6|3|1
60,55|3,236|40,222|-1713,674|0|1|0|0|1|6|2|1
60,725|3,157|40,643|-1714,684|0|1|0|0|1|7|4|1
60,9|3,138|41,129|-1715,697|0|1|0|0|1|6|2|1
61,075|3,134|41,562|-1716,71|0|1|0|0|1|6|3|1
61,25|3,233|42,023|-1717,711|0|1|0|0,2|1|6|2|1
61,425|3,766|42,424|-1718,568|0|0,9|0|0,4|1|6|3|1
61,6|4,501|42,871|-1719,25|0|0,8|0|0,6|1|7|3|1
61,775|5,479|43,306|-1719,497|0|0,7|0|0,7|1|7|3|1
61,95|6,49|43,787|-1719,562|0|0,7|0|0,7|1|6|2|1
62,125|7,503|43,75|-1719,582|0|0,7|0|0,7|0|7|-4|1
62,3|8,495|42,835|-1719,751|0|0,9|0|0,5|1|7|-4|1
62,475|9,074|42,567|-1720,553|0|1|0|0,1|1|6|2|1
62,65|9,249|43,005|-1721,549|0|1|0|0|1|6|2|1
62,825|9,298|43,487|-1722,561|0|1|0|0|1|6|2|1
63|9,313|43,932|-1723,574|0|1|0|0|1|6|3|1
63,175|9,319|44,435|-1724,587|0|1|0|0|1|6|2|1
63,35|9,322|44,872|-1725,6|0|1|0|0|1|6|2|1
63,525|9,325|45,335|-1726,614|0|1|0|0|1|6|2|1
63,7|9,328|45,765|-1727,627|0|1|0|0|1|7|3|1
63,875|9,325|46,098|-1728,64|0|1|0|0|1|6|0|1
64,05|9,273|46,098|-1729,652|0|1|0|0|1|6|0|1
64,225|9,172|46,098|-1730,66|0|1|0|-0,1|1|6|0|1
64,4|9,039|45,975|-1731,664|0|1|0|-0,1|0|7|-3|1
64,575|8,896|45,017|-1732,667|0|1|0|-0,1|0|10|-8|1
64,75|8,749|43,251|-1733,67|0|1|0|-0,1|0|14|-13|1
64,925|8,599|40,808|-1734,672|0|1|0|-0,1|0|17|-16|1
65,1|8,448|37,8|-1735,674|0|1|0|-0,1|0|20|-19|1
65,275|8,296|34,32|-1736,675|0|1|0|-0,1|0|6|0|1
65,45|8,138|34,32|-1737,708|0|1|0|-0,1|0|6|0|1
65,625|7,979|34,32|-1738,745|0|1|0|-0,1|0|6|0|1
65,8|7,824|34,32|-1739,784|0|1|0|-0,1|0|6|0|1
65,975|7,775|34,32|-1740,15|0|1|0|-0,1|0|0|0|1
66,15|7,774|34,32|-1740,156|0|1|0|-0,1|0|0|0|1
66,325|7,774|34,32|-1740,156|0|1|0|-0,1|0|0|0|1
66,5|7,774|34,32|-1740,156|0|1|0|-0,1|0|3|0|1
66,675|7,72|34,32|-1741,041|0|1|0|0|0|6|0|1
66,85|7,646|34,974|-1742,079|0|1|0|0|0|9|7|1
67,025|7,571|35,765|-1743,089|0|1|0|0|1|7|4|1
67,2|7,491|36,264|-1744,099|0|1|0|0|1|6|2|1
67,375|7,41|36,651|-1745,109|0|1|0|0|1|6|2|1
67,55|7,327|37,095|-1746,119|0|1|0|0|1|6|2|1
67,725|7,245|37,467|-1747,13|0|1|0|0|1|6|1|1
67,9|7,162|37,858|-1748,14|0|1|0|0|1|6|3|1
68,075|7,079|38,217|-1749,15|0|1|0|0|1|6|2|1
68,25|6,997|38,649|-1750,16|0|1|0|0|1|6|2|1
68,425|6,914|39,019|-1751,17|0|1|0|0|1|6|2|1
68,6|6,831|39,454|-1752,18|0|1|0|0|1|6|2|1
68,775|6,749|39,841|-1753,19|0|1|0|0|1|6|2|1
68,95|6,666|40,217|-1754,2|0|1|0|0|1|6|2|1
69,125|6,583|40,598|-1755,211|0|1|0|0|1|6|2|1
69,3|6,501|40,986|-1756,221|0|1|0|0|1|6|3|1
69,475|6,418|41,182|-1757,231|0|1|0|0|0|7|-3|1
69,65|6,335|40,257|-1758,241|0|1|0|0|1|7|-5|1
69,825|6,252|39,665|-1759,251|0|1|0|0|1|6|-2|1
70|6,17|39,565|-1760,261|0|1|0|0|1|6|1|1
70,175|6,087|39,877|-1761,271|0|1|0|0|1|7|3|1
70,35|6,004|40,22|-1762,281|0|1|0|0|1|7|3|1
70,525|5,922|40,373|-1763,292|0|1|0|0|0|6|-3|1
70,7|5,845|39,538|-1764,233|0|1|0|0|0|9|-8|1
70,875|5,643|37,874|-1765,01|0|-0,9|0|0,5|0|13|-12|1
71,05|4,949|35,517|-1765,614|0|-0,7|0|0,7|0|17|-16|1
71,226|3,991|34,32|-1765,891|0|-0,7|0|0,7|0|6|0|1
71,401|2,976|34,32|-1765,906|0|-0,8|0|0,7|0|6|0|1
71,576|2,159|34,32|-1766,534|0|0,9|0|-0,5|0|6|0|1
71,751|1,358|34,32|-1767,213|0|0,9|0|-0,4|0|6|0|1
71,926|0,558|34,32|-1767,892|0|0,9|0|-0,4|0|6|0|1
72,101|-0,242|34,32|-1768,572|0|0,9|0|-0,4|0|6|0|1
72,276|-0,514|34,32|-1769,293|0|1|0|-0,3|0|6|0|1
72,451|-0,514|34,32|-1770,315|0|1|0|-0,1|0|6|0|1
72,626|-0,514|34,32|-1771,361|0|1|0|0|0|6|0|1
72,801|-0,514|34,32|-1772,293|0|1|0|0|0|1|0|1
72,976|-0,514|34,32|-1772,364|0|1|0|0|0|0|0|1
73,151|-0,514|34,32|-1772,365|0|1|0|0|0|0|0|1
73,326|-0,514|34,32|-1772,365|0|1|0|0|0|0|0|1
73,501|-0,514|34,32|-1772,365|0|1|0|0|0|0|0|1
73,676|-0,514|34,32|-1772,365|0|1|0|0|0|0|0|1
73,851|-0,514|34,32|-1772,365|0|1|0|0|0|3|0|1
74,026|-0,334|34,32|-1773,234|0|1|0|0,1|0|6|0|1
74,201|-0,203|34,32|-1773,787|0|1|0|0,1|0|0|0|1
74,376|-0,2|34,32|-1773,8|0|1|0|0,1|0|0|0|1
74,551|-0,2|34,32|-1773,8|0|1|0|0,1|0|0|0|1
74,726|-0,008|34,32|-1774,239|0|1|0|0,2|0|6|0|1
74,901|0,222|34,32|-1774,747|0|1|0|0,2|0|0|0|1
75,076|0,227|34,32|-1774,759|0|1|0|0,2|0|0|0|1
75,251|0,227|34,32|-1774,759|0|1|0|0,2|0|0|0|1
75,426|0,227|34,32|-1774,759|0|1|0|0,2|0|0|0|1
75,601|0,227|34,32|-1774,759|0|1|0|0,2|0|0|0|1
75,776|0,227|34,32|-1774,759|0|1|0|0,2|0|0|0|1
75,951|0,227|34,32|-1774,759|0|1|0|0,2|0|0|0|1
76,126|0,227|34,32|-1774,759|0|1|0|0,2|0|0|0|1
76,301|0,227|34,32|-1774,759|0|1|0|0,2|0|0|0|1
76,476|0,227|34,32|-1774,759|0|1|0|0,2|0|0|0|1
76,651|0,227|34,32|-1774,759|0|1|0|0,2|0|0|0|1
76,826|0,899|34,32|-1774,865|0|0,8|0|0,5|0|6|0|1
77,001|1,931|34,32|-1775,028|0|0,8|0|0,6|0|6|0|1
77,176|2,968|34,32|-1775,191|0|0,8|0|0,6|0|6|0|1
77,351|4,005|34,32|-1775,354|0|0,8|0|0,6|0|6|0|1
77,526|5,045|34,32|-1775,501|0|0,8|0|0,7|0|6|0|1
77,701|6,089|34,32|-1775,61|0|0,7|0|0,7|0|6|0|1
77,876|7,137|34,32|-1775,672|0|0,7|0|0,7|0|6|0|1
78,051|8,186|34,32|-1775,67|0|0,7|0|0,7|0|6|0|1
78,226|9,236|34,32|-1775,639|0|0,7|0|0,7|0|6|0|1
78,401|10,285|34,32|-1775,597|0|0,7|0|0,7|0|6|0|1
78,576|11,334|34,32|-1775,551|0|0,7|0|0,7|0|6|0|1
78,751|12,383|34,32|-1775,505|0|0,7|0|0,7|0|6|0|1
78,926|13,433|34,32|-1775,473|0|0,7|0|0,7|0|6|0|1
79,101|14,358|34,32|-1775,559|0|0,7|0|0,7|0|1|0|1
79,276|14,429|34,32|-1775,571|0|0,7|0|0,7|0|0|0|1
79,451|14,429|34,32|-1775,571|0|0,7|0|0,7|0|0|0|1
79,626|14,429|34,32|-1775,571|0|0,7|0|0,7|0|0|0|1
79,801|14,426|34,32|-1775,689|0|0,9|0|0,5|0|5|0|1
79,976|14,351|34,32|-1776,664|0|1|0|0,1|0|6|0|1
80,151|14,255|34,32|-1777,708|0|1|0|0|0|6|0|1
80,326|14,16|34,32|-1778,754|0|1|0|0|0|6|0|1
80,501|14,064|34,32|-1779,799|0|1|0|0|0|6|0|1
80,676|13,969|34,32|-1780,845|0|1|0|0|0|6|0|1
80,852|13,917|34,32|-1781,414|0|1|0|0|0|0|0|1
81,027|13,916|34,32|-1781,428|0|1|0|0|0|0|0|1
81,202|13,916|34,32|-1781,428|0|1|0|0|0|0|0|1
81,377|13,916|34,32|-1781,428|0|1|0|0|0|0|0|1
81,552|13,916|34,32|-1781,428|0|1|0|0|0|0|0|1
81,727|13,916|34,32|-1781,428|0|1|0|0|0|0|0|1
81,902|13,916|34,32|-1781,428|0|1|0|0|0|0|0|1
82,077|13,441|34,32|-1781,369|0|-0,8|0|0,5|0|6|0|1
82,252|12,412|34,32|-1781,241|0|-0,7|0|0,7|0|6|0|1
82,427|11,369|34,32|-1781,125|0|-0,7|0|0,7|0|6|0|1
82,602|10,322|34,32|-1781,053|0|-0,7|0|0,7|0|6|0|1
82,777|9,274|34,32|-1780,989|0|-0,7|0|0,7|0|6|0|1
82,952|8,225|34,32|-1780,948|0|-0,7|0|0,7|0|6|0|1
83,127|7,175|34,32|-1780,931|0|-0,7|0|0,7|0|6|0|1
83,302|6,125|34,32|-1780,932|0|-0,7|0|0,7|0|6|0|1
83,477|5,075|34,32|-1780,937|0|-0,7|0|0,7|0|6|0|1
83,652|4,025|34,32|-1780,942|0|-0,7|0|0,7|0|6|0|1
83,827|2,975|34,32|-1780,954|0|-0,7|0|0,7|0|6|0|1
84,002|1,928|34,32|-1781,025|0|-0,7|0|0,7|0|6|0|1
84,177|0,899|34,32|-1781,226|0|-0,8|0|0,6|0|6|0|1
84,352|-0,082|34,32|-1781,594|0|-0,8|0|0,6|0|3|0|1
84,527|-0,229|34,32|-1781,663|0|-0,8|0|0,6|0|0|0|1
84,702|-0,502|34,32|-1782,286|0|1|0|-0,3|0|6|0|1
84,877|-0,514|34,32|-1783,313|0|1|0|-0,1|0|6|0|1
85,052|-0,514|34,32|-1784,36|0|1|0|0|0|6|0|1
85,227|-0,514|34,32|-1785,408|0|1|0|0|0|6|0|1
85,402|-0,506|34,32|-1786,457|0|1|0|0|0|6|0|1
85,577|-0,363|34,32|-1787,495|0|1|0|0,1|0|6|0|1
85,752|0,016|34,32|-1788,47|0|1|0|0,2|0|5|0|1
85,927|0,951|34,32|-1788,818|0|0,8|0|0,6|0|6|0|1
86,102|1,977|34,32|-1789,038|0|0,8|0|0,6|0|6|0|1
86,277|3,004|34,32|-1789,255|0|0,8|0|0,6|0|6|0|1
86,452|3,73|34,32|-1789,907|0|0,9|0|0,4|0|6|0|1
86,627|4,268|34,32|-1790,806|0|1|0|0,3|0|6|0|1
86,802|4,755|34,32|-1791,736|0|1|0|0,2|0|6|0|1
86,977|5,185|34,32|-1792,694|0|1|0|0,2|0|12|10|1
87,152|5,551|35,575|-1793,647|0|1|0|0,2|0|6|3|1
87,327|5,863|36,087|-1794,61|0|1|0|0,1|1|6|2|1
87,502|6,117|36,476|-1795,591|0|1|0|0,1|0|6|0|1
87,677|6,344|36,123|-1796,579|0|1|0|0,1|0|8|-5|1
87,852|6,55|34,864|-1797,571|0|1|0|0,1|0|11|-10|1
88,027|6,737|34,32|-1798,584|0|1|0|0,1|0|6|0|1
88,202|6,912|34,32|-1799,619|0|1|0|0,1|0|6|0|1
88,377|7,088|34,32|-1800,654|0|1|0|0,1|0|6|0|1
88,552|7,257|34,32|-1801,69|0|1|0|0,1|0|6|0|1
88,727|7,416|34,32|-1802,728|0|1|0|0,1|0|6|0|1
88,902|7,549|35,226|-1803,755|0|1|0|0,1|0|8|6|1
89,077|7,627|35,891|-1804,765|0|1|0|0|1|6|2|1
89,252|7,598|36,324|-1805,777|0|1|0|0|1|6|3|1
89,427|7,516|36,787|-1806,787|0|1|0|0|1|7|3|1
89,602|7,421|37,216|-1807,825|0|1|0|0|1|8|3|1
89,777|7,315|37,682|-1809,282|0|1|0|0|1|10|2|1
89,952|7,185|38,087|-1811,181|0|1|0|0|1|13|3|1
90,127|7,032|38,534|-1813,449|0|1|0|0|1|14|3|1
90,303|6,859|39,027|-1816,027|0|1|0|0|1|16|2|1
90,478|6,671|39,447|-1818,864|0|1|0|0|1|17|3|1
90,653|6,566|39,888|-1821,923|0|1|0|0,1|1|18|3|1
90,828|7,251|40,339|-1824,818|0|0,9|0|0,4|1|16|3|1
91,003|8,544|40,795|-1826,978|0|0,9|0|0,5|1|13|2|1
91,178|9,997|41,227|-1828,522|0|0,9|0|0,5|1|11|2|1
91,353|10,991|41,661|-1830,007|0|1|0|0,2|1|10|3|1
91,528|11,491|42,148|-1831,432|0|1|0|0,1|1|8|3|1
91,703|11,73|42,591|-1832,677|0|1|0|0,1|1|7|3|1
91,878|11,807|43,058|-1833,742|0|1|0|0|1|6|2|1
92,053|11,772|43,473|-1834,754|0|1|0|-0,1|1|7|3|1
92,228|11,618|43,919|-1835,755|0|1|0|-0,1|1|7|3|1
92,403|11,353|44,409|-1836,732|0|1|0|-0,2|1|6|2|1
92,578|11,032|44,85|-1837,693|0|1|0|-0,2|1|6|3|1
92,753|10,695|45,374|-1838,649|0|1|0|-0,2|1|6|2|1
92,928|10,375|45,806|-1839,61|0|1|0|-0,1|1|7|4|1
93,103|10,13|46,286|-1840,593|0|1|0|-0,1|1|6|2|1
93,278|9,963|46,726|-1841,592|0|1|0|-0,1|1|6|2|1
93,453|9,828|47,16|-1842,597|0|1|0|-0,1|1|7|3|1
93,628|9,703|47,648|-1843,602|0|1|0|-0,1|1|6|2|1
93,803|9,579|47,912|-1844,608|0|1|0|-0,1|0|6|-2|1
93,978|9,456|47,24|-1845,614|0|1|0|-0,1|0|9|-7|1
94,153|9,333|45,712|-1846,62|0|1|0|-0,1|0|13|-11|1
94,328|9,21|43,47|-1847,625|0|1|0|-0,1|0|16|-15|1
94,503|9,086|40,629|-1848,631|0|1|0|-0,1|0|19|-18|1
94,678|8,96|37,287|-1849,636|0|1|0|-0,1|0|21|-21|1
94,853|8,834|34,32|-1850,646|0|1|0|-0,1|0|6|0|1
95,028|8,715|34,32|-1851,687|0|1|0|-0,1|0|6|0|1
95,203|8,615|34,32|-1852,732|0|1|0|0|0|6|0|1
95,378|8,541|34,32|-1853,779|0|1|0|0|0|6|0|1
95,553|8,482|34,32|-1854,828|0|1|0|0|0|6|0|1
95,728|8,428|34,32|-1855,876|0|1|0|0|0|6|0|1
95,903|8,374|34,32|-1856,925|0|1|0|0|0|6|0|1
96,078|8,32|34,32|-1857,973|0|1|0|0|0|6|0|1
96,253|8,266|34,67|-1859,022|0|1|0|0|0|10|8|1
96,428|8,214|35,883|-1860,034|0|1|0|0|1|9|7|1
96,603|8,168|37,344|-1860,977|0|1|0|0|1|11|10|1
96,778|8,131|39,209|-1861,766|0|1|0|0|0|13|12|1
96,953|8,103|41,437|-1862,426|0|1|0|0|0|14|14|1
97,128|8,082|43,973|-1862,978|0|1|0|0|0|16|15|1
97,303|8,084|46,767|-1863,102|0|-0,2|0|1|0|17|17|1
97,478|8,112|49,777|-1862,724|0|-0,1|0|1|0|18|18|1
97,653|8,142|52,967|-1862,346|0|-0,1|0|1|0|19|19|1
97,828|8,169|56,309|-1862,03|0|-0,1|0|1|0|20|20|1
98,003|8,176|59,099|-1862,102|0|1|0|-0,3|0|11|11|1
98,178|8,153|60,47|-1862,713|0|1|0|-0,1|0|6|4|1
98,353|8,105|60,652|-1863,695|0|1|0|0|0|6|-3|1
98,528|8,041|59,922|-1864,707|0|1|0|0|1|7|-3|1
98,703|7,96|59,807|-1865,717|0|1|0|0|1|6|3|1
98,878|7,877|60,249|-1866,726|0|1|0|0|1|6|3|1
99,053|7,796|60,713|-1867,737|0|1|0|0|1|6|2|1
99,228|7,716|61,164|-1868,747|0|1|0|0|0|6|1|1
99,403|7,636|60,859|-1869,757|0|1|0|0|0|8|-5|1
99,578|7,557|59,639|-1870,767|0|1|0|0|0|11|-10|1
99,753|7,479|57,654|-1871,777|0|1|0|0|0|15|-14|1
99,929|7,401|55,61|-1872,791|0|1|0|0|0|6|0|1
100,104|7,344|55,61|-1873,837|0|1|0|0|0|6|0|1
100,279|7,358|55,61|-1874,887|0|1|0|0|0|6|0|1
100,454|7,435|55,61|-1875,934|0|1|0|0|0|6|0|1
100,629|7,522|55,61|-1876,98|0|1|0|0|0|6|0|1
100,804|7,609|55,61|-1878,026|0|1|0|0|0|6|0|1
100,979|7,696|55,61|-1879,072|0|1|0|0|0|6|0|1
101,154|7,772|55,61|-1880,12|0|1|0|0|0|6|0|1
101,329|7,837|55,61|-1881,168|0|1|0|0|0|6|0|1
101,504|7,901|55,61|-1882,216|0|1|0|0|0|6|0|1
101,679|7,965|55,61|-1883,264|0|1|0|0|0|6|0|1
101,854|8,03|55,61|-1884,312|0|1|0|0|0|6|0|1
102,029|8,094|55,61|-1885,359|0|1|0|0|0|6|0|1
102,204|8,154|55,61|-1886,408|0|1|0|0|0|6|0|1
102,379|8,201|55,61|-1887,457|0|1|0|0|0|12|10|1
102,554|8,241|56,865|-1888,477|0|1|0|0|0|6|3|1
102,729|8,274|57,377|-1889,489|0|1|0|0|1|6|2|1
102,904|8,302|57,902|-1890,532|0|1|0|0|1|8|4|1
103,079|8,329|58,719|-1892,014|0|1|0|0|1|11|5|1
103,254|8,357|59,655|-1893,962|0|1|0|0|0|14|6|1
103,429|8,382|60,691|-1896,298|0|1|0|0|0|16|6|1
103,604|8,404|61,811|-1898,961|0|1|0|0|0|18|7|1
103,779|8,424|63,002|-1901,896|0|1|0|0|0|19|7|1
103,954|8,441|64,251|-1905,059|0|1|0|0|0|20|7|1
104,129|8,457|65,549|-1908,414|0|1|0|0|0|21|8|1
104,304|8,456|66,889|-1911,928|0|1|0|0|0|22|8|1
104,479|8,4|68,263|-1915,575|0|1|0|-0,1|0|23|8|1
104,654|8,3|69,666|-1919,333|0|1|0|-0,1|0|23|8|1
104,829|8,176|71,093|-1923,184|0|1|0|-0,1|0|24|8|1
105,004|8,068|72,54|-1927,114|0|1|0|-0,1|0|24|8|1
105,179|7,978|73,962|-1931,109|0|1|0|-0,1|0|23|6|1
105,354|7,904|74,506|-1934,725|0|1|0|-0,1|0|19|-1|1
105,529|7,841|73,997|-1937,751|0|1|0|-0,1|0|17|-6|1
105,704|7,789|72,607|-1940,284|0|1|0|-0,1|0|17|-11|1
105,879|7,69|70,479|-1942,369|0|-0,8|0|0,6|0|17|-14|1
106,054|7,388|67,733|-1943,701|0|-0,3|0|1|0|18|-18|1
106,229|7,033|64,472|-1944,278|0|-0,1|0|1|0|2|0|1
106,404|7,073|64,43|-1943,678|0|0,1|0|1|0|6|0|1
106,579|7,572|64,43|-1942,769|0|0,3|0|1|0|6|0|1
106,754|8,013|64,43|-1941,881|0|0,1|0|1|0|6|0|1
106,929|7,901|64,43|-1940,847|0|0|0|1|0|6|0|1
107,104|7,493|64,43|-1940,026|0|-0,2|0|1|0|1|0|1
107,279|7,36|64,43|-1940,438|0|0,9|0|-0,5|0|6|0|1
107,454|7,322|64,43|-1941,471|0|1|0|-0,1|0|6|0|1
107,629|7,316|64,43|-1942,521|0|1|0|0|0|6|0|1
107,804|7,311|64,43|-1943,571|0|1|0|0|0|6|0|1
107,979|7,284|64,43|-1944,62|0|1|0|0|0|6|0|1
108,154|7,174|64,43|-1945,664|0|1|0|-0,1|0|6|0|1
108,329|7,02|64,43|-1946,702|0|1|0|-0,1|0|6|0|1
108,504|6,863|64,43|-1947,74|0|1|0|-0,1|0|6|0|1
108,679|6,706|64,43|-1948,779|0|1|0|-0,1|0|6|0|1
108,854|6,549|64,43|-1949,817|0|1|0|-0,1|0|6|-2|1
109,03|6,395|63,768|-1950,812|0|1|0|-0,1|0|9|-7|1
109,205|6,241|62,258|-1951,813|0|1|0|-0,1|0|13|-11|1
109,38|6,088|60,03|-1952,815|0|1|0|-0,1|0|16|-15|1
109,555|5,935|57,677|-1953,816|0|1|0|-0,1|1|11|-9|1
109,73|5,784|56,567|-1954,818|0|1|0|-0,1|1|6|-2|1
109,905|5,632|56,568|-1955,82|0|1|0|-0,1|1|7|3|1
110,08|5,496|57,021|-1956,824|0|1|0|-0,1|1|6|3|1
110,255|5,395|57,545|-1957,832|0|1|0|0|1|6|2|1
110,43|5,335|57,977|-1958,844|0|1|0|0|1|7|4|1
110,605|5,332|58,464|-1959,857|0|1|0|0|1|6|2|1
110,78|5,37|58,935|-1960,869|0|1|0|0|1|6|2|1
110,955|5,422|59,358|-1961,881|0|1|0|0|1|6|3|1
111,13|5,477|59,803|-1962,893|0|1|0|0|1|6|3|1
111,305|5,533|60,241|-1963,905|0|1|0|0|1|6|3|1
111,48|5,589|60,683|-1964,917|0|1|0|0|1|6|3|1
111,655|5,646|61,152|-1965,929|0|1|0|0|1|6|3|1
111,83|5,703|61,599|-1966,941|0|1|0|0|1|6|3|1
112,005|5,759|62,076|-1967,953|0|1|0|0|1|7|3|1
112,18|5,816|62,507|-1968,965|0|1|0|0|1|6|3|1
112,355|5,872|62,835|-1969,977|0|1|0|0|0|6|-1|1
112,53|5,929|62,242|-1970,989|0|1|0|0|0|9|-7|1
112,705|5,985|61,566|-1972,001|0|1|0|0|1|6|0|1
112,88|6,054|61,847|-1973,012|0|1|0|0|1|6|3|1
113,055|6,184|62,309|-1974,016|0|1|0|0,1|1|6|2|1
113,23|6,367|62,727|-1975,013|0|1|0|0,1|1|6|3|1
113,405|6,567|63,186|-1976,006|0|1|0|0,1|1|6|2|1
113,58|6,772|63,625|-1976,999|0|1|0|0,1|1|6|2|1
113,755|6,978|64,099|-1977,834|0|1|0|0,1|1|3|2|1
113,93|7,234|64,464|-1978,247|0|1|0|0,1|0|6|0|1
114,105|7,45|64,43|-1979,255|0|1|0|0,1|0|6|0|1
114,28|7,662|64,43|-1980,282|0|1|0|0,1|0|6|0|1
114,455|7,844|64,43|-1981,317|0|1|0|0,1|0|6|0|1
114,63|7,948|64,43|-1982,361|0|1|0|0|0|6|0|1
114,805|7,989|64,43|-1983,41|0|1|0|0|0|6|0|1
114,98|7,987|64,43|-1984,46|0|1|0|0|0|6|0|1
115,155|7,976|64,312|-1985,496|0|1|0|0|1|12|10|1
115,33|7,966|65,566|-1986,509|0|1|0|0|0|6|3|1
115,505|7,955|66,079|-1987,522|0|1|0|0|1|6|2|1
115,68|7,944|66,516|-1988,536|0|1|0|0|1|6|2|1
115,855|7,934|66,945|-1989,549|0|1|0|0|1|6|3|1
116,03|7,923|67,358|-1990,562|0|1|0|0|0|6|0|1
116,205|7,913|67,002|-1991,575|0|1|0|0|0|8|-5|1
116,38|7,902|66,216|-1992,588|0|1|0|0|1|6|-1|1
116,555|7,891|66,417|-1993,601|0|1|0|0|1|6|2|1
116,73|7,881|66,853|-1994,615|0|1|0|0|1|6|3|1
116,905|7,87|67,347|-1995,628|0|1|0|0|1|6|2|1
117,08|7,86|67,761|-1996,641|0|1|0|0|1|6|3|1
117,255|7,849|67,83|-1997,654|0|1|0|0|0|7|-3|1
117,43|7,838|67,006|-1998,667|0|1|0|0|1|7|-4|1
117,605|7,828|66,812|-1999,681|0|1|0|0|1|6|2|1
117,78|7,817|67,257|-2000,694|0|1|0|0|1|6|3|1
117,955|7,806|67,684|-2001,707|0|1|0|0|0|6|0|1
118,13|7,796|67,249|-2002,72|0|1|0|0|0|8|-6|1
118,305|7,785|65,921|-2003,733|0|1|0|0|1|10|-8|1
118,48|7,775|65,008|-2004,746|0|1|0|0|1|6|-1|1
118,656|7,764|65,173|-2005,76|0|1|0|0|1|6|2|1
118,831|7,753|65,609|-2006,773|0|1|0|0|1|7|3|1
119,006|7,743|66,101|-2007,786|0|1|0|0|1|6|2|1
119,181|7,732|66,543|-2008,799|0|1|0|0|1|6|3|1
119,356|7,722|67,058|-2009,812|0|1|0|0|1|6|2|1
119,531|7,711|67,494|-2010,826|0|1|0|0|1|6|3|1
119,706|7,7|67,944|-2011,839|0|1|0|0|1|7|3|1
119,881|7,69|68,411|-2012,852|0|1|0|0|1|6|2|1
120,056|7,679|68,821|-2013,865|0|1|0|0|0|6|1|1
120,231|7,669|68,549|-2014,878|0|1|0|0|0|8|-5|1
120,406|7,658|67,597|-2015,891|0|1|0|0|1|6|-3|1
120,581|7,647|67,517|-2016,905|0|1|0|0|1|6|3|1
120,756|7,637|67,976|-2017,918|0|1|0|0|1|6|2|1
120,931|7,626|68,415|-2018,931|0|1|0|0|1|6|2|1
121,106|7,615|68,603|-2019,944|0|1|0|0|0|6|-2|1
121,281|7,605|67,867|-2020,957|0|1|0|0|0|9|-7|1
121,456|7,594|66,763|-2021,971|0|1|0|0|1|6|-3|1
121,631|7,584|66,697|-2022,984|0|1|0|0|1|7|3|1
121,806|7,573|67,136|-2023,997|0|1|0|0|1|7|3|1
121,981|7,562|67,576|-2025,01|0|1|0|0|1|6|2|1
122,156|7,552|68,022|-2026,023|0|1|0|0|1|6|3|1
122,331|7,541|68,524|-2027,036|0|1|0|0|1|6|2|1
122,506|7,531|68,951|-2028,05|0|1|0|0|1|7|3|1
122,681|7,52|69,339|-2029,063|0|1|0|0|0|6|-1|1
122,856|7,509|68,837|-2030,076|0|1|0|0|0|8|-6|1
123,031|7,499|67,453|-2031,089|0|1|0|0|1|10|-8|1
123,206|7,488|66,494|-2032,102|0|1|0|0|1|6|-2|1
123,381|7,478|66,62|-2033,116|0|1|0|0|0|6|2|1
123,556|7,467|66,492|-2034,129|0|1|0|0|0|7|-4|1
123,731|7,457|65,421|-2035,074|0|1|0|0|0|10|-9|1
123,906|7,451|64,43|-2035,665|0|1|0|0|0|0|0|1
124,081|7,451|64,43|-2035,689|0|1|0|0|0|3|0|1
124,256|8,338|64,43|-2035,698|0|0,8|0|0,6|0|6|0|1
124,431|9,119|64,43|-2036,334|0|0,9|0|0,4|0|6|0|1
124,606|9,839|65,538|-2037,066|0|0,9|0|0,4|0|7|4|1
124,781|10,312|66,081|-2037,949|0|1|0|0,1|1|7|3|1
124,956|10,445|66,532|-2038,952|0|1|0|0|1|6|3|1
125,131|10,473|67,003|-2039,964|0|1|0|0|1|6|2|1
125,306|10,473|67,424|-2040,978|0|1|0|0|1|7|3|1
125,481|10,463|67,853|-2041,991|0|1|0|0|1|6|3|1
125,656|10,421|68,348|-2043,003|0|1|0|0|1|7|3|1
125,831|10,339|68,8|-2044,013|0|1|0|0|1|6|3|1
126,006|10,227|69,28|-2045,02|0|1|0|-0,1|1|6|2|1
126,181|10,091|69,745|-2046,024|0|1|0|-0,1|0|6|1|1
126,356|9,939|69,52|-2047,026|0|1|0|-0,1|0|7|-5|1
126,531|9,777|68,367|-2048,026|0|1|0|-0,1|0|11|-9|1
126,706|9,608|66,438|-2049,025|0|1|0|-0,1|0|15|-13|1
126,881|9,431|63,94|-2050,023|0|1|0|-0,1|1|13|-12|1
127,056|9,243|62,347|-2051,019|0|1|0|-0,1|1|8|-5|1
127,231|9,05|61,943|-2052,013|0|1|0|-0,1|1|6|1|1
127,406|8,849|62,371|-2053,007|0|1|0|-0,1|1|6|2|1
127,581|8,644|62,817|-2053,999|0|1|0|-0,1|1|7|3|1
127,756|8,437|63,278|-2054,991|0|1|0|-0,1|1|6|2|1
127,931|8,23|63,735|-2055,984|0|1|0|-0,1|1|7|3|1
128,106|8,023|64,184|-2056,976|0|1|0|-0,1|1|7|3|1
128,282|7,816|64,619|-2057,969|0|1|0|-0,1|1|6|3|1
128,457|7,609|65,095|-2058,961|0|1|0|-0,1|1|6|2|1
128,632|7,401|65,575|-2059,954|0|1|0|-0,1|1|6|2|1
128,807|7,194|66,019|-2060,946|0|1|0|-0,1|1|6|3|1
128,982|6,987|66,53|-2061,938|0|1|0|-0,1|1|6|2|1
129,157|6,78|66,968|-2062,931|0|1|0|-0,1|1|6|2|1
129,332|6,573|67,383|-2063,923|0|1|0|-0,1|1|6|3|1
129,507|6,664|67,863|-2064,915|0|1|0|0,2|1|6|2|1
129,682|7,154|68,329|-2065,798|0|0,9|0|0,3|1|7|3|1
129,857|7,923|68,792|-2066,422|0|0,8|0|0,6|1|6|3|1
130,032|8,926|69,266|-2066,473|0|0,6|0|0,8|1|7|3|1
130,207|9,881|69,701|-2066,145|0|0,5|0|0,9|1|6|3|1
130,382|10,77|70,188|-2065,663|0|0,6|0|0,8|1|6|2|1
130,557|11,772|70,629|-2065,552|0|0,7|0|0,7|1|7|3|1
130,732|12,774|71,105|-2065,677|0|0,8|0|0,6|1|6|2|1
130,907|13,586|71,537|-2066,271|0|0,9|0|0,3|1|7|4|1
131,082|14,227|72,031|-2067,054|0|1|0|0,3|1|6|2|1
131,257|14,802|72,455|-2067,888|0|1|0|0,3|1|6|3|1
131,432|15,358|72,946|-2068,735|0|1|0|0,3|1|6|2|1
131,607|15,909|73,399|-2069,586|0|1|0|0,3|1|7|3|1
131,782|16,472|73,752|-2070,427|0|0,9|0|0,4|0|6|-1|1
131,957|17,225|73,225|-2071,1|0|0,8|0|0,6|0|8|-6|1
132,132|18,109|71,82|-2071,593|0|0,8|0|0,6|0|12|-11|1
132,307|18,981|69,679|-2072,103|0|0,9|0|0,4|0|16|-14|1
132,482|19,722|67,164|-2072,791|0|1|0|0,3|1|12|-11|1
132,657|20,334|65,775|-2073,599|0|1|0|0,3|1|7|-4|1
132,832|20,899|65,543|-2074,439|0|1|0|0,3|1|6|2|1
133,007|21,452|65,969|-2075,289|0|1|0|0,3|1|7|3|1
133,182|22,001|66,46|-2076,14|0|1|0|0,3|1|6|2|1
133,357|22,804|66,899|-2076,749|0|0,9|0|0,5|1|6|3|1
133,532|23,459|67,389|-2077,515|0|1|0|0,3|1|6|2|1
133,707|23,774|67,814|-2078,469|0|1|0|0|1|6|3|1
133,882|23,51|68,304|-2079,417|0|0,9|0|-0,4|1|7|3|1
134,057|22,643|68,75|-2079,92|0|-0,8|0|0,6|1|7|3|1
134,232|21,692|69,238|-2080,255|0|0,9|0|-0,5|1|6|2|1
134,407|20,932|69,67|-2080,922|0|0,9|0|-0,3|1|6|3|1
134,582|20,278|70,126|-2081,695|0|0,9|0|-0,3|1|7|3|1
134,757|19,667|70,582|-2082,504|0|1|0|-0,3|1|6|2|1
134,932|19,076|71,016|-2083,327|0|1|0|-0,3|1|7|3|1
135,107|18,491|71,496|-2084,154|0|1|0|-0,3|1|6|2|1
135,282|17,907|71,934|-2084,982|0|1|0|-0,3|1|6|2|1
135,457|17,194|72,367|-2085,682|0|-0,8|0|0,5|1|6|2|1
135,632|16,244|72,792|-2086,028|0|-0,8|0|0,6|1|6|3|1
135,807|15,255|73,27|-2086,249|0|-0,8|0|0,6|1|6|2|1
135,982|14,259|73,708|-2086,435|0|-0,8|0|0,6|1|7|3|1
136,157|13,364|74,136|-2086,875|0|0,9|0|-0,4|1|6|3|1
136,332|12,673|74,552|-2087,615|0|0,9|0|-0,3|0|6|0|1
136,507|12,039|74,203|-2088,405|0|1|0|-0,3|0|8|-5|1
136,682|11,427|72,946|-2089,213|0|1|0|-0,3|0|11|-10|1
136,857|10,836|70,93|-2090,036|0|1|0|-0,3|0|15|-14|1
137,032|10,273|68,278|-2090,879|0|1|0|-0,3|0|18|-17|1
137,207|9,734|65,571|-2091,737|0|1|0|-0,3|1|12|-11|1
137,382|9,212|64,165|-2092,605|0|1|0|-0,3|1|7|-4|1
137,557|8,694|63,917|-2093,476|0|1|0|-0,3|1|6|2|1
137,733|8,178|64,349|-2094,348|0|1|0|-0,3|1|7|4|1
137,908|7,662|64,83|-2095,219|0|1|0|-0,3|1|6|2|1
138,083|7,146|65,27|-2096,091|0|1|0|-0,3|1|6|2|1
138,258|6,631|65,687|-2096,963|0|1|0|-0,3|1|6|3|1
138,433|6,115|66,151|-2097,836|0|1|0|-0,3|1|6|2|1
138,608|5,6|66,606|-2098,709|0|1|0|-0,3|1|6|3|1
138,783|5,108|67,092|-2099,594|0|1|0|-0,2|1|6|2|1
138,958|4,769|67,538|-2100,546|0|1|0|-0,1|1|7|3|1
139,133|4,671|67,998|-2101,553|0|1|0|0|1|6|2|1
139,308|4,73|68,454|-2102,564|0|1|0|0,1|1|7|3|1
139,483|4,857|68,9|-2103,569|0|1|0|0,1|1|6|3|1
139,658|5,006|69,39|-2104,571|0|1|0|0,1|1|7|3|1
139,833|5,163|69,865|-2105,572|0|1|0|0,1|1|6|2|1
140,008|5,321|70,306|-2106,573|0|1|0|0,1|1|7|3|1
140,183|5,479|70,783|-2107,574|0|1|0|0,1|1|6|2|1
140,358|5,64|71,214|-2108,575|0|1|0|0,1|1|7|4|1
140,533|5,805|71,694|-2109,574|0|1|0|0,1|1|6|2|1
140,708|5,973|72,132|-2110,574|0|1|0|0,1|1|6|2|1
140,883|6,143|72,565|-2111,572|0|1|0|0,1|1|6|2|1
141,058|6,315|72,988|-2112,571|0|1|0|0,1|1|6|3|1
141,233|6,489|73,484|-2113,569|0|1|0|0,1|1|6|2|1
141,408|6,663|73,931|-2114,568|0|1|0|0,1|1|6|3|1
141,583|6,837|74,426|-2115,566|0|1|0|0,1|1|6|2|1
141,758|7,012|74,836|-2116,565|0|1|0|0,1|1|6|3|1
141,933|7,187|75,051|-2117,563|0|1|0|0,1|0|6|-2|1
142,108|7,362|74,303|-2118,562|0|1|0|0,1|0|9|-7|1
142,283|7,537|72,711|-2119,561|0|1|0|0,1|0|13|-12|1
142,458|7,712|70,415|-2120,559|0|1|0|0,1|0|16|-15|1
142,633|7,887|67,53|-2121,558|0|1|0|0,1|0|19|-18|1
142,808|8,062|64,43|-2122,556|0|1|0|0,1|0|6|0|1
142,983|8,243|64,43|-2123,585|0|1|0|0,1|0|6|0|1
143,158|8,424|64,43|-2124,619|0|1|0|0,1|0|6|0|1
143,333|8,606|64,43|-2125,653|0|1|0|0,1|0|6|0|1
143,508|8,787|64,43|-2126,687|0|1|0|0,1|0|6|0|1
143,683|8,968|64,43|-2127,72|0|1|0|0,1|0|6|0|1
143,858|9,15|64,43|-2128,754|0|1|0|0,1|0|6|0|1
144,033|9,331|64,43|-2129,788|0|1|0|0,1|0|6|0|1
144,208|9,513|64,43|-2130,822|0|1|0|0,1|0|6|0|1
144,383|9,694|64,43|-2131,856|0|1|0|0,1|0|6|0|1
144,558|9,93|64,43|-2132,878|0|1|0|0,1|0|6|0|1
144,733|10,413|64,43|-2133,803|0|1|0|0,3|0|6|0|1
144,908|11,161|64,43|-2134,529|0|0,9|0|0,4|0|5|0|1
145,083|12,138|64,43|-2134,369|0|0,7|0|0,8|0|6|0|1
145,258|13,101|64,43|-2133,957|0|0,6|0|0,8|0|6|0|1
145,433|14,055|64,43|-2133,518|0|0,5|0|0,8|0|6|0|1
145,608|15,023|64,43|-2133,444|0|0,7|0|0,7|0|6|0|1
145,783|16,003|64,43|-2133,704|0|0,7|0|0,7|0|6|0|1
145,958|16,855|64,43|-2133,158|0|0,5|0|0,9|0|6|0|1
146,133|17,34|64,43|-2132,244|0|0,2|0|1|0|6|0|1
146,308|17,326|64,43|-2131,27|0|-0,1|0|1|0|6|0|1
146,483|16,933|64,43|-2130,325|0|-0,1|0|1|0|6|0|1
146,658|17,502|64,43|-2129,593|0|0,4|0|0,9|0|6|0|1
146,833|18,374|64,43|-2129,764|0|0,7|0|0,7|0|1|0|1
147,008|18,439|64,43|-2129,791|0|0,7|0|0,7|0|0|0|1
147,183|18,439|64,43|-2129,792|0|0,7|0|0,7|0|3|0|1
147,359|17,733|64,43|-2129,255|0|-0,2|0|1|0|6|0|1
147,534|16,899|64,43|-2128,621|0|-0,4|0|0,9|0|6|0|1
147,709|16,063|64,43|-2127,985|0|-0,4|0|0,9|0|6|0|1
147,884|15,231|64,43|-2127,344|0|-0,4|0|0,9|0|6|0|1
148,059|14,408|64,43|-2126,692|0|-0,4|0|0,9|0|6|0|1
148,234|13,591|64,43|-2126,033|0|-0,4|0|0,9|0|6|0|1
148,409|12,777|64,43|-2125,37|0|-0,4|0|0,9|0|6|0|1
148,584|11,963|64,43|-2124,706|0|-0,4|0|0,9|0|6|0|1
148,759|11,143|64,43|-2124,051|0|-0,4|0|0,9|0|6|0|1
148,934|10,302|64,43|-2123,422|0|-0,4|0|0,9|0|6|0|1
149,109|9,684|64,43|-2123,339|0|-0,8|0|0,6|0|5|0|1
149,284|9,211|64,43|-2124,238|0|1|0|-0,3|0|6|0|1
149,459|8,836|64,43|-2125,218|0|1|0|-0,2|0|6|0|1
149,634|8,512|64,43|-2126,216|0|1|0|-0,2|0|6|0|1
149,809|8,241|64,43|-2127,23|0|1|0|-0,1|0|6|0|1
149,984|8,035|64,43|-2128,26|0|1|0|-0,1|0|6|0|1
150,159|7,881|64,43|-2129,298|0|1|0|-0,1|0|6|0|1
150,334|7,773|64,43|-2130,343|0|1|0|0|0|6|0|1
150,509|7,721|64,43|-2131,391|0|1|0|0|0|6|0|1
150,684|7,72|64,43|-2132,441|0|1|0|0|0|6|0|1
150,859|7,737|64,43|-2133,491|0|1|0|0|0|6|0|1
151,034|7,767|64,43|-2134,541|0|1|0|0|0|6|0|1