0|2,618|-13,642|91,78|0|1|0|0|0|1|-1|1
0,175|2,618|-14,234|91,78|0|1|0|0|0|7|-7|1
0,35|2,618|-14,635|91,78|0|1|0|0|0|0|0|1
0,525|2,618|-14,635|91,78|0|1|0|0|0|0|0|1
0,7|2,618|-14,635|91,78|0|1|0|0|0|0|0|1
0,875|2,618|-14,635|91,78|0|1|0|0|0|0|0|1
1,05|2,618|-14,635|91,78|0|1|0|0|0|0|0|1
1,225|2,618|-14,635|91,78|0|1|0|0|0|0|0|1
1,4|2,618|-14,635|91,78|0|1|0|0|0|0|0|1
1,575|2,618|-14,635|91,78|0|1|0|0|0|0|0|1
1,75|2,618|-14,635|91,78|0|1|0|0|0|0|0|1
1,925|2,618|-14,635|91,78|0|1|0|0|0|0|0|1
2,1|2,618|-14,635|91,78|0|1|0|0|0|0|0|1
2,275|2,618|-14,635|91,78|0|1|0|0|0|0|0|1
2,45|2,618|-14,635|91,78|0|1|0|0|0|0|0|1
2,625|2,621|-14,635|91,493|0|1|0|0|0|5|0|1
2,8|2,628|-14,635|90,475|0|1|0|0|0|6|0|1
2,975|2,631|-14,635|89,426|0|1|0|0|0|6|0|1
3,15|2,635|-14,635|88,376|0|1|0|0|0|6|0|1
3,325|2,639|-14,635|87,326|0|1|0|0|0|6|0|1
3,5|2,563|-14,635|86,309|0|1|0|-0,1|0|6|0|1
3,675|1,878|-14,635|85,54|0|0,9|0|-0,3|0|6|0|1
3,85|1,142|-14,635|84,792|0|0,9|0|-0,4|0|6|0|1
4,025|0,405|-14,635|84,044|0|0,9|0|-0,4|0|6|0|1
4,2|-0,331|-14,635|83,295|0|0,9|0|-0,4|0|6|0|1
4,375|-0,585|-14,635|82,351|0|1|0|-0,1|0|12|10|1
4,55|-0,587|-13,381|81,332|0|1|0|0|0|6|3|1
4,725|-0,583|-12,868|80,319|0|1|0|0|1|6|2|1
4,9|-0,576|-12,431|79,305|0|1|0|0|1|6|2|1
5,075|-0,182|-12,002|78,383|0|0,9|0|0,3|1|6|3|1
5,25|0,461|-11,535|77,601|0|0,9|0|0,4|1|6|2|1
5,425|1,223|-11,114|76,947|0|0,8|0|0,6|1|6|3|1
5,6|2,206|-10,601|76,716|0|0,7|0|0,7|1|6|2|1
5,775|3,217|-10,164|76,659|0|0,7|0|0,7|1|6|2|1
5,95|4,23|-9,723|76,649|0|0,7|0|0,7|1|6|3|1
6,125|5,243|-9,202|76,652|0|0,7|0|0,7|1|6|2|1
6,3|5,842|-8,769|76,655|0|1|0|-0,2|1|4|4|1
6,475|5,103|-8,27|76,648|0|-0,8|0|0,6|1|6|2|1
6,65|4,103|-7,818|76,546|0|-0,8|0|0,5|1|6|2|1
6,825|3,239|-7,383|76,022|0|0,9|0|-0,4|1|6|2|1
7|2,464|-6,963|75,37|0|0,9|0|-0,4|1|7|3|1
7,175|2,04|-6,507|74,461|0|1|0|-0,1|1|7|4|1
7,35|1,89|-6,008|73,46|0|1|0|0|1|6|2|1
7,525|1,817|-5,562|72,449|0|1|0|0|1|6|2|1
7,7|1,763|-5,139|71,438|0|1|0|0|1|7|3|1
7,875|1,711|-4,677|70,426|0|1|0|0|1|6|2|1
8,05|1,658|-4,239|69,414|0|1|0|0|1|6|2|1
8,225|1,601|-3,798|68,402|0|1|0|0|0|6|1|1
8,4|1,545|-4,058|67,39|0|1|0|0|0|8|-5|1
8,575|1,492|-5,24|66,379|0|1|0|0|0|11|-10|1
8,75|1,448|-6,977|65,366|0|1|0|0|0|6|0|1
8,925|1,44|-6,976|64,322|0|1|0|0|0|6|0|1
9,1|1,489|-6,976|63,274|0|1|0|0|0|6|0|1
9,275|1,592|-6,976|62,229|0|1|0|0,1|0|6|0|1
9,45|1,738|-6,976|61,189|0|1|0|0,1|0|6|0|1
9,625|1,899|-6,976|60,152|0|1|0|0,1|0|6|0|1
9,8|2,061|-6,976|59,114|0|1|0|0,1|0|6|0|1
9,975|2,224|-6,976|58,077|0|1|0|0,1|0|6|0|1
10,15|2,378|-6,976|57,038|0|1|0|0,1|0|6|0|1
10,325|2,514|-6,975|55,997|0|1|0|0,1|0|6|0|1
10,5|2,63|-6,975|54,954|0|1|0|0,1|0|6|0|1
10,675|2,733|-6,975|53,909|0|1|0|0|0|6|0|1
10,85|2,826|-6,975|52,863|0|1|0|0|0|6|0|1
11,025|2,909|-6,975|51,816|0|1|0|0|0|6|0|1
11,2|2,976|-6,975|50,768|0|1|0|0|0|6|0|1
11,375|3,024|-6,975|49,719|0|1|0|0|0|6|0|1
11,55|3,055|-6,975|48,67|0|1|0|0|0|6|0|1
11,725|3,065|-6,975|47,62|0|1|0|0|0|6|0|1
11,9|3,055|-6,975|46,57|0|1|0|0|0|6|0|1
12,075|3,023|-6,625|45,52|0|1|0|0|0|10|8|1
12,25|2,984|-5,621|44,508|0|1|0|0|1|6|3|1
12,425|2,94|-5,139|43,496|0|1|0|0|1|7|3|1
12,6|2,89|-4,714|42,484|0|1|0|0|0|6|0|1
12,775|2,837|-5,051|41,472|0|1|0|0|0|8|-5|1
12,95|2,783|-5,513|40,46|0|1|0|0|1|6|1|1
13,125|2,729|-5,132|39,448|0|1|0|0|1|6|2|1
13,3|2,674|-4,676|38,436|0|1|0|0|1|6|3|1
13,475|2,619|-4,216|37,425|0|1|0|0|0|6|2|1
13,65|2,565|-4,342|36,413|0|1|0|0|0|7|-4|1
13,825|2,51|-5,171|35,401|0|1|0|0|1|6|-2|1
14|2,455|-5,15|34,389|0|1|0|0|1|7|3|1
14,175|2,4|-4,679|33,378|0|1|0|0|1|6|2|1
14,35|2,345|-4,248|32,366|0|1|0|0|1|6|3|1
14,525|2,291|-3,808|31,354|0|1|0|0|1|6|3|1
14,7|2,236|-3,332|30,342|0|1|0|0|1|7|3|1
14,875|2,181|-2,896|29,33|0|1|0|0|1|6|3|1
15,05|2,126|-2,426|28,319|0|1|0|0|0|6|2|1
15,225|2,071|-2,543|27,307|0|1|0|0|0|7|-4|1
15,4|2,017|-3,605|26,295|0|1|0|0|0|11|-9|1
15,575|1,965|-5,458|25,283|0|1|0|0|0|14|-13|1
15,75|1,92|-6,978|24,267|0|1|0|0|0|6|0|1
15,925|1,889|-6,978|23,22|0|1|0|0|0|6|0|1
16,1|1,885|-6,978|22,17|0|1|0|0|0|6|0|1
16,275|1,914|-6,978|21,12|0|1|0|0|0|6|0|1
16,45|1,955|-6,978|20,071|0|1|0|0|0|6|0|1
16,625|1,997|-6,978|19,022|0|1|0|0|0|6|0|1
16,8|2,038|-6,978|17,973|0|1|0|0|0|6|0|1
16,975|2,058|-6,978|16,923|0|1|0|0|0|6|0|1
17,15|2,05|-6,978|15,873|0|1|0|0|0|6|0|1
17,325|1,927|-6,978|14,863|0|1|0|-0,1|0|6|0|1
17,5|1,182|-6,978|14,153|0|0,9|0|-0,4|0|6|0|1
17,675|0,371|-6,978|13,487|0|0,9|0|-0,4|0|6|0|1
17,85|-0,445|-6,978|12,827|0|0,9|0|-0,4|0|6|0|1
18,025|-1,262|-6,978|12,167|0|0,9|0|-0,4|0|6|0|1
18,2|-1,886|-6,978|11,402|0|1|0|-0,2|0|6|0|1
18,375|-2,017|-6,978|10,369|0|1|0|-0,1|0|6|0|1
18,55|-2,127|-6,978|9,325|0|1|0|-0,1|0|6|0|1
18,725|-2,223|-6,978|8,28|0|1|0|0|0|6|0|1
18,9|-2,315|-6,628|7,234|0|1|0|0|0|10|8|1
19,075|-2,401|-5,623|6,224|0|1|0|0|1|6|3|1
19,25|-2,484|-5,141|5,214|0|1|0|0|1|7|3|1
19,425|-2,566|-4,695|4,204|0|1|0|0|1|7|3|1
19,6|-2,646|-4,247|3,194|0|1|0|0|1|7|3|1
19,775|-2,726|-4,158|2,184|0|1|0|0|0|7|-3|1
19,95|-2,799|-5,048|1,174|0|1|0|0|1|8|-6|1
20,125|-2,851|-5,595|0,162|0|1|0|0|1|6|1|1
20,3|-2,883|-5,236|-0,851|0|1|0|0|1|7|3|1
20,475|-2,907|-4,785|-1,864|0|1|0|0|1|7|3|1
20,65|-2,925|-4,311|-2,877|0|1|0|0|1|6|2|1
20,825|-2,92|-3,887|-3,89|0|1|0|0|1|6|3|1
21|-2,851|-3,412|-4,901|0|1|0|0,1|1|6|2|1
21,175|-2,661|-2,948|-5,895|0|1|0|0,1|1|6|2|1
21,35|-2,337|-3,004|-6,855|0|1|0|0,2|0|7|-4|1
21,525|-1,881|-4,016|-7,758|0|0,9|0|0,4|0|10|-9|1
21,7|-1,263|-5,827|-8,559|0|0,9|0|0,5|0|14|-13|1
21,875|-0,43|-6,981|-9,098|0|0,8|0|0,6|0|6|0|1
22,05|0,609|-6,981|-9,143|0|0,7|0|0,7|0|6|0|1
22,225|1,639|-6,981|-8,961|0|0,6|0|0,8|0|6|0|1
22,4|2,608|-6,981|-8,565|0|0,5|0|0,8|0|6|0|1
22,575|3,222|-6,981|-7,844|0|0,2|0|1|0|6|0|1
22,75|3,047|-6,327|-6,837|0|-0,1|0|1|0|9|7|1
22,925|2,743|-5,536|-5,87|0|-0,2|0|1|1|7|4|1
23,1|2,358|-5,037|-4,933|0|-0,2|0|1|1|6|2|1
23,275|1,943|-4,582|-4,009|0|-0,2|0|1|1|6|2|1
23,45|1,8|-4,144|-3,022|0|0,1|0|1|1|6|2|1
23,625|2,023|-3,723|-2,035|0|0,2|0|1|1|7|3|1
23,8|2,348|-3,269|-1,075|0|0,2|0|1|1|7|4|1
23,975|2,705|-2,77|-0,127|0|0,2|0|1|1|6|2|1
24,15|3,095|-2,31|0,808|0|0,2|0|1|0|6|2|1
24,325|3,564|-2,371|1,705|0|0,3|0|0,9|0|7|-4|1
24,5|4,208|-3,386|2,484|0|0,5|0|0,8|0|10|-9|1
24,675|5,059|-5,2|3,025|0|0,7|0|0,7|0|14|-13|1
24,85|6,036|-6,981|3,214|0|0,8|0|0,6|0|6|0|1
25,025|6,986|-6,981|2,805|0|0,8|0|0,5|0|6|0|1
25,2|7,915|-6,981|2,418|0|0,8|0|0,6|0|6|0|1
25,375|8,942|-6,981|2,261|0|0,8|0|0,6|0|6|0|1
25,55|9,646|-6,981|1,75|0|0,9|0|0,5|0|4|0|1
25,725|9,568|-6,981|0,9|0|1|0|0,1|0|12|10|1
25,9|9,233|-5,726|-0,059|0|1|0|-0,2|0|6|3|1
26,075|8,843|-5,213|-0,994|0|1|0|-0,2|1|6|2|1
26,25|8,417|-4,777|-1,913|0|1|0|-0,2|1|6|2|1
26,425|7,983|-4,348|-2,829|0|1|0|-0,2|1|6|3|1
26,6|7,546|-3,881|-3,743|0|1|0|-0,2|1|6|2|1
26,775|7,112|-3,459|-4,659|0|1|0|-0,2|1|6|3|1
26,95|6,74|-2,946|-5,601|0|1|0|-0,1|1|6|2|1
27,125|6,514|-2,558|-6,587|0|1|0|-0,1|0|6|0|1
27,3|6,369|-2,91|-7,59|0|1|0|0|0|8|-5|1
27,475|6,261|-4,169|-8,598|0|1|0|0|0|11|-10|1
27,65|6,173|-6,187|-9,607|0|1|0|0|0|15|-14|1
27,825|6,099|-6,981|-10,634|0|1|0|0|0|6|0|1
28|5,976|-6,981|-11,676|0|1|0|-0,1|0|6|0|1
28,175|5,695|-6,981|-12,685|0|1|0|-0,1|0|6|0|1
28,35|5,265|-6,981|-13,642|0|1|0|-0,2|0|6|0|1
28,525|4,796|-6,981|-14,581|0|1|0|-0,2|0|6|0|1
28,7|4,324|-6,981|-15,519|0|1|0|-0,2|0|6|0|1
28,875|3,852|-6,981|-16,457|0|1|0|-0,2|0|6|0|1
29,05|3,381|-6,981|-17,396|0|1|0|-0,2|0|6|0|1
29,225|2,944|-6,981|-18,35|0|1|0|-0,2|0|6|0|1
29,4|2,69|-6,981|-19,365|0|1|0|-0,1|0|6|0|1
29,575|2,604|-6,981|-20,411|0|1|0|0|0|6|0|1
29,75|2,55|-6,981|-21,459|0|1|0|0|0|6|0|1
29,925|2,501|-6,981|-22,508|0|1|0|0|0|6|0|1
30,1|2,454|-6,981|-23,557|0|1|0|0|0|6|0|1
30,275|2,406|-6,981|-24,606|0|1|0|0|0|6|0|1
30,45|2,356|-6,981|-25,655|0|1|0|0|0|6|0|1
30,625|2,305|-6,981|-26,703|0|1|0|0|0|6|0|1
30,8|2,255|-6,075|-27,738|0|1|0|0|0|8|6|1
30,975|2,205|-5,409|-28,75|0|1|0|0|1|6|2|1
31,15|2,156|-4,976|-29,762|0|1|0|0|1|6|3|1
31,325|2,106|-4,513|-30,774|0|1|0|0|1|7|3|1
31,5|2,057|-4,084|-31,786|0|1|0|0|1|6|3|1
31,675|2,007|-3,618|-32,798|0|1|0|0|1|6|2|1
31,85|1,96|-3,142|-33,768|0|1|0|0|1|6|2|1
32,025|1,92|-2,709|-34,587|0|1|0|0|1|5|3|1
32,2|1,886|-2,239|-35,271|0|1|0|0|1|5|3|1
32,375|1,858|-1,747|-35,844|0|1|0|0|1|4|2|1
32,55|1,835|-1,304|-36,324|0|1|0|0|1|4|3|1
32,725|1,815|-0,792|-36,725|0|1|0|0|1|3|2|1
32,9|1,799|-0,355|-37,061|0|1|0|0|1|3|2|1
33,075|2,131|0,068|-37,359|0|0,9|0|0,5|1|6|3|1
33,25|3,117|0,535|-37,584|0|0,8|0|0,6|1|6|2|1
33,425|3,699|0,958|-38,379|0|1|0|0,1|1|6|3|1
33,6|3,839|1,47|-39,38|0|1|0|0|1|6|2|1
33,775|3,84|1,907|-40,393|0|1|0|0|1|6|2|1
33,95|3,803|2,336|-41,406|0|1|0|0|1|7|3|1
34,125|3,751|2,786|-42,418|0|1|0|0|1|6|2|1
34,3|3,695|3,209|-43,429|0|1|0|0|1|6|3|1
34,475|3,637|3,663|-44,441|0|1|0|0|1|7|3|1
34,65|3,614|4,065|-44,845|0|1|0|0|0|2|2|1
34,825|3,614|4,415|-44,845|0|1|0|0|0|2|2|1
35|3,614|4,765|-44,845|0|1|0|0|0|2|2|1
35,175|3,614|5,115|-44,845|0|1|0|0|0|2|2|1
35,35|3,614|5,465|-44,845|0|1|0|0|0|2|2|1
35,525|3,614|5,815|-44,845|0|1|0|0|0|2|2|1
35,7|3,614|6,165|-44,845|0|1|0|0|0|2|2|1
35,875|3,614|6,515|-44,845|0|1|0|0|0|2|2|1
36,05|3,614|6,865|-44,845|0|1|0|0|0|2|2|1
36,225|3,614|7,215|-44,845|0|1|0|0|0|2|2|1
36,4|3,614|7,565|-44,845|0|1|0|0|0|2|2|1
36,575|3,614|7,915|-44,845|0|1|0|0|0|2|2|1
36,75|3,614|8,265|-44,845|0|1|0|0|0|2|2|1
36,925|3,612|8,571|-44,869|0|1|0|0|0|1|0|1
37,1|3,571|8,327|-45,348|0|1|0|0|0|5|0|1
37,275|3,476|8,327|-46,359|0|1|0|0|0|6|0|1
37,45|3,37|8,327|-47,403|0|1|0|-0,1|0|6|0|1
37,625|3,257|8,327|-48,447|0|1|0|-0,1|0|6|0|1
37,8|3,15|9,233|-49,477|0|1|0|0|0|8|6|1
37,975|3,052|9,898|-50,486|0|1|0|0|1|6|2|1
38,15|2,964|10,331|-51,495|0|1|0|0|0|6|0|1
38,325|2,881|10,01|-52,505|0|1|0|0|0|8|-5|1
38,5|2,799|8,777|-53,515|0|1|0|0|0|11|-10|1
38,675|2,717|6,781|-54,525|0|1|0|0|0|15|-14|1
38,85|2,636|4,622|-55,535|0|1|0|0|1|10|-8|1
39,025|2,556|3,675|-56,545|0|1|0|0|1|6|-2|1
39,2|2,475|3,812|-57,555|0|1|0|0|1|6|2|1
39,375|2,395|4,249|-58,565|0|1|0|0|1|6|2|1
39,55|2,315|4,472|-59,575|0|1|0|0|0|6|-2|1
39,725|2,236|3,764|-60,585|0|1|0|0|0|9|-7|1
39,9|2,162|2,208|-61,596|0|1|0|0|0|13|-11|1
40,075|2,1|-0,059|-62,607|0|1|0|0|0|16|-15|1
40,25|2,054|-2,92|-63,619|0|1|0|0|0|19|-18|1
40,425|2,028|-6,279|-64,632|0|1|0|0|0|6|0|1
40,6|2,046|-6,981|-65,669|0|1|0|0|0|6|0|1
40,775|2,085|-6,981|-66,718|0|1|0|0|0|6|0|1
40,95|2,116|-6,981|-67,767|0|1|0|0|0|6|0|1
41,125|2,134|-6,981|-68,817|0|1|0|0|0|6|0|1
41,3|2,13|-6,981|-69,867|0|1|0|0|0|6|0|1
41,475|2,121|-6,981|-70,917|0|1|0|0|0|6|0|1
41,65|2,11|-6,981|-71,967|0|1|0|0|0|6|0|1
41,825|2,099|-6,981|-73,017|0|1|0|0|0|6|0|1
42|2,088|-6,981|-74,067|0|1|0|0|0|6|0|1
42,175|2,077|-6,981|-75,117|0|1|0|0|0|6|0|1
42,35|2,067|-6,981|-76,167|0|1|0|0|0|6|0|1
42,525|2,06|-6,981|-77,217|0|1|0|0|0|6|0|1
42,7|2,055|-6,981|-78,267|0|1|0|0|0|6|0|1
42,875|2,052|-6,981|-79,317|0|1|0|0|0|6|0|1
43,05|2,048|-6,981|-80,367|0|1|0|0|0|12|10|1
43,225|2,044|-5,723|-81,387|0|1|0|0|0|6|3|1
43,4|2,041|-5,211|-82,401|0|1|0|0|1|6|2|1
43,575|2,037|-4,774|-83,414|0|1|0|0|1|6|2|1
43,75|2,034|-4,345|-84,427|0|1|0|0|1|6|3|1
43,925|2,03|-3,878|-85,44|0|1|0|0|1|6|2|1
44,1|2,027|-3,457|-86,454|0|1|0|0|1|6|3|1
44,275|2,024|-2,944|-87,467|0|1|0|0|1|6|2|1
44,45|2,024|-2,71|-88,48|0|1|0|0|0|6|-2|1
44,625|2,126|-3,409|-89,484|0|1|0|0,3|0|9|-7|1
44,8|2,517|-4,958|-90,417|0|0,9|0|0,4|0|13|-11|1
44,975|3,076|-6,979|-91,261|0|0,9|0|0,4|0|6|0|1
45,15|3,827|-6,978|-91,982|0|0,9|0|0,4|0|6|0|1
45,325|4,6|-6,324|-92,682|0|0,9|0|0,4|0|9|7|1
45,5|5,351|-5,533|-93,362|0|0,9|0|0,4|1|7|4|1
45,675|6,102|-5,034|-94,042|0|0,9|0|0,4|1|6|2|1
45,85|6,853|-4,58|-94,722|0|0,9|0|0,4|1|6|2|1
46,025|7,279|-4,141|-95,63|0|1|0|0,1|1|6|2|1
46,2|7,435|-3,799|-96,631|0|1|0|0|0|6|-1|1
46,375|7,504|-4,31|-97,642|0|1|0|0|0|8|-6|1
46,55|7,437|-4,919|-98,651|0|1|0|-0,1|1|6|0|1
46,725|7,228|-4,581|-99,642|0|1|0|-0,1|1|7|3|1
46,9|6,947|-4,123|-100,616|0|1|0|-0,2|1|6|2|1
47,075|6,567|-3,66|-101,551|0|1|0|-0,3|1|6|2|1
47,25|5,762|-3,22|-102,141|0|-0,8|0|0,6|1|6|2|1
47,425|4,754|-3,025|-102,134|0|-0,6|0|0,8|0|6|-2|1
47,6|3,782|-3,756|-101,937|0|-0,5|0|0,8|0|9|-7|1
47,775|2,953|-5,332|-101,753|0|-0,5|0|0,8|0|12|-12|1
47,95|2,269|-6,978|-101,753|0|-0,8|0|0,6|0|5|0|1
48,125|2,005|-6,978|-102,663|0|1|0|-0,1|0|6|0|1
48,3|2,534|-6,072|-103,524|0|1|0|0,2|0|8|6|1
48,475|3,131|-5,407|-104,343|0|0,9|0|0,3|1|6|2|1
48,65|3,501|-4,974|-105,27|0|1|0|0|1|6|3|1
48,825|3,527|-4,511|-106,282|0|1|0|0|1|7|3|1
49|3,455|-4,082|-107,292|0|1|0|-0,1|1|6|3|1
49,175|3,357|-3,616|-108,301|0|1|0|-0,1|1|6|2|1
49,35|3,251|-3,14|-109,308|0|1|0|-0,1|1|6|2|1
49,525|3,131|-2,706|-110,314|0|1|0|-0,1|1|6|3|1
49,7|2,986|-2,236|-111,317|0|1|0|-0,1|1|7|3|1
49,875|2,829|-1,745|-112,318|0|1|0|-0,1|1|6|2|1
50,05|2,669|-1,301|-113,319|0|1|0|-0,1|1|6|3|1
50,225|2,509|-0,789|-114,319|0|1|0|-0,1|1|6|2|1
50,4|2,359|-0,352|-115,321|0|1|0|-0,1|1|6|2|1
50,575|2,23|-0,393|-116,326|0|1|0|-0,1|0|7|-4|1
50,75|2,118|-1,391|-117,333|0|1|0|0|0|10|-9|1
50,925|2,031|-3,191|-118,343|0|1|0|0|0|14|-13|1
51,1|1,979|-5,662|-119,355|0|1|0|0|0|17|-16|1
51,275|1,988|-6,981|-120,377|0|1|0|0|0|6|0|1
51,45|2,08|-6,981|-121,422|0|1|0|0|0|6|0|1
51,625|2,187|-6,981|-122,466|0|1|0|0|0|6|0|1
51,8|2,294|-6,981|-123,511|0|1|0|0,1|0|6|0|1
51,975|2,401|-6,981|-124,555|0|1|0|0,1|0|6|0|1
52,15|2,508|-6,981|-125,6|0|1|0|0,1|0|6|0|1
52,325|2,615|-6,981|-126,644|0|1|0|0,1|0|6|0|1
52,5|2,712|-6,981|-127,69|0|1|0|0|0|6|0|1
52,675|2,768|-6,981|-128,738|0|1|0|0|0|6|0|1
52,85|2,766|-6,981|-129,788|0|1|0|0|0|6|0|1
53,025|2,74|-5,873|-130,816|0|1|0|0|0|7|4|1
53,2|2,711|-5,33|-131,828|0|1|0|0|1|7|3|1
53,375|2,681|-4,878|-132,841|0|1|0|0|1|6|3|1
53,55|2,65|-4,407|-133,854|0|1|0|0|1|6|2|1
53,725|2,619|-3,987|-134,867|0|1|0|0|1|7|3|1
53,9|2,588|-3,558|-135,88|0|1|0|0|1|6|3|1
54,075|2,558|-3,063|-136,892|0|1|0|0|1|7|3|1
54,25|2,527|-2,611|-137,905|0|1|0|0|1|6|3|1
54,425|2,496|-2,13|-138,918|0|1|0|0|1|6|2|1
54,6|2,465|-1,666|-139,931|0|1|0|0|1|7|3|1
54,775|2,434|-1,204|-140,944|0|1|0|0|1|6|3|1
54,95|2,403|-0,722|-141,956|0|1|0|0|1|7|3|1
55,125|2,372|-0,278|-142,969|0|1|0|0|1|7|3|1
55,3|2,341|0,166|-143,982|0|1|0|0|1|7|3|1
55,475|2,31|0,491|-144,995|0|1|0|0|0|6|-1|1
55,65|2,279|-0,059|-146,008|0|1|0|0|0|9|-6|1
55,825|2,248|-1,483|-147,02|0|1|0|0|0|12|-11|1
56|2,217|-3,64|-148,033|0|1|0|0|0|16|-15|1
56,175|2,186|-6,409|-149,046|0|1|0|0|0|6|0|1
56,35|2,157|-6,983|-150,083|0|1|0|0|0|6|0|1
56,525|2,14|-6,633|-151,132|0|1|0|0|0|10|8|1
56,7|2,126|-5,628|-152,146|0|1|0|0|1|6|3|1
56,875|2,113|-5,146|-153,159|0|1|0|0|1|7|3|1
57,05|2,1|-4,7|-154,103|0|1|0|0|1|6|3|1
57,225|2,09|-4,252|-154,894|0|1|0|0|1|5|3|1
57,4|2,081|-3,823|-155,556|0|1|0|0|1|4|3|1
57,575|2,078|-3,361|-155,763|0|-0,5|0|0,9|1|4|3|1
57,75|2,09|-2,879|-154,85|0|-0,1|0|1|1|7|3|1
57,925|2,103|-2,43|-153,844|0|0|0|1|1|6|3|1
58,1|2,115|-1,971|-152,964|0|0|0|1|1|5|3|1
58,275|2,124|-1,477|-152,287|0|-0,5|0|0,9|1|3|3|1
58,45|2,117|-0,989|-152,776|0|1|0|-0,2|1|6|2|1
58,625|2,104|-0,557|-153,789|0|1|0|0|1|6|3|1
58,8|2,091|-0,098|-154,802|0|1|0|0|1|7|3|1
58,975|2,078|0,33|-155,815|0|1|0|0|1|6|3|1
59,15|2,064|0,797|-156,828|0|1|0|0|1|6|2|1
59,325|2,051|1,273|-157,842|0|1|0|0|1|6|2|1
59,5|2,038|1,705|-158,855|0|1|0|0|1|6|3|1
59,675|2,025|2,155|-159,868|0|1|0|0|1|6|3|1
59,85|2,011|2,618|-160,881|0|1|0|0|1|6|2|1
60,025|1,993|3,043|-161,894|0|1|0|0|1|7|3|1
60,2|1,969|3,477|-162,907|0|1|0|0|1|6|3|1
60,375|1,939|3,963|-163,92|0|1|0|0|1|6|2|1
60,55|1,906|4,41|-164,933|0|1|0|0|1|7|3|1
60,725|1,869|4,867|-165,945|0|1|0|0|1|6|2|1
60,9|1,829|5,286|-166,958|0|1|0|0|1|7|3|1
61,075|1,787|5,769|-167,97|0|1|0|0|1|6|2|1
61,25|1,743|6,193|-168,982|0|1|0|0|1|6|3|1
61,425|1,699|6,717|-169,995|0|1|0|0|1|6|2|1
61,6|1,655|7,149|-171,007|0|1|0|0|0|6|1|1
61,775|1,611|6,947|-172,019|0|1|0|0|0|7|-4|1
61,95|1,567|5,814|-173,032|0|1|0|0|0|11|-9|1
62,125|1,524|3,901|-174,044|0|1|0|0|0|14|-13|1
62,3|1,492|1,335|-175,057|0|1|0|0|0|18|-17|1
62,475|1,484|-1,776|-176,07|0|1|0|0|0|20|-19|1
62,65|1,5|-5,344|-177,083|0|1|0|0|0|23|-22|1
62,825|1,771|-6,981|-178,001|0|1|0|0,3|0|6|0|1
63|2,56|-6,981|-178,679|0|0,9|0|0,4|0|6|0|1
63,175|3,294|-6,981|-179,387|0|0,9|0|0,3|0|6|0|1
63,35|3,448|-6,981|-180,405|0|1|0|0,1|0|6|0|1
63,525|3,554|-6,981|-181,45|0|1|0|0,1|0|6|0|1
63,7|3,659|-6,981|-182,494|0|1|0|0,1|0|6|0|1
63,875|3,764|-6,981|-183,539|0|1|0|0,1|0|6|0|1
64,05|3,881|-6,981|-184,582|0|1|0|0,1|0|6|0|1
64,225|4,028|-6,981|-185,622|0|1|0|0,1|0|6|0|1
64,4|4,182|-6,981|-186,661|0|1|0|0,1|0|6|0|1
64,575|4,337|-6,981|-187,699|0|1|0|0,1|0|6|0|1
64,75|4,492|-6,981|-188,738|0|1|0|0,1|0|6|0|1
64,925|4,647|-6,981|-189,776|0|1|0|0,1|0|6|0|1
65,1|4,802|-6,631|-190,815|0|1|0|0,1|0|10|8|1
65,275|4,952|-5,626|-191,817|0|1|0|0,1|1|6|3|1
65,45|5,102|-5,144|-192,819|0|1|0|0,1|1|7|3|1
65,625|5,251|-4,698|-193,821|0|1|0|0,1|1|7|3|1
65,8|5,396|-4,25|-194,824|0|1|0|0,1|1|7|3|1
65,975|5,499|-3,821|-195,832|0|1|0|0|1|6|3|1
66,15|5,525|-3,359|-196,844|0|1|0|0|1|6|3|1
66,325|5,113|-2,877|-197,758|0|0,9|0|-0,3|1|7|3|1
66,5|4,44|-2,428|-198,514|0|0,9|0|-0,4|1|7|3|1
66,675|3,778|-2,282|-199,277|0|1|0|-0,2|0|6|-3|1
66,85|3,341|-3,126|-200,189|0|1|0|-0,1|0|10|-8|1
67,025|3,069|-4,715|-201,164|0|1|0|0|1|9|-7|1
67,2|2,94|-5,549|-202,169|0|1|0|0|1|6|-1|1
67,375|2,866|-5,317|-203,18|0|1|0|0|1|6|2|1
67,55|2,807|-4,891|-204,191|0|1|0|0|1|7|3|1
67,725|2,752|-4,421|-205,203|0|1|0|0|1|6|2|1
67,9|2,698|-3,969|-206,215|0|1|0|0|1|7|3|1
68,075|2,644|-3,509|-207,226|0|1|0|0|1|6|2|1
68,25|2,59|-3,052|-208,238|0|1|0|0|1|7|3|1
68,425|2,536|-2,61|-209,25|0|1|0|0|1|7|3|1
68,6|2,762|-2,161|-210,221|0|1|0|0,3|1|6|2|1
68,775|3,165|-1,721|-211,143|0|1|0|0,1|1|6|3|1
68,95|3,253|-1,277|-212,151|0|1|0|0|0|6|0|1
69,125|3,264|-1,696|-213,164|0|1|0|0|0|8|-6|1
69,3|3,237|-2,93|-214,177|0|1|0|0|1|8|-6|1
69,475|3,173|-3,467|-215,188|0|1|0|0|1|6|1|1
69,65|3,095|-3,123|-216,198|0|1|0|0|1|6|3|1
69,825|3,013|-2,657|-217,208|0|1|0|0|1|6|2|1
70|2,931|-2,306|-218,218|0|1|0|0|0|6|-1|1
70,175|2,848|-2,806|-219,228|0|1|0|0|0|8|-6|1
70,35|2,765|-4,189|-220,238|0|1|0|0|0|12|-11|1
70,525|2,682|-6,31|-221,248|0|1|0|0|0|15|-14|1
70,7|2,601|-6,981|-222,274|0|1|0|0|0|6|0|1
70,875|2,558|-6,981|-223,323|0|1|0|0|0|6|0|1
71,05|2,585|-6,981|-224,372|0|1|0|0|0|6|0|1
71,226|2,664|-6,981|-225,419|0|1|0|0|0|6|0|1
71,401|3,371|-6,981|-226,136|0|0,9|0|0,4|0|6|0|1
71,576|4,195|-6,981|-226,785|0|0,9|0|0,4|0|6|0|1
71,751|5,023|-6,981|-227,431|0|0,9|0|0,4|0|6|0|1
71,926|5,85|-6,981|-228,078|0|0,9|0|0,4|0|6|0|1
72,101|6,487|-6,981|-228,832|0|1|0|0,3|0|6|0|1
72,276|6,628|-6,981|-229,863|0|1|0|0,1|0|6|0|1
72,451|6,635|-6,981|-230,911|0|1|0|0|0|6|0|1
72,626|6,479|-6,981|-231,948|0|1|0|-0,1|0|6|0|1
72,801|6,248|-6,981|-232,973|0|1|0|-0,1|0|6|0|1
72,976|6,004|-6,327|-233,986|0|1|0|-0,1|0|9|7|1
73,151|5,767|-5,536|-234,971|0|1|0|-0,1|1|7|4|1
73,326|5,53|-5,037|-235,956|0|1|0|-0,1|1|6|2|1
73,501|5,292|-4,582|-236,942|0|1|0|-0,1|1|6|2|1
73,676|5,055|-4,144|-237,927|0|1|0|-0,1|1|6|2|1
73,851|4,818|-3,723|-238,912|0|1|0|-0,1|1|7|3|1
74,026|4,58|-3,269|-239,897|0|1|0|-0,1|1|7|4|1
74,201|4,343|-2,77|-240,882|0|1|0|-0,1|1|6|2|1
74,376|4,105|-2,31|-241,867|0|1|0|-0,1|1|6|2|1
74,551|3,868|-1,876|-242,852|0|1|0|-0,1|1|7|4|1
74,726|3,629|-1,366|-243,836|0|1|0|-0,1|1|6|2|1
74,901|3,385|-0,908|-244,82|0|1|0|-0,1|1|7|3|1
75,076|3,137|-0,457|-245,802|0|1|0|-0,1|1|6|3|1
75,251|2,884|0,008|-246,784|0|1|0|-0,1|1|6|2|1
75,426|2,628|0,429|-247,764|0|1|0|-0,1|1|7|3|1
75,601|2,368|0,86|-248,743|0|1|0|-0,1|1|6|3|1
75,776|2,104|1,354|-249,721|0|1|0|-0,1|1|7|3|1
75,951|1,836|1,805|-250,698|0|1|0|-0,1|0|6|2|1
76,126|1,566|1,653|-251,675|0|1|0|-0,1|0|7|-4|1
76,301|1,295|0,562|-252,651|0|1|0|-0,1|0|11|-9|1
76,476|1,024|-1,315|-253,628|0|1|0|-0,1|0|14|-13|1
76,651|0,752|-3,07|-254,608|0|1|0|-0,1|0|6|0|1
76,826|0,487|-3,07|-255,621|0|1|0|-0,1|0|6|0|1
77,001|0,349|-3,07|-256,66|0|1|0|-0,1|0|6|0|1
77,176|0,338|-3,07|-257,71|0|1|0|0|0|6|0|1
77,351|0,352|-2,72|-258,76|0|1|0|0|0|10|8|1
77,526|0,366|-1,715|-259,773|0|1|0|0|1|6|3|1
77,701|0,391|-1,233|-260,786|0|1|0|0|1|7|3|1
77,876|0,428|-0,787|-261,798|0|1|0|0|1|7|3|1
78,051|0,469|-0,339|-262,811|0|1|0|0|1|7|3|1
78,226|0,511|0,09|-263,823|0|1|0|0|1|6|3|1
78,401|0,554|0,551|-264,836|0|1|0|0|1|6|3|1
78,576|0,596|1,034|-265,848|0|1|0|0|1|7|3|1
78,751|0,639|1,482|-266,86|0|1|0|0|1|7|3|1
78,926|0,684|1,942|-267,873|0|1|0|0|1|6|3|1
79,101|0,749|2,435|-268,884|0|1|0|0|1|7|3|1
79,276|0,841|2,923|-269,893|0|1|0|0,1|1|6|2|1
79,451|0,953|3,356|-270,9|0|1|0|0,1|1|6|3|1
79,626|1,083|3,599|-271,905|0|1|0|0,1|0|6|-2|1
79,801|1,221|2,88|-272,909|0|1|0|0,1|0|9|-7|1
79,976|1,364|1,314|-273,912|0|1|0|0,1|0|13|-11|1
80,151|1,511|-0,961|-274,914|0|1|0|0,1|0|16|-15|1
80,326|1,654|-3,016|-275,88|0|1|0|0,1|0|6|0|1
80,501|1,809|-3,07|-276,905|0|1|0|0,1|0|6|0|1
80,676|1,966|-3,07|-277,943|0|1|0|0,1|0|6|0|1
80,852|2,123|-3,07|-278,981|0|1|0|0,1|0|6|0|1
81,027|2,28|-3,07|-280,019|0|1|0|0,1|0|6|0|1
81,202|2,435|-2,164|-281,043|0|1|0|0,1|0|8|6|1
81,377|2,586|-1,499|-282,045|0|1|0|0,1|1|6|2|1
81,552|2,738|-1,066|-283,047|0|1|0|0,1|1|6|3|1
81,727|2,89|-0,603|-284,049|0|1|0|0,1|1|7|3|1
81,902|3,041|-0,174|-285,05|0|1|0|0,1|1|6|3|1
82,077|3,193|0,292|-286,052|0|1|0|0,1|1|6|2|1
82,252|3,343|0,768|-287,054|0|1|0|0,1|1|6|2|1
82,427|3,48|1,203|-288,058|0|1|0|0,1|0|6|1|1
82,602|3,596|0,889|-289,065|0|1|0|0|0|8|-5|1
82,777|3,683|-0,338|-290,074|0|1|0|0|0|11|-10|1
82,952|3,736|-2,329|-291,086|0|1|0|0|0|15|-14|1
83,127|3,766|-4,96|-292,099|0|1|0|0|0|18|-17|1
83,302|3,777|-6,981|-293,116|0|1|0|0|0|6|0|1
83,477|3,738|-6,981|-294,163|0|1|0|0|0|6|0|1
83,652|3,649|-6,981|-295,209|0|1|0|0|0|6|0|1
83,827|3,504|-6,981|-296,248|0|1|0|-0,1|0|6|0|1
84,002|3,313|-6,981|-297,281|0|1|0|-0,1|0|6|0|1
84,177|3,098|-6,981|-298,309|0|1|0|-0,1|0|6|0|1
84,352|2,868|-6,981|-299,333|0|1|0|-0,1|0|6|0|1
84,527|2,629|-6,981|-300,356|0|1|0|-0,1|0|6|0|1
84,702|2,386|-6,981|-301,377|0|1|0|-0,1|0|6|0|1
84,877|2,142|-6,981|-302,398|0|1|0|-0,1|0|6|0|1
85,052|1,899|-6,981|-303,42|0|1|0|-0,1|0|6|0|1
85,227|1,656|-6,981|-304,441|0|1|0|-0,1|0|6|0|1
85,402|1,425|-6,327|-305,458|0|1|0|-0,1|0|9|7|1
85,577|1,22|-5,536|-306,45|0|1|0|-0,1|1|7|4|1
85,752|1,055|-5,037|-307,45|0|1|0|-0,1|0|6|2|1
85,927|0,922|-5,148|-308,455|0|1|0|0|0|7|-4|1
86,102|0,814|-5,997|-309,459|0|1|0|0|0|6|1|1
86,277|0,766|-5,783|-310,477|0|1|0|0|0|6|1|1
86,452|0,8|-5,568|-311,503|0|1|0|0|0|6|1|1
86,627|1,348|-4,585|-312,293|0|0,9|0|0,4|0|8|6|1
86,802|2,112|-3,92|-312,959|0|0,9|0|0,4|1|6|2|1
86,977|2,785|-3,487|-313,699|0|1|0|0,2|1|6|3|1
87,152|3,116|-3,024|-314,654|0|1|0|0,1|1|7|3|1
87,327|3,314|-2,595|-315,648|0|1|0|0,1|1|6|3|1
87,502|3,406|-2,128|-316,656|0|1|0|0|1|6|2|1
87,677|3,379|-1,653|-317,668|0|1|0|0|1|6|2|1
87,852|3,274|-1,219|-318,676|0|1|0|-0,1|1|6|3|1
88,027|3,145|-0,907|-319,681|0|1|0|-0,1|0|6|-1|1
88,202|3,012|-1,525|-320,686|0|1|0|-0,1|0|9|-7|1
88,377|2,879|-1,904|-321,685|0|1|0|-0,1|0|6|1|1
88,552|2,747|-1,384|-322,702|0|1|0|-0,1|0|10|8|1
88,727|2,622|-0,379|-323,708|0|1|0|0|1|6|3|1
88,902|2,541|0,103|-324,718|0|1|0|0|1|7|3|1
89,077|2,499|0,549|-325,73|0|1|0|0|1|7|3|1
89,252|2,471|0,997|-326,743|0|1|0|0|1|7|3|1
89,427|2,447|1,093|-327,756|0|1|0|0|0|7|-3|1
89,602|2,427|0,208|-328,769|0|1|0|0|0|10|-8|1
89,777|2,415|-0,803|-329,786|0|1|0|0|0|6|0|1
89,952|2,423|-0,803|-330,834|0|1|0|0|0|12|10|1
90,127|2,439|0,452|-331,854|0|1|0|0|0|6|3|1
90,303|2,457|0,965|-332,867|0|1|0|0|1|6|2|1
90,478|2,477|1,402|-333,88|0|1|0|0|1|6|2|1
90,653|2,498|1,83|-334,893|0|1|0|0|1|6|3|1
90,828|2,519|2,244|-335,906|0|1|0|0|0|6|0|1
91,003|2,54|1,888|-336,919|0|1|0|0|0|8|-5|1
91,178|2,561|0,626|-337,932|0|1|0|0|1|10|-8|1
91,353|2,583|-0,232|-338,945|0|1|0|0|1|6|-1|1
91,528|2,604|-0,02|-339,958|0|1|0|0|1|6|2|1
91,703|2,625|-0,083|-340,971|0|1|0|0|0|7|-4|1
91,878|2,646|-1,1|-341,985|0|1|0|0|0|10|-9|1
92,053|2,667|-2,499|-342,995|0|1|0|0|0|6|-1|1
92,228|2,689|-2,714|-344,018|0|1|0|0|0|6|-1|1
92,403|2,71|-1,649|-345,037|0|1|0|0|0|7|4|1
92,578|2,731|-1,106|-346,05|0|1|0|0|1|7|3|1
92,753|2,752|-0,655|-347,063|0|1|0|0|1|6|3|1
92,928|2,771|-0,184|-348,076|0|1|0|0|1|6|2|1
93,103|2,788|0,237|-349,089|0|1|0|0|1|7|3|1
93,278|2,803|0,328|-350,103|0|1|0|0|0|7|-3|1
93,453|2,817|-0,561|-351,116|0|1|0|0|0|10|-8|1
93,628|2,83|-2,27|-352,129|0|1|0|0|0|14|-12|1
93,803|2,843|-4,664|-353,142|0|1|0|0|0|17|-16|1
93,978|2,855|-7,156|-354,155|0|1|0|0|1|11|-10|1
94,153|2,868|-8,382|-355,169|0|1|0|0|1|6|-3|1
94,328|2,88|-8,479|-356,182|0|1|0|0|1|3|3|1
94,503|2,899|-7,953|-356,24|0|1|0|0|1|2|2|1
94,678|2,931|-7,522|-356,24|0|1|0|0|1|3|3|1
94,853|2,975|-7,031|-356,355|0|1|0|0|1|4|2|1
95,028|3,018|-6,63|-357,295|0|1|0|0|1|6|3|1
95,203|3,039|-6,181|-358,308|0|1|0|0|1|7|3|1
95,378|3,054|-5,694|-359,322|0|1|0|0|1|6|2|1
95,553|3,067|-5,265|-360,335|0|1|0|0|1|6|3|1
95,728|3,08|-5,21|-361,348|0|1|0|0|0|7|-3|1
95,903|3,092|-6,129|-362,361|0|1|0|0|0|10|-8|1
96,078|3,105|-6,981|-363,384|0|1|0|0|0|6|0|1
96,253|3,119|-6,981|-364,433|0|1|0|0|0|6|0|1
96,428|3,132|-6,981|-365,483|0|1|0|0|0|6|0|1
96,603|3,146|-6,981|-366,533|0|1|0|0|0|6|0|1
96,778|3,16|-6,981|-367,583|0|1|0|0|0|6|0|1
96,953|3,174|-6,981|-368,633|0|1|0|0|0|6|0|1
97,128|3,187|-6,981|-369,683|0|1|0|0|0|6|0|1
97,303|3,198|-6,981|-370,733|0|1|0|0|0|6|0|1
97,478|3,199|-6,981|-371,102|0|1|0|0|0|0|0|1
97,653|3,199|-6,981|-371,108|0|1|0|0|0|0|0|1
97,828|3,199|-6,981|-371,108|0|1|0|0|0|0|0|1
98,003|3,199|-6,981|-371,108|0|1|0|0|0|0|0|1
98,178|3,199|-6,981|-371,108|0|1|0|0|0|0|0|1
98,353|3,623|-6,981|-370,887|0|0,8|0|0,6|0|6|0|1
98,528|4,148|-6,981|-370,076|0|0,3|0|1|0|6|0|1
98,703|4,476|-6,981|-369,081|0|0,2|0|1|0|6|0|1
98,878|4,802|-6,981|-368,083|0|0,2|0|1|0|6|0|1
99,053|5,129|-6,981|-367,085|0|0,2|0|1|0|6|0|1
99,228|5,455|-6,981|-366,087|0|0,2|0|1|0|6|0|1
99,403|6,192|-6,981|-365,584|0|0,4|0|0,9|0|1|0|1
99,578|6,254|-6,981|-365,55|0|0,4|0|0,9|0|0|0|1
99,753|6,255|-6,981|-365,55|0|0,4|0|0,9|0|0|0|1
99,929|6,255|-6,981|-365,55|0|0,4|0|0,9|0|0|0|1
100,104|6,255|-6,981|-365,55|0|0,4|0|0,9|0|0|0|1
100,279|6,255|-6,981|-365,55|0|0,4|0|0,9|0|0|0|1
100,454|6,255|-6,981|-365,55|0|0,4|0|0,9|0|0|0|1
100,629|6,255|-6,981|-365,55|0|0,4|0|0,9|0|0|0|1
100,804|6,221|-6,981|-365,805|0|0,8|0|0,5|0|5|0|1
100,979|6,781|-6,981|-366,622|0|0,9|0|0,4|0|6|0|1
101,154|7,512|-6,981|-367,373|0|0,9|0|0,4|0|6|0|1
101,329|8,168|-6,981|-368,154|0|1|0|0,3|0|6|0|1
101,504|8,217|-6,981|-369,183|0|1|0|0|0|6|0|1
101,679|8,217|-6,981|-370,232|0|1|0|0|0|6|0|1
101,854|8,212|-6,981|-371,282|0|1|0|0|0|6|0|1
102,029|8,192|-6,981|-372,332|0|1|0|0|0|6|0|1
102,204|8,128|-6,631|-373,38|0|1|0|0|0|10|8|1
102,379|8,027|-5,626|-374,388|0|1|0|-0,1|1|6|3|1
102,554|7,881|-5,144|-375,391|0|1|0|-0,1|0|6|1|1
102,729|7,716|-5,423|-376,39|0|1|0|-0,1|0|8|-5|1
102,904|7,544|-6,622|-377,389|0|1|0|-0,1|0|11|-10|1
103,079|7,361|-8,589|-378,386|0|1|0|-0,1|0|15|-14|1
103,254|7,157|-11,2|-379,378|0|1|0|-0,1|0|18|-17|1
103,429|6,907|-13,564|-380,36|0|1|0|-0,1|1|11|-9|1
103,604|6,598|-14,614|-381,325|0|1|0|-0,2|1|6|-2|1
103,779|6,241|-14,562|-382,273|0|1|0|-0,2|1|7|4|1
103,954|5,834|-14,066|-383,201|0|1|0|-0,2|1|6|2|1
104,129|5,394|-13,648|-384,105|0|1|0|-0,2|1|6|3|1
104,304|5,004|-13,176|-384,894|0|1|0|-0,2|1|5|2|1
104,479|4,474|-13,254|-385,449|0|-0,7|0|0,7|0|6|-4|1
104,654|3,556|-14,283|-385,661|0|-0,5|0|0,8|0|10|-9|1
104,829|2,565|-15,273|-385,505|0|-0,5|0|0,9|0|6|0|1
105,004|2,026|-15,273|-384,7|0|-0,3|0|1|0|6|0|1
105,179|1,92|-15,273|-383,722|0|0|0|1|0|6|0|1
105,354|2,322|-15,273|-382,89|0|0,2|0|1|0|1|0|1
105,529|2,355|-15,273|-382,826|0|0,2|0|1|0|0|0|1
105,704|2,355|-14,619|-382,826|0|0,2|0|1|0|7|7|1
105,879|2,355|-13,863|-382,826|0|0,2|0|1|0|0|0|1
106,054|2,355|-14,207|-382,826|0|0,2|0|1|0|5|-5|1
106,229|2,323|-15,273|-382,888|0|-0,5|0|0,8|0|4|0|1
106,404|1,901|-15,273|-383,709|0|0,9|0|-0,4|0|6|0|1
106,579|1,942|-15,273|-384,684|0|1|0|0|0|6|0|1
106,754|2,303|-14,619|-385,659|0|1|0|0,2|0|9|7|1
106,929|2,741|-13,828|-386,572|0|1|0|0,3|1|7|4|1
107,104|3,286|-13,329|-387,424|0|1|0|0,2|1|6|2|1
107,279|3,475|-12,874|-388,415|0|1|0|0|1|6|2|1
107,454|3,5|-12,436|-389,426|0|1|0|0,1|1|6|2|1
107,629|3,913|-12,015|-390,345|0|1|0|0,3|1|7|3|1
107,804|4,574|-11,561|-391,099|0|0,9|0|0,5|1|7|4|1
107,979|5,52|-11,062|-391,45|0|0,8|0|0,6|1|6|2|1
108,154|6,515|-10,602|-391,641|0|0,8|0|0,7|1|6|2|1
108,329|7,514|-10,168|-391,809|0|0,8|0|0,6|1|7|4|1
108,504|8,465|-9,658|-392,11|0|0,9|0|0,4|1|6|2|1
108,679|8,814|-9,2|-393,038|0|1|0|0|1|7|3|1
108,854|8,729|-8,749|-394,045|0|1|0|-0,1|1|6|3|1
109,03|8,513|-8,283|-395,035|0|1|0|-0,1|1|6|2|1
109,205|8,264|-7,863|-396,017|0|1|0|-0,1|1|7|3|1
109,38|8,005|-7,432|-396,997|0|1|0|-0,1|1|6|3|1
109,555|7,743|-6,938|-397,976|0|1|0|-0,1|1|7|3|1
109,73|7,481|-6,487|-398,955|0|1|0|-0,1|1|6|3|1
109,905|7,219|-6,032|-399,933|0|1|0|-0,1|1|6|2|1
110,08|6,957|-5,608|-400,912|0|1|0|-0,1|1|6|3|1
110,255|6,695|-5,142|-401,891|0|1|0|-0,1|1|6|2|1
110,43|6,433|-4,711|-402,869|0|1|0|-0,1|1|6|2|1
110,605|6,17|-4,264|-403,848|0|1|0|-0,1|1|6|3|1
110,78|5,908|-4,081|-404,827|0|1|0|-0,1|0|6|-2|1
110,955|5,646|-4,866|-405,805|0|1|0|-0,1|0|9|-7|1
111,13|5,384|-6,488|-406,784|0|1|0|-0,1|0|13|-12|1
111,305|5,117|-6,981|-407,779|0|1|0|-0,1|0|6|0|1
111,48|4,845|-6,981|-408,793|0|1|0|-0,1|0|6|0|1
111,655|4,574|-6,981|-409,807|0|1|0|-0,1|0|6|0|1
111,83|4,302|-6,981|-410,821|0|1|0|-0,1|0|6|0|1
112,005|4,031|-6,981|-411,836|0|1|0|-0,1|0|6|0|1
112,18|3,777|-6,981|-412,855|0|1|0|-0,1|0|6|0|1
112,355|3,566|-6,981|-413,883|0|1|0|-0,1|0|6|0|1
112,53|3,387|-6,981|-414,918|0|1|0|-0,1|0|6|0|1
112,705|3,232|-6,981|-415,956|0|1|0|-0,1|0|6|0|1
112,88|3,1|-6,981|-416,998|0|1|0|-0,1|0|6|0|1
113,055|2,98|-6,981|-418,041|0|1|0|-0,1|0|6|0|1
113,23|2,874|-6,981|-419,085|0|1|0|0|0|6|0|1
113,405|2,786|-6,981|-420,132|0|1|0|0|0|6|0|1
113,58|2,712|-6,983|-421,179|0|1|0|0|0|6|0|1
113,755|2,655|-6,983|-422,227|0|1|0|0|0|12|10|1
113,93|2,608|-5,728|-423,247|0|1|0|0|0|6|3|1
114,105|2,563|-5,215|-424,259|0|1|0|0|1|6|2|1
114,28|2,522|-4,778|-425,272|0|1|0|0|1|6|2|1
114,455|2,483|-4,35|-426,284|0|1|0|0|1|6|3|1
114,63|2,446|-3,882|-427,297|0|1|0|0|1|6|2|1
114,805|2,41|-3,461|-428,309|0|1|0|0|1|6|3|1
114,98|2,376|-2,948|-429,322|0|1|0|0|1|6|2|1
115,155|2,341|-2,511|-430,335|0|1|0|0|1|6|2|1
115,33|2,307|-2,07|-431,347|0|1|0|0|1|6|3|1
115,505|2,273|-1,627|-432,36|0|1|0|0|0|6|0|1
115,68|2,24|-2,045|-433,373|0|1|0|0|0|8|-6|1
115,855|2,206|-3,359|-434,386|0|1|0|0|0|12|-10|1
116,03|2,173|-5,423|-435,398|0|1|0|0|0|15|-14|1
116,205|2,139|-6,983|-436,415|0|1|0|0|0|6|0|1
116,38|2,104|-6,329|-437,455|0|1|0|0|0|9|7|1
116,555|2,071|-5,538|-438,467|0|1|0|0|1|7|4|1
116,73|2,037|-5,039|-439,48|0|1|0|0|1|6|2|1
116,905|2,004|-4,584|-440,493|0|1|0|0|1|6|2|1
117,08|1,97|-4,146|-441,506|0|1|0|0|1|6|2|1
117,255|1,936|-3,725|-442,518|0|1|0|0|1|7|3|1
117,43|1,903|-3,271|-443,531|0|1|0|0|1|7|4|1
117,605|1,869|-2,771|-444,544|0|1|0|0|1|6|2|1
117,78|1,836|-2,312|-445,557|0|1|0|0|0|6|2|1
117,955|1,802|-2,373|-446,569|0|1|0|0|0|7|-4|1
118,13|1,768|-3,388|-447,582|0|1|0|0|0|10|-9|1
118,305|1,735|-5,202|-448,595|0|1|0|0|0|14|-13|1
118,48|1,701|-6,983|-449,612|0|1|0|0|0|6|0|1
118,656|1,686|-6,983|-450,659|0|1|0|0|0|6|0|1
118,831|1,736|-5,874|-451,685|0|1|0|0|0|7|4|1
119,006|1,846|-5,332|-452,692|0|1|0|0,1|1|7|3|1
119,181|2,013|-4,88|-453,692|0|1|0|0,1|1|6|3|1
119,356|2,196|-4,409|-454,688|0|1|0|0,1|1|6|2|1
119,531|2,383|-3,989|-455,684|0|1|0|0,1|1|7|3|1
119,706|2,563|-3,56|-456,681|0|1|0|0,1|1|6|3|1
119,881|2,709|-3,065|-457,684|0|1|0|0,1|1|7|3|1
120,056|2,806|-2,613|-458,692|0|1|0|0|1|6|3|1
120,231|2,85|-2,132|-459,705|0|1|0|0|1|6|2|1
120,406|2,861|-1,668|-460,718|0|1|0|0|1|7|3|1
120,581|2,862|-1,206|-461,731|0|1|0|0|1|6|3|1
120,756|2,859|-0,724|-462,744|0|1|0|0|1|7|3|1
120,931|2,856|-0,625|-463,757|0|1|0|0|0|7|-3|1
121,106|2,856|-1,507|-464,77|0|1|0|0|0|10|-8|1
121,281|2,862|-3,209|-465,784|0|1|0|0|0|13|-12|1
121,456|2,875|-5,598|-466,797|0|1|0|0|0|17|-16|1
121,631|2,897|-6,981|-467,82|0|1|0|0|0|6|0|1
121,806|2,928|-6,981|-468,868|0|1|0|0|0|6|0|1
121,981|2,959|-6,981|-469,918|0|1|0|0|0|6|0|1
122,156|2,989|-6,981|-470,967|0|1|0|0|0|6|0|1
122,331|3,019|-6,981|-472,017|0|1|0|0|0|6|0|1
122,506|3,048|-6,981|-473,067|0|1|0|0|0|6|0|1
122,681|3,076|-6,981|-474,116|0|1|0|0|0|6|0|1
122,856|3,104|-6,981|-475,166|0|1|0|0|0|6|0|1
123,031|3,133|-6,981|-476,216|0|1|0|0|0|6|0|1
123,206|3,161|-6,981|-477,265|0|1|0|0|0|6|0|1
123,381|3,272|-6,631|-478,278|0|1|0|0,1|0|10|8|1
123,556|3,814|-5,626|-479,133|0|0,9|0|0,4|1|6|3|1
123,731|4,48|-5,144|-479,896|0|0,9|0|0,4|1|7|3|1
123,906|5,198|-4,698|-480,611|0|0,9|0|0,4|1|7|3|1
124,081|5,597|-4,25|-481,532|0|1|0|0,1|1|7|3|1
124,256|5,729|-3,821|-482,536|0|1|0|0|1|6|3|1
124,431|5,777|-3,359|-483,548|0|1|0|0|1|6|3|1
124,606|5,771|-2,877|-484,561|0|1|0|0|1|7|3|1
124,781|5,724|-2,428|-485,573|0|1|0|0|1|7|3|1
124,956|5,656|-1,969|-486,584|0|1|0|0|1|6|3|1
125,131|5,577|-1,475|-487,594|0|1|0|0|0|6|1|1
125,306|5,495|-1,746|-488,604|0|1|0|0|0|8|-5|1
125,481|5,412|-2,936|-489,614|0|1|0|0|0|11|-10|1
125,656|5,328|-4,897|-490,624|0|1|0|0|0|6|0|1
125,831|5,241|-4,92|-491,657|0|1|0|0|0|6|0|1
126,006|5,154|-4,57|-492,599|0|1|0|0|0|9|8|1
126,181|4,763|-3,565|-492,585|0|-0,8|0|0,6|1|6|3|1
126,356|3,78|-3,083|-492,511|0|-0,7|0|0,7|1|7|3|1
126,531|2,77|-2,637|-492,428|0|-0,7|0|0,7|1|7|3|1
126,706|1,822|-2,189|-492,142|0|-0,4|0|0,9|1|7|3|1
126,881|1,402|-1,76|-491,242|0|-0,1|0|1|1|6|3|1
127,056|1,248|-1,314|-490,397|0|-0,1|0|1|1|5|2|1
127,231|1,14|-0,872|-489,689|0|-0,1|0|1|1|5|3|1
127,406|1,021|-0,353|-489,443|0|-0,8|0|0,5|1|4|2|1
127,581|0,664|0,081|-490,268|0|0,9|0|-0,4|1|7|4|1
127,756|-0,01|0,596|-491,023|0|0,9|0|-0,4|0|6|2|1
127,931|-0,775|0,498|-491,683|0|-0,8|0|0,6|0|7|-4|1
128,106|-1,7|-0,548|-492,089|0|-0,7|0|0,7|0|11|-9|1
128,282|-2,703|-1,45|-492,23|0|-0,7|0|0,7|0|6|0|1
128,457|-2,784|-1,45|-492,231|0|1|0|0|0|5|0|1
128,632|-1,775|-1,45|-492,316|0|0,8|0|0,6|0|6|0|1
128,807|-0,73|-1,45|-492,404|0|0,8|0|0,7|0|6|0|1
128,982|0,289|-1,1|-492,406|0|0,7|0|0,8|0|10|8|1
129,157|1,199|-0,095|-491,962|0|0,5|0|0,9|1|6|3|1
129,332|2,03|0,387|-491,384|0|0,4|0|0,9|1|7|3|1
129,507|2,821|0,833|-490,75|0|0,4|0|0,9|1|7|3|1
129,682|3,78|1,281|-490,455|0|0,7|0|0,7|1|7|3|1
129,857|4,792|1,71|-490,435|0|0,7|0|0,7|1|6|3|1
130,032|5,785|2,171|-490,588|0|0,9|0|0,5|1|6|3|1
130,207|6,483|2,656|-491,288|0|1|0|0,1|0|6|1|1
130,382|6,827|2,383|-492,238|0|1|0|0|0|8|-5|1
130,557|6,992|1,31|-492,595|0|1|0|-0,3|0|3|0|1
130,732|6,116|1,31|-492,52|0|-0,7|0|0,7|0|6|0|1
130,907|5,073|1,31|-492,432|0|-0,7|0|0,7|0|12|10|1
131,082|4,056|2,565|-492,347|0|-0,7|0|0,7|0|6|3|1
131,257|3,052|3,077|-492,227|0|-0,6|0|0,8|1|6|2|1
131,432|2,203|3,514|-491,684|0|-0,4|0|0,9|1|6|2|1
131,607|1,725|3,943|-490,816|0|-0,1|0|1|1|6|3|1
131,782|1,647|4,41|-489,807|0|0|0|1|1|6|2|1
131,957|1,643|4,832|-488,896|0|0|0|1|1|5|3|1
132,132|1,639|5,344|-488,133|0|0|0|1|1|4|2|1
132,307|1,607|5,781|-487,839|0|-0,8|0|0,6|1|4|2|1
132,482|1,397|6,222|-488,692|0|0,9|0|-0,3|1|6|3|1
132,657|0,784|6,744|-489,495|0|0,9|0|-0,4|1|6|2|1
132,832|0,051|7,142|-490,194|0|0,9|0|-0,4|0|6|0|1
133,007|-0,545|6,797|-491,009|0|1|0|-0,1|0|8|-5|1
133,182|-0,941|5,545|-491,933|0|1|0|-0,1|0|11|-10|1
133,357|-1,698|4,88|-492,354|0|-0,8|0|0,6|0|6|0|1
133,532|-2,452|4,88|-492,303|0|-0,7|0|0,7|0|1|0|1
133,707|-2,484|4,88|-492,3|0|-0,7|0|0,7|0|0|0|1
133,882|-2,484|5,988|-492,3|0|-0,7|0|0,7|0|4|4|1
134,057|-2,425|6,531|-492,305|0|0,9|0|-0,3|1|5|3|1
134,232|-1,583|6,982|-492,568|0|1|0|0,3|1|6|3|1
134,407|-0,883|7,453|-493,279|0|1|0|0,1|1|6|2|1
134,582|-0,685|7,874|-494,267|0|1|0|0|1|7|3|1
134,757|-0,693|8,303|-495,28|0|1|0|0|1|6|3|1
134,932|-0,757|8,798|-496,291|0|1|0|0|1|7|3|1
135,107|-0,834|9,25|-497,301|0|1|0|0|1|6|3|1
135,282|-0,892|9,73|-498,313|0|1|0|0|0|6|2|1
135,457|-0,923|9,626|-499,326|0|1|0|0|0|7|-4|1
135,632|-0,925|8,575|-500,339|0|1|0|0|0|11|-9|1
135,807|-0,891|7,055|-501,351|0|1|0|0|0|6|0|1
135,982|-0,777|7,056|-502,389|0|1|0|0,1|0|6|0|1
136,157|-0,635|7,056|-503,429|0|1|0|0,1|0|6|0|1
136,332|-0,48|7,056|-504,468|0|1|0|0,1|0|6|0|1
136,507|-0,316|7,056|-505,505|0|1|0|0,1|0|6|0|1
136,682|-0,142|7,056|-506,54|0|1|0|0,1|0|6|0|1
136,857|0,041|7,056|-507,574|0|1|0|0,1|0|6|0|1
137,032|0,233|7,056|-508,607|0|1|0|0,1|0|6|0|1
137,207|0,434|7,056|-509,637|0|1|0|0,1|0|6|0|1
137,382|0,636|7,942|-510,644|0|1|0|0,1|0|8|6|1
137,557|0,837|8,458|-511,637|0|1|0|0,1|0|6|-1|1
137,733|1,039|7,919|-512,63|0|1|0|0,1|0|9|-6|1
137,908|1,242|6,503|-513,623|0|1|0|0,1|0|12|-11|1
138,083|1,446|4,354|-514,615|0|1|0|0,1|0|16|-14|1
138,258|1,65|1,591|-515,608|0|1|0|0,1|0|19|-18|1
138,433|1,855|-1,686|-516,6|0|1|0|0,1|0|6|0|1
138,608|2,053|-1,953|-517,618|0|1|0|0,1|0|6|0|1
138,783|2,231|-1,953|-518,653|0|1|0|0,1|0|6|0|1
138,958|2,405|-1,953|-519,688|0|1|0|0,1|0|6|0|1
139,133|2,564|-1,953|-520,726|0|1|0|0,1|0|6|0|1
139,308|2,685|-1,953|-521,769|0|1|0|0,1|0|6|0|1
139,483|2,773|-1,953|-522,815|0|1|0|0|0|6|0|1
139,658|2,851|-1,953|-523,862|0|1|0|0|0|6|0|1
139,833|2,427|-1,953|-524,741|0|1|0|-0,3|0|6|0|1
140,008|1,716|-1,953|-525,51|0|0,9|0|-0,4|0|6|0|1
140,183|0,99|-1,299|-526,259|0|0,9|0|-0,4|0|9|7|1
140,358|0,333|-0,508|-527,025|0|1|0|-0,2|1|7|4|1
140,533|0,078|-0,009|-528|0|1|0|0|1|6|2|1
140,708|0,196|0,446|-528,988|0|1|0|0,3|1|6|2|1
140,883|0,766|0,884|-529,823|0|0,9|0|0,4|1|6|2|1
141,058|1,452|1,305|-530,568|0|0,9|0|0,4|1|7|3|1
141,233|2,14|1,759|-531,309|0|1|0|0,3|1|7|4|1
141,408|2,446|2,259|-532,269|0|1|0|0,1|1|6|2|1
141,583|2,538|2,718|-533,278|0|1|0|0|1|6|2|1
141,758|2,572|3,152|-534,29|0|1|0|0|1|7|4|1
141,933|2,59|3,662|-535,303|0|1|0|0|1|6|2|1
142,108|2,587|4,12|-536,317|0|1|0|0|1|7|3|1
142,283|2,57|4,571|-537,33|0|1|0|0|1|6|3|1
142,458|2,548|5,037|-538,343|0|1|0|0|1|6|2|1
142,633|2,514|5,457|-539,355|0|1|0|0|1|7|3|1
142,808|2,454|5,888|-540,367|0|1|0|0|1|6|3|1
142,983|2,378|6,382|-541,377|0|1|0|0|1|7|3|1
143,158|2,29|6,833|-542,386|0|1|0|0|1|6|3|1
143,333|2,191|7,288|-543,395|0|1|0|-0,1|1|6|2|1
143,508|2,089|7,712|-544,403|0|1|0|-0,1|1|6|3|1
143,683|1,981|8,178|-545,411|0|1|0|-0,1|1|6|2|1
143,858|1,868|8,609|-546,417|0|1|0|-0,1|1|6|2|1
144,033|1,77|9,056|-547,426|0|1|0|0|1|6|3|1
144,208|1,702|9,239|-548,437|0|1|0|0|0|6|-2|1
144,383|1,648|8,454|-549,449|0|1|0|0|0|9|-7|1
144,558|1,606|7,308|-550,461|0|1|0|0|1|7|-3|1
144,733|1,573|7,209|-551,474|0|1|0|0|1|6|3|1
144,908|1,542|7,599|-552,487|0|1|0|0|0|6|-1|1
145,083|1,512|7,097|-553,499|0|1|0|0|0|8|-6|1
145,258|1,483|5,794|-554,512|0|1|0|0|1|8|-6|1
145,433|1,454|5,2|-555,525|0|1|0|0|1|6|0|1
145,608|1,424|5,549|-556,538|0|1|0|0|0|6|1|1
145,783|1,395|5,305|-557,551|0|1|0|0|0|7|-5|1
145,958|1,366|4,136|-558,564|0|1|0|0|0|11|-9|1
146,133|1,337|2,193|-559,577|0|1|0|0|0|15|-13|1
146,308|1,308|0,079|-560,59|0|1|0|0|1|10|-8|1
146,483|1,28|-0,831|-561,602|0|1|0|0|1|6|-1|1
146,658|1,264|-0,904|-562,616|0|1|0|0|0|6|-3|1
146,833|1,272|-1,715|-563,629|0|1|0|0|0|6|0|1
147,008|1,344|-1,953|-564,663|0|1|0|0|0|6|0|1
147,183|1,475|-1,953|-565,704|0|1|0|0,1|0|6|0|1
147,359|1,643|-1,953|-566,741|0|1|0|0,1|0|6|0|1
147,534|1,819|-1,953|-567,776|0|1|0|0,1|0|6|0|1
147,709|1,993|-1,953|-568,811|0|1|0|0,1|0|6|0|1
147,884|2,153|-1,953|-569,849|0|1|0|0,1|0|6|0|1
148,059|2,291|-1,953|-570,89|0|1|0|0,1|0|6|0|1
148,234|2,397|-0,844|-571,912|0|1|0|0|0|7|4|1
148,409|2,48|-0,302|-572,922|0|1|0|0|1|7|3|1
148,584|2,524|0,15|-573,934|0|1|0|0|1|6|3|1
148,759|2,542|0,621|-574,947|0|1|0|0|1|6|2|1
148,934|2,54|1,041|-575,96|0|1|0|0|1|7|3|1
149,109|2,529|1,47|-576,974|0|1|0|0|1|6|3|1
149,284|2,515|1,965|-577,987|0|1|0|0|1|7|3|1
149,459|2,502|2,104|-579|0|1|0|0|0|6|-3|1
149,634|2,488|1,253|-580,013|0|1|0|0|0|10|-8|1
149,809|2,476|1,082|-580,831|0|1|0|0|0|6|4|1
149,984|2,466|1,819|-581,573|0|1|0|0|0|6|4|1
150,159|2,455|2,558|-582,319|0|1|0|0|0|6|4|1
150,334|2,445|3,298|-583,064|0|1|0|0|0|6|4|1
150,509|2,435|4,037|-583,809|0|1|0|0|0|6|4|1
150,684|2,424|4,777|-584,554|0|1|0|0|0|6|4|1
150,859|2,417|5,517|-585,3|0|1|0|0|0|6|4|1
151,034|2,414|6,256|-586,045|0|1|0|0|0|6|4|1
151,209|2,413|6,996|-586,79|0|1|0|0|0|6|4|1
151,384|2,414|7,735|-587,535|0|1|0|0|0|6|4|1
151,559|2,415|8,475|-588,281|0|1|0|0|0|6|4|1
151,734|2,417|9,215|-589,026|0|1|0|0|0|6|4|1
151,909|2,422|9,97|-589,764|0|1|0|0|0|6|4|1
152,084|2,43|10,739|-590,48|0|1|0|0|0|6|3|1
152,259|2,445|10,169|-591,336|0|1|0|0|0|6|-4|1
152,434|2,466|10,393|-592,123|0|1|0|0|0|9|7|1
152,609|2,495|11,184|-593,123|0|1|0|0|1|7|4|1
152,784|2,529|11,683|-594,135|0|1|0|0|1|6|2|1
152,959|2,567|12,138|-595,148|0|1|0|0|1|6|2|1
153,134|2,607|12,576|-596,161|0|1|0|0|1|6|2|1
153,309|2,649|12,997|-597,173|0|1|0|0|1|7|3|1
153,484|2,693|13,451|-598,185|0|1|0|0|1|7|4|1
153,659|2,738|13,951|-599,197|0|1|0|0|1|6|2|1
153,834|2,783|14,41|-600,21|0|1|0|0|1|6|2|1
154,009|2,828|14,844|-601,222|0|1|0|0|1|7|4|1
154,184|2,873|15,354|-602,234|0|1|0|0|0|6|2|1
154,359|2,918|15,252|-603,246|0|1|0|0|0|7|-4|1
154,534|2,963|14,202|-604,259|0|1|0|0|0|11|-9|1
154,709|3,009|12,359|-605,271|0|1|0|0|0|14|-13|1
154,884|3,055|9,852|-606,283|0|1|0|0|0|17|-16|1
155,059|3,1|6,79|-607,295|0|1|0|0|0|20|-19|1
155,234|3,143|4,048|-608,308|0|1|0|0|1|12|-11|1
155,409|3,146|2,682|-609,321|0|1|0|0|1|7|-4|1
155,584|3,098|2,388|-610,333|0|1|0|0|0|6|-2|1
155,759|3,029|1,61|-611,344|0|1|0|0|0|9|-7|1
155,934|2,938|1,56|-612,238|0|1|0|-0,1|0|6|3|1
156,109|2,83|2,122|-613,115|0|1|0|-0,1|0|6|3|1
156,284|2,781|2,688|-613,998|0|1|0|0|0|6|3|1
156,459|2,775|3,099|-614,641|0|1|0|0|0|1|0|1
156,634|2,775|3,116|-614,667|0|1|0|0|0|0|0|1
156,809|2,776|2,962|-614,426|0|-0,7|0|0,7|0|5|-3|1
156,985|2,782|2,413|-613,568|0|-0,1|0|1|0|6|-3|1
157,16|2,787|1,847|-612,685|0|0|0|1|0|6|-3|1
157,335|2,792|1,281|-611,8|0|0|0|1|0|6|-3|1
157,51|2,798|0,714|-610,916|0|0|0|1|0|6|-3|1
157,685|2,495|0,208|-610,125|0|-0,2|0|1|0|5|-1|1
157,86|1,512|0,135|-610,011|0|-0,6|0|0,8|0|6|0|1
158,035|0,581|0,13|-610,004|0|-0,7|0|0,7|0|1|0|1
158,21|0,506|0,497|-610,577|0|1|0|-0,2|0|6|3|1
158,385|0,499|1,06|-611,456|0|1|0|0|0|6|3|1
158,56|0,494|1,626|-612,34|0|1|0|0|0|6|3|1
158,735|0,488|2,192|-613,224|0|1|0|0|0|6|3|1
158,91|0,483|2,758|-614,109|0|1|0|0|0|6|3|1
159,085|1,05|3,214|-614,82|0|0,9|0|0,3|0|6|2|1
159,26|1,719|3,65|-615,5|0|0,9|0|0,4|0|6|2|1
159,435|2,082|4,145|-616,273|0|1|0|0,1|0|6|3|1
159,61|2,086|4,709|-617,155|0|1|0|0|0|6|3|1
159,785|2,081|5,275|-618,039|0|1|0|0|0|6|3|1
159,96|2,075|5,841|-618,924|0|1|0|0|0|6|3|1
160,135|2,07|6,408|-619,808|0|1|0|0|0|6|3|1
160,31|2,064|6,74|-620,732|0|1|0|0|1|12|10|1
160,485|2,058|7,995|-621,746|0|1|0|0|0|6|3|1
160,66|2,052|8,507|-622,759|0|1|0|0|1|6|2|1
160,835|2,046|8,944|-623,772|0|1|0|0|1|6|2|1
161,01|2,039|9,373|-624,785|0|1|0|0|1|6|3|1
161,185|2,033|9,627|-625,798|0|1|0|0|0|6|-2|1
161,36|2,032|8,918|-626,812|0|1|0|0|0|9|-7|1
161,535|2,075|7,361|-627,824|0|1|0|0,1|0|13|-11|1
161,71|2,168|5,093|-628,833|0|1|0|0,1|0|16|-15|1
161,885|2,282|4,131|-629,708|0|1|0|0,1|0|6|-3|1
162,06|2,377|3,569|-630,586|0|1|0|0|0|6|-3|1
162,235|2,384|3,003|-631,47|0|1|0|0|0|6|-3|1
162,41|2,348|2,437|-632,353|0|1|0|0|0|6|-3|1
162,585|2,305|1,871|-633,237|0|1|0|0|0|6|-3|1
162,76|2,262|1,306|-634,12|0|1|0|0|0|6|-3|1
162,935|2,242|0,74|-635,004|0|1|0|0|0|6|-3|1
163,11|2,282|0,174|-635,888|0|1|0|0|0|6|-3|1
163,285|2,372|0,073|-636,769|0|1|0|0,1|0|10|8|1
163,46|2,5|1,077|-637,766|0|1|0|0,1|1|6|3|1
163,635|2,639|1,559|-638,769|0|1|0|0,1|1|7|3|1
163,81|2,783|2,005|-639,772|0|1|0|0,1|1|7|3|1
163,985|2,925|2,145|-640,776|0|1|0|0,1|0|6|-3|1
164,16|3,045|1,298|-641,782|0|1|0|0|0|10|-8|1
164,335|3,144|-0,376|-642,79|0|1|0|0|0|13|-12|1
164,51|3,213|-1,953|-643,805|0|1|0|0|0|6|0|1
164,685|3,188|-1,953|-644,851|0|1|0|0|0|6|0|1
164,86|3,086|-1,953|-645,896|0|1|0|-0,1|0|6|0|1
165,035|2,922|-1,953|-646,933|0|1|0|-0,1|0|6|0|1
165,21|2,728|-1,953|-647,965|0|1|0|-0,1|0|6|0|1
165,385|2,517|-1,953|-648,994|0|1|0|-0,1|0|6|0|1
165,56|2,293|-1,953|-650,02|0|1|0|-0,1|0|6|0|1
165,735|2,062|-1,953|-651,044|0|1|0|-0,1|0|6|0|1
165,91|2,185|-1,953|-652,007|0|1|0|0,1|0|6|0|1
166,085|2,944|-1,953|-652,6|0|0,9|0|0,5|0|6|0|1
166,26|3,961|-1,953|-652,843|0|0,8|0|0,6|0|6|0|1
166,436|4,984|-1,953|-653,077|0|0,8|0|0,6|0|6|0|1
166,611|6,008|-1,953|-653,312|0|0,8|0|0,6|0|6|0|1
166,786|7,031|-1,953|-653,549|0|0,8|0|0,6|0|6|0|1
166,961|8,053|-1,953|-653,789|0|0,8|0|0,6|0|6|0|1
167,136|8,678|-1,953|-654,58|0|0,9|0|0,3|0|6|0|1
167,311|9,231|-1,953|-655,472|0|1|0|0,3|0|6|0|1
167,486|9,783|-1,953|-656,365|0|1|0|0,3|0|6|0|1
167,661|10,118|-1,959|-657,292|0|1|0|0,1|0|6|0|1
167,836|9,9|-1,953|-658,31|0|1|0|-0,1|0|6|0|1
168,011|9,659|-1,953|-659,332|0|1|0|-0,1|0|6|-3|1
168,186|9,433|-1,022|-660,288|0|1|0|-0,1|0|7|4|1
168,361|9,2|-0,48|-661,274|0|1|0|-0,1|1|7|3|1
168,536|8,967|-0,028|-662,26|0|1|0|-0,1|1|6|3|1
168,711|8,734|0,443|-663,246|0|1|0|-0,1|1|6|2|1
168,886|8,502|0,863|-664,232|0|1|0|-0,1|1|7|3|1
169,061|8,273|1,293|-665,219|0|1|0|-0,1|1|6|3|1
169,236|8,047|1,787|-666,207|0|1|0|-0,1|1|7|3|1
169,411|7,823|2,239|-667,195|0|1|0|-0,1|1|6|3|1
169,586|7,601|2,72|-668,184|0|1|0|-0,1|1|6|2|1
169,761|7,395|3,185|-669,176|0|1|0|-0,1|0|6|1|1
169,936|7,211|2,96|-670,172|0|1|0|-0,1|0|7|-5|1
170,111|7,048|1,807|-671,172|0|1|0|-0,1|1|9|-7|1
170,286|6,909|1,041|-672,176|0|1|0|-0,1|1|6|-1|1
170,461|6,782|1,306|-673,181|0|1|0|-0,1|1|6|2|1
170,636|6,657|1,756|-674,187|0|1|0|-0,1|1|7|3|1
170,811|6,534|2,204|-675,192|0|1|0|-0,1|1|6|2|1
170,986|6,41|2,663|-676,198|0|1|0|-0,1|1|6|3|1
171,161|6,286|3,111|-677,203|0|1|0|-0,1|1|6|2|1
171,336|6,163|3,581|-678,209|0|1|0|-0,1|1|7|3|1
171,511|6,039|4,012|-679,214|0|1|0|-0,1|1|6|3|1
171,686|5,901|4,46|-680,218|0|1|0|-0,1|0|6|0|1
171,861|5,727|4,047|-681,216|0|1|0|-0,1|0|8|-6|1
172,036|5,508|2,737|-682,205|0|1|0|-0,1|0|12|-10|1
172,211|5,23|0,677|-683,179|0|1|0|-0,2|0|15|-14|1
172,386|4,887|-1,953|-684,133|0|1|0|-0,2|0|6|0|1
172,561|4,369|-1,953|-685,037|0|1|0|-0,3|0|6|0|1
172,736|3,722|-1,953|-685,822|0|0,9|0|-0,4|0|6|0|1
172,911|2,716|-1,953|-686,042|0|-0,8|0|0,6|0|6|0|1
173,086|1,738|-1,953|-686,402|0|-0,8|0|0,5|0|6|0|1
173,261|0,875|-1,953|-686,997|0|0,9|0|-0,5|0|6|0|1
173,436|0,487|-1,953|-687,894|0|1|0|-0,2|0|6|0|1
173,611|0,337|-1,953|-688,931|0|1|0|-0,1|0|6|0|1
173,786|0,135|-1,953|-689,961|0|1|0|-0,1|0|6|0|1
173,961|-0,193|-2,101|-690,927|0|1|0|-0,2|0|7|-4|1
174,136|-0,603|-1,514|-691,85|0|1|0|-0,2|0|8|6|1
174,311|-1,058|-0,849|-692,756|0|1|0|-0,3|1|6|2|1
174,486|-1,565|-0,416|-693,633|0|1|0|-0,3|1|6|3|1
174,661|-2,095|0,047|-694,497|0|1|0|-0,3|1|7|3|1
174,836|-2,631|0,476|-695,357|0|1|0|-0,3|1|6|3|1
175,011|-3,164|0,942|-696,218|0|1|0|-0,3|1|6|2|1
175,186|-3,666|1,418|-697,098|0|1|0|-0,2|1|6|2|1
175,361|-4,075|1,851|-698,024|0|1|0|-0,2|1|6|3|1
175,536|-4,35|2,322|-698,999|0|1|0|-0,1|1|7|3|1
175,711|-4,505|2,813|-700|0|1|0|-0,1|1|6|2|1
175,886|-4,599|3,257|-701,008|0|1|0|0|1|6|3|1
176,062|-4,655|3,769|-702,02|0|1|0|0|1|6|2|1
176,237|-4,642|4,157|-703,033|0|1|0|0|0|6|0|1
176,412|-4,555|3,804|-704,042|0|1|0|0,1|0|8|-5|1
176,587|-4,389|2,545|-705,042|0|1|0|0,1|0|11|-10|1
176,762|-4,148|0,526|-706,026|0|1|0|0,2|0|15|-14|1
176,937|-3,844|-1,953|-706,992|0|1|0|0,2|0|6|0|1
177,112|-3,189|-1,953|-707,692|0|0,9|0|0,4|0|6|0|1
177,287|-2,218|-1,953|-708,079|0|0,8|0|0,5|0|6|0|1
177,462|-1,25|-1,953|-708,485|0|0,8|0|0,5|0|6|0|1
177,637|-0,292|-1,953|-708,914|0|0,8|0|0,5|0|6|0|1
177,812|0,658|-1,953|-709,363|0|0,8|0|0,5|0|6|0|1
177,987|1,409|-1,953|-709,989|0|0,9|0|0,3|0|6|0|1
178,162|1,512|-1,953|-710,333|0|1|0|0,3|0|0|0|1
178,337|1,514|-1,953|-710,338|0|1|0|0,3|0|0|0|1
178,512|1,514|-1,953|-710,338|0|1|0|0,3|0|0|0|1
178,687|1,514|-1,953|-710,338|0|1|0|0,3|0|0|0|1
178,862|1,514|-1,953|-710,338|0|1|0|0,3|0|0|0|1
179,037|1,514|-1,953|-710,338|0|1|0|0,3|0|0|0|1
179,212|1,514|-1,953|-710,338|0|1|0|0,3|0|0|0|1
179,387|1,514|-1,953|-710,338|0|1|0|0,3|0|0|0|1
179,562|1,5|-1,953|-710,817|0|1|0|0,1|0|6|0|1
179,737|1,472|-0,844|-711,833|0|1|0|0|0|7|4|1
179,912|1,444|-0,302|-712,846|0|1|0|0|1|7|3|1
180,087|1,417|0,15|-713,859|0|1|0|0|1|6|3|1
180,262|1,39|0,621|-714,872|0|1|0|0|1|6|2|1
180,437|1,362|1,041|-715,884|0|1|0|0|1|7|3|1
180,612|1,335|1,47|-716,897|0|1|0|0|1|6|3|1
180,787|1,329|1,569|-717,1|0|1|0|0|1|6|3|
180,962|1,329|1,569|-717,1|0|1|0|0|1|6|3|
181,137|1,329|1,569|-717,1|0|1|0|0|1|6|3|
181,312|1,329|1,569|-717,1|0|1|0|0|1|6|3|
181,487|1,329|1,569|-717,1|0|1|0|0|1|6|3|
181,662|2,618|-0,971|-686,31|0|1|0|0|0|1|-1|1
181,837|2,618|-1,563|-686,31|0|1|0|0|0|7|-7|1
182,012|2,618|-1,953|-686,31|0|1|0|0|0|0|0|1
182,187|2,618|-1,953|-686,31|0|1|0|0|0|0|0|1
182,362|2,618|-1,953|-686,31|0|1|0|0|0|0|0|1
182,537|2,618|-1,953|-686,31|0|1|0|0|0|0|0|1
182,712|2,905|-1,953|-686,316|0|0,9|0|0,4|0|5|0|1
182,887|3,851|-1,953|-686,5|0|0,9|0|0,5|0|6|0|1
183,062|4,659|-1,953|-687,158|0|0,9|0|0,4|0|6|0|1
183,237|5,462|-1,953|-687,834|0|0,9|0|0,4|0|6|0|1
183,412|6,265|-1,953|-688,511|0|0,9|0|0,4|0|6|0|1
183,587|7,051|-1,953|-689,207|0|0,9|0|0,4|0|6|0|1
183,762|7,802|-1,953|-689,939|0|0,9|0|0,4|0|6|0|1
183,937|8,5|-1,953|-690,498|0|0,9|0|0,5|0|1|0|1
184,112|8,562|-1,953|-690,523|0|0,9|0|0,5|0|0|0|1
184,287|7,891|-1,953|-690,413|0|-0,9|0|0,5|0|6|0|1
184,462|6,865|-1,953|-690,222|0|-0,7|0|0,7|0|6|0|1
184,637|5,835|-1,953|-690,019|0|-0,6|0|0,8|0|6|0|1
184,812|4,806|-1,953|-689,807|0|-0,6|0|0,8|0|6|0|1
184,987|3,779|-1,953|-689,592|0|-0,6|0|0,8|0|6|0|1
185,162|2,751|-1,953|-689,377|0|-0,6|0|0,8|0|6|0|1
185,337|1,791|-1,953|-689,522|0|-0,8|0|0,6|0|6|0|1
185,513|0,916|-1,299|-690,083|0|0,9|0|-0,5|0|9|7|1
185,688|0,17|-0,508|-690,758|0|1|0|-0,2|1|7|4|1
185,863|-0,243|-0,009|-691,68|0|1|0|-0,1|1|6|2|1
186,038|-0,507|0,446|-692,658|0|1|0|-0,1|1|6|2|1
186,213|-0,729|0,884|-693,646|0|1|0|-0,1|1|6|2|1
186,388|-0,941|1,305|-694,637|0|1|0|-0,1|1|7|3|1
186,563|-1,149|1,759|-695,629|0|1|0|-0,1|1|7|4|1
186,738|-1,617|2,259|-696,509|0|0,9|0|-0,4|1|6|2|1
186,913|-2,381|2,718|-697,173|0|0,9|0|-0,5|1|6|2|1
187,088|-3,208|3,152|-697,759|0|0,9|0|-0,5|1|7|4|1
187,263|-3,755|3,662|-698,599|0|1|0|-0,2|1|6|2|1
187,438|-4,005|4,12|-699,58|0|1|0|-0,1|1|7|3|1
187,613|-4,109|4,571|-700,587|0|1|0|0|1|6|3|1
187,788|-4,132|5,037|-701,6|0|1|0|0|0|6|2|1
187,963|-4,121|4,916|-702,613|0|1|0|0|0|7|-4|1
188,138|-4,005|3,85|-703,615|0|1|0|0,3|0|11|-9|1
188,313|-3,603|1,994|-704,543|0|0,9|0|0,4|0|14|-13|1
188,488|-3,037|-0,524|-705,382|0|0,9|0|0,4|0|17|-16|1
188,663|-2,356|-1,953|-706,143|0|0,9|0|0,4|0|6|0|1
188,838|-1,578|-1,953|-706,846|0|0,9|0|0,4|0|6|0|1
189,013|-0,767|-1,953|-707,464|0|0,9|0|0,5|0|6|0|1
189,188|0,264|-1,953|-707,498|0|0,7|0|0,7|0|6|0|1
189,363|1,313|-1,953|-707,546|0|0,7|0|0,7|0|6|0|1
189,538|2,074|-1,953|-707,602|0|0,7|0|0,7|0|1|0|1
189,713|2,106|-1,953|-707,604|0|0,7|0|0,7|0|0|0|1
189,888|1,427|-1,953|-707,551|0|-0,4|0|0,9|0|6|0|1
190,063|0,387|-1,953|-707,469|0|-0,6|0|0,8|0|6|0|1
190,238|-0,499|-1,953|-707,882|0|-0,9|0|0,5|0|6|0|1
190,413|-0,971|-1,953|-708,726|0|1|0|-0,2|0|6|0|1
190,588|-1,036|-1,953|-709,769|0|1|0|-0,1|0|6|0|1
190,763|-1,054|-1,953|-710,819|0|1|0|0|0|6|0|1
190,938|-1,046|-2,007|-711,864|0|1|0|0|0|6|-2|1
191,113|-1,035|-0,986|-712,872|0|1|0|0|0|7|4|1
191,288|-1,023|-0,444|-713,885|0|1|0|0|1|7|3|1
191,463|-1,008|0,008|-714,898|0|1|0|0|1|6|3|1
191,638|-0,976|0,479|-715,911|0|1|0|0|1|6|2|1
191,813|-0,915|0,899|-716,922|0|1|0|0|1|7|3|1
191,988|-0,818|1,329|-717,931|0|1|0|0,1|1|6|3|1
192,163|-0,693|1,823|-718,936|0|1|0|0,1|1|7|3|1
192,338|-0,544|2,275|-719,938|0|1|0|0,1|1|6|3|1
192,513|-0,283|2,756|-720,908|0|1|0|0,3|1|6|2|1
192,688|0,392|3,221|-721,66|0|0,9|0|0,4|1|7|3|1
192,863|1,189|3,682|-722,285|0|0,9|0|0,5|0|6|2|1
193,038|1,951|3,54|-722,948|0|1|0|0,2|0|7|-4|1
193,213|2,507|2,456|-723,792|0|1|0|0,1|0|11|-9|1
193,388|2,912|0,585|-724,72|0|1|0|0,1|0|14|-13|1
193,563|3,223|-1,946|-725,684|0|1|0|0,1|0|6|0|1
193,738|3,407|-1,953|-726,584|0|1|0|0,1|0|1|0|1
193,913|3,419|-1,953|-726,654|0|1|0|0,1|0|0|0|1
194,088|3,419|-1,953|-726,655|0|1|0|0,1|0|0|0|1
194,263|3,897|-1,953|-726,643|0|0,9|0|0,5|0|6|0|1
194,438|4,797|-1,299|-726,968|0|0,9|0|0,5|0|9|7|1
194,613|5,559|-0,508|-727,636|0|0,9|0|0,4|1|7|4|1
194,788|6,238|-0,009|-728,386|0|0,9|0|0,3|1|6|2|1
194,963|6,854|0,446|-729,191|0|1|0|0,3|1|6|2|1
195,139|7,426|0,884|-730,027|0|1|0|0,3|1|6|2|1
195,314|7,971|1,305|-730,882|0|1|0|0,3|1|7|3|1
195,489|8,572|1,759|-731,688|0|0,9|0|0,4|1|7|4|1
195,664|9,462|2,259|-732,166|0|0,8|0|0,6|1|6|2|1
195,839|10,375|2,718|-732,499|0|0,8|0|0,6|1|5|2|1
196,014|10,813|3,152|-732,681|0|0,9|0|-0,4|1|4|4|1
196,189|10,017|3,662|-732,593|0|-0,8|0|0,6|1|6|2|1
196,364|9,047|4,12|-732,877|0|-0,9|0|0,5|1|7|3|1
196,539|8,131|4,571|-733,309|0|-0,9|0|0,5|1|6|3|1
196,714|7,233|5,037|-733,779|0|-0,9|0|0,5|1|6|2|1
196,889|6,399|5,457|-734,339|0|0,9|0|-0,3|1|7|3|1
197,064|5,897|5,888|-735,215|0|1|0|-0,2|1|6|3|1
197,239|5,549|6,382|-736,166|0|1|0|-0,1|1|7|3|1
197,414|5,245|6,833|-737,133|0|1|0|-0,1|1|6|3|1
197,589|4,789|7,288|-738,022|0|0,9|0|-0,4|1|6|2|1
197,764|3,99|7,551|-738,638|0|-0,8|0|0,7|0|6|-2|1
197,939|3,025|6,878|-738,932|0|-0,6|0|0,8|0|9|-7|1
198,114|2,021|5,35|-738,988|0|-0,6|0|0,8|0|13|-11|1
198,289|1,102|3,147|-739,128|0|0,9|0|-0,4|0|5|0|1
198,464|0,708|3,147|-740,031|0|1|0|-0,2|0|6|0|1
198,639|0,408|3,147|-741,036|0|1|0|-0,2|0|6|0|1
198,814|0,246|3,147|-741,584|0|1|0|-0,1|0|0|0|1
198,989|0,242|3,147|-741,597|0|1|0|-0,1|0|0|0|1
199,164|0,242|3,147|-741,597|0|1|0|-0,1|0|0|0|1
199,339|0,71|3,147|-741,696|0|0,9|0|0,4|0|6|0|1
199,514|1,731|3,147|-741,874|0|0,8|0|0,6|0|12|10|1
199,689|2,698|4,402|-742,026|0|0,8|0|0,6|0|6|3|1
199,864|3,506|4,915|-742,153|0|0,8|0|0,6|1|5|2|1
200,039|4,183|4,839|-742,259|0|0,8|0|0,6|0|5|-4|1
200,214|4,68|3,812|-742,338|0|1|0|-0,1|0|9|-9|1
200,389|4,417|3,147|-742,298|0|-0,7|0|0,7|0|6|0|1
200,564|3,408|3,147|-742,143|0|-0,7|0|0,7|0|6|0|1
200,739|2,487|3,147|-742,001|0|-0,7|0|0,8|0|1|0|1
200,914|2,416|3,147|-741,99|0|-0,7|0|0,8|0|0|0|1
201,089|2,416|3,147|-741,99|0|-0,7|0|0,8|0|0|0|1
201,264|2,416|4,053|-741,99|0|-0,7|0|0,8|0|6|6|1
201,439|2,416|4,719|-741,99|0|-0,7|0|0,8|1|2|2|1
201,614|2,416|4,993|-741,99|0|-0,7|0|0,8|0|2|-2|1
201,789|2,416|4,327|-741,99|0|-0,7|0|0,8|0|7|-7|1
201,964|2,45|3,147|-741,765|0|-0,1|0|1|0|4|0|1
202,139|2,596|3,147|-740,819|0|0|0|1|0|3|0|1
202,314|2,62|3,147|-740,66|0|0|0|1|0|0|0|1
202,489|2,621|3,147|-740,657|0|0|0|1|0|0|0|1
202,664|2,621|3,147|-740,657|0|0|0|1|0|0|0|1
202,839|2,621|3,147|-740,657|0|0|0|1|0|0|0|1
203,014|2,621|3,147|-740,657|0|0|0|1|0|11|10|1
203,189|2,503|4,402|-741,424|0|0,9|0|-0,3|0|6|3|1
203,364|2,349|4,915|-742,426|0|1|0|-0,1|1|6|2|1
203,539|2,194|5,352|-743,427|0|1|0|-0,1|1|6|2|1
203,714|2,04|5,78|-744,429|0|1|0|-0,1|1|6|3|1
203,889|1,886|6,248|-745,43|0|1|0|-0,1|1|6|2|1
204,064|1,732|6,669|-746,432|0|1|0|-0,1|1|6|3|1
204,239|1,761|7,182|-747,431|0|1|0|0,2|1|6|2|1
204,414|2,205|7,619|-748,339|0|1|0|0,3|1|6|2|1
204,589|2,676|8,06|-749,229|0|1|0|0,1|1|6|3|1
204,765|2,733|8,581|-750,237|0|1|0|-0,1|1|6|2|1
204,94|2,6|9,014|-751,241|0|1|0|-0,1|1|7|4|1
205,115|2,406|9,513|-752,235|0|1|0|-0,1|1|6|2|1
205,29|2,196|9,844|-753,219|0|1|0|-0,1|0|5|-1|1
205,465|2,011|9,314|-754,079|0|1|0|-0,1|0|8|-6|1
205,64|1,857|7,905|-754,799|0|1|0|-0,1|0|11|-11|1
205,815|1,728|5,762|-755,402|0|1|0|-0,1|0|15|-14|1
205,99|1,572|3,004|-756,129|0|1|0|-0,1|0|19|-18|1
206,165|1,37|-0,253|-757,079|0|1|0|-0,1|0|2|0|1
206,34|1,341|-0,253|-757,218|0|1|0|-0,1|0|0|0|1
206,515|1,34|-0,253|-757,219|0|1|0|-0,1|0|0|0|1
206,69|1,356|-0,253|-756,539|0|-0,3|0|0,9|0|6|0|1
206,865|1,358|-0,253|-755,495|0|-0,1|0|1|0|6|0|1
207,04|1,358|-0,253|-755,126|0|0|0|1|0|0|0|1
207,215|1,358|-0,253|-755,12|0|0|0|1|0|0|0|1
207,39|1,358|-0,253|-755,12|0|0|0|1|0|0|0|1
207,565|1,358|-0,253|-755,12|0|0|0|1|0|0|0|1
207,74|1,358|-0,253|-755,12|0|0|0|1|0|0|0|1
207,915|1,358|-0,253|-755,12|0|0|0|1|0|0|0|1
208,09|1,358|-0,253|-755,12|0|0|0|1|0|0|0|1
208,265|1,358|-0,253|-755,12|0|0|0|1|0|0|0|1
208,44|1,644|-0,253|-755,124|0|0,4|0|0,9|0|5|0|1
208,615|2,381|0,401|-755,765|0|0,9|0|0,4|0|9|7|1
208,79|2,872|1,192|-756,646|0|1|0|0,1|1|7|4|1
208,965|3,038|1,691|-757,643|0|1|0|0|1|6|2|1
209,14|3,086|2,146|-758,614|0|1|0|0|1|5|2|1
209,315|3,123|2,584|-759,432|0|1|0|0|1|5|2|1
209,49|2,812|3,005|-760,11|0|0,9|0|-0,5|1|7|3|1
209,665|1,854|3,459|-760,419|0|-0,7|0|0,7|1|7|4|1
209,84|0,852|3,959|-760,497|0|-0,7|0|0,7|1|4|2|1
210,015|0,819|4,418|-760,552|0|0,9|0|0,5|1|5|2|1
210,19|1,796|4,852|-760,599|0|0,7|0|0,7|1|7|4|1
210,365|2,809|5,362|-760,622|0|0,7|0|0,7|1|6|2|1
210,54|3,624|5,82|-761,151|0|1|0|0,2|0|6|1|1
210,715|4,045|5,585|-762,07|0|1|0|0|0|7|-5|1
210,89|4,205|4,423|-763,063|0|1|0|-0,3|0|11|-9|1
211,065|4,154|3,734|-763,465|0|0,9|0|-0,3|0|13|-11|
211,24|4,154|3,734|-763,465|0|0,9|0|-0,3|0|13|-11|
211,415|4,154|3,734|-763,465|0|0,9|0|-0,3|0|13|-11|
211,59|4,154|3,734|-763,465|0|0,9|0|-0,3|0|13|-11|
211,765|4,154|3,734|-763,465|0|0,9|0|-0,3|0|13|-11|
211,94|4,154|3,734|-763,465|0|0,9|0|-0,3|0|13|-11|
212,115|2,618|-1,371|-727,05|0|1|0|0|0|6|-6|1
212,29|2,618|-1,953|-727,05|0|1|0|0|0|0|0|1
212,465|2,618|-1,953|-727,05|0|1|0|0|0|0|0|1
212,64|2,618|-1,953|-727,05|0|1|0|0|0|0|0|1
212,815|2,618|-1,953|-727,05|0|1|0|0|0|0|0|1
212,99|2,869|-1,953|-727,136|0|1|0|0,3|0|5|0|1
213,165|3,592|-1,953|-727,838|0|0,9|0|0,4|0|6|0|1
213,34|4,325|-1,953|-728,589|0|0,9|0|0,4|0|6|0|1
213,515|5,057|-1,953|-729,341|0|0,9|0|0,4|0|6|0|1
213,69|5,79|-1,953|-730,093|0|0,9|0|0,4|0|6|0|1
213,865|6,507|-0,844|-730,83|0|0,9|0|0,4|0|7|4|1
214,04|7,214|-0,302|-731,556|0|0,9|0|0,4|1|7|3|1
214,216|7,906|0,15|-732,296|0|0,9|0|0,4|1|6|3|1
214,391|8,321|0,621|-733,2|0|1|0|0,1|1|6|2|1
214,566|8,352|1,041|-734,211|0|1|0|0|1|7|3|1
214,741|8,235|1,47|-735,217|0|1|0|-0,1|1|6|3|1
214,916|8,047|1,965|-736,213|0|1|0|-0,1|1|7|3|1
215,091|7,826|2,417|-737,202|0|1|0|-0,1|1|6|3|1
215,266|7,234|2,898|-738,011|0|0,9|0|-0,4|1|6|2|1
215,441|6,426|3,362|-738,622|0|0,9|0|-0,5|1|7|3|1
215,616|5,569|3,824|-739,161|0|0,9|0|-0,5|1|6|3|1
215,791|4,698|4,306|-739,68|0|0,9|0|-0,5|1|7|3|1
215,966|3,825|4,405|-740,194|0|0,9|0|-0,5|0|7|-3|1
216,141|2,951|3,523|-740,706|0|0,9|0|-0,5|0|10|-8|1
216,316|2,062|3,147|-741,227|0|0,9|0|-0,5|0|6|0|1
216,491|1,156|3,147|-741,756|0|0,9|0|-0,5|0|6|0|1
216,666|0,25|3,147|-742,286|0|0,9|0|-0,5|0|12|10|1
216,841|-0,545|4,402|-742,919|0|1|0|-0,2|0|6|3|1
217,016|-1,053|4,915|-743,788|0|1|0|-0,1|1|6|2|1
217,191|-1,342|5,352|-744,758|0|1|0|-0,1|1|6|2|1
217,366|-1,555|5,78|-745,749|0|1|0|-0,1|1|6|3|1
217,541|-1,74|6,248|-746,703|0|1|0|-0,1|1|6|2|1
217,716|-2,526|6,669|-747,252|0|-0,7|0|0,7|1|6|3|1
217,891|-3,535|7,182|-747,294|0|-0,7|0|0,8|1|6|2|1
218,066|-4,405|7,619|-746,888|0|-0,2|0|1|1|6|2|1
218,241|-4,912|8,06|-746,011|0|-0,3|0|1|1|6|3|1
218,416|-5,416|8,581|-745,14|0|-0,1|0|1|1|6|2|1
218,591|-5,109|9,014|-744,202|0|0,4|0|0,9|1|7|4|1
218,766|-4,392|9,513|-743,488|0|0,4|0|0,9|1|6|2|1
218,941|-3,596|9,395|-742,862|0|0,5|0|0,9|0|7|-4|1
219,116|-2,679|8,331|-742,44|0|0,7|0|0,7|0|11|-9|1
219,291|-1,683|6,477|-742,267|0|0,8|0|0,6|0|14|-13|1
219,466|-0,671|4,745|-742,29|0|0,8|0|0,6|1|8|-6|1
219,641|0,332|4,226|-742,43|0|0,8|0|0,6|1|6|1|1
219,816|1,331|4,626|-742,601|0|0,8|0|0,6|0|6|2|1
219,991|2,261|4,597|-742,766|0|0,8|0|0,6|0|6|-4|1
220,166|2,815|3,608|-742,863|0|0,9|0|-0,5|0|9|-9|1
220,341|2,387|3,147|-742,782|0|-0,7|0|0,7|0|6|0|1
220,516|1,651|3,147|-742,648|0|-0,7|0|0,8|0|1|0|1
220,691|1,62|3,147|-742,642|0|-0,7|0|0,8|0|0|0|1
220,866|1,62|3,147|-742,642|0|-0,7|0|0,8|0|0|0|1
221,041|1,62|3,147|-742,642|0|-0,7|0|0,8|0|0|0|1
221,216|1,62|3,147|-742,642|0|-0,7|0|0,8|0|0|0|1
221,391|1,62|3,147|-742,642|0|-0,7|0|0,8|0|0|0|1
221,566|1,62|3,147|-742,642|0|-0,7|0|0,8|0|0|0|1
221,741|1,599|3,147|-742,758|0|-0,8|0|0,6|0|5|0|1
221,916|2,083|3,801|-743,573|0|1|0|0,1|0|9|7|1
222,091|2,655|4,592|-744,41|0|1|0|0,3|1|7|4|1
222,266|2,88|5,091|-745,388|0|1|0|0|1|6|2|1
222,441|2,833|5,546|-746,4|0|1|0|-0,1|1|6|2|1
222,616|2,713|5,984|-747,406|0|1|0|-0,1|1|6|2|1
222,791|2,573|6,405|-748,409|0|1|0|-0,1|1|7|3|1
222,966|2,428|6,859|-749,412|0|1|0|-0,1|1|7|4|1
223,141|2,281|7,359|-750,415|0|1|0|-0,1|1|6|2|1
223,316|2,134|7,818|-751,417|0|1|0|-0,1|1|6|2|1
223,491|1,989|8,252|-752,42|0|1|0|-0,1|0|6|1|1
223,666|1,852|8,075|-753,424|0|1|0|-0,1|0|7|-4|1
223,842|1,731|6,963|-754,361|0|1|0|-0,1|0|10|-9|1
224,017|1,631|5,067|-755,145|0|1|0|-0,1|0|14|-13|1
224,192|1,547|2,517|-755,801|0|1|0|-0,1|0|17|-17|1
224,367|1,476|-0,253|-756,35|0|1|0|-0,1|0|1|0|1
224,542|1,466|-0,253|-756,429|0|1|0|-0,1|0|0|0|1
224,717|2,145|-0,253|-756,483|0|0,9|0|0,5|0|6|0|1
224,892|3,186|-0,253|-756,558|0|0,8|0|0,7|0|6|0|1
225,067|3,554|-0,253|-756,584|0|0,7|0|0,7|0|0|0|1
225,242|3,56|-0,253|-756,584|0|0,7|0|0,7|0|0|0|1
225,417|3,56|-0,253|-756,584|0|0,7|0|0,7|0|0|0|1
225,592|3,56|-0,253|-756,584|0|0,7|0|0,7|0|0|0|1
225,767|3,56|-0,253|-756,584|0|0,7|0|0,7|0|0|0|1
225,942|3,56|-0,253|-756,584|0|0,7|0|0,7|0|0|0|1
226,117|3,56|-0,253|-756,584|0|0,7|0|0,7|0|0|0|1
226,292|3,56|-0,253|-756,584|0|0,7|0|0,7|0|0|0|1
226,467|3,56|-0,253|-756,584|0|0,7|0|0,7|0|0|0|1
226,642|3,56|-0,253|-756,584|0|0,7|0|0,7|0|0|0|1
226,817|3,56|-0,253|-756,584|0|0,7|0|0,7|0|0|0|1
226,992|3,56|-0,253|-756,584|0|0,7|0|0,7|0|0|0|1
227,167|3,56|-0,253|-756,584|0|0,7|0|0,7|0|0|0|1
227,342|3,56|-0,253|-756,584|0|0,7|0|0,7|0|0|0|1
227,517|3,56|-0,253|-756,584|0|0,7|0|0,7|0|0|0|1
227,692|3,56|-0,253|-756,584|0|0,7|0|0,7|0|0|0|1
227,867|3,56|-0,253|-756,584|0|0,7|0|0,7|0|0|0|1
228,042|3,56|-0,253|-756,584|0|0,7|0|0,7|0|0|0|1
228,217|3,56|-0,253|-756,584|0|0,7|0|0,7|0|0|0|1
228,392|3,56|-0,253|-756,584|0|0,7|0|0,7|0|0|0|1
228,567|3,56|-0,253|-756,584|0|0,7|0|0,7|0|0|0|1
228,742|3,56|-0,253|-756,584|0|0,7|0|0,7|0|0|0|1
228,917|3,56|-0,253|-756,584|0|0,7|0|0,7|0|0|0|1
229,092|3,56|-0,253|-756,584|0|0,7|0|0,7|0|0|0|1
229,267|3,56|-0,253|-756,584|0|0,7|0|0,7|0|0|0|1
229,442|3,56|-0,253|-756,584|0|0,7|0|0,7|0|0|0|1
229,617|3,56|-0,253|-756,584|0|0,7|0|0,7|0|0|0|1
229,792|3,56|-0,253|-756,584|0|0,7|0|0,7|0|0|0|1
229,967|3,56|-0,253|-756,584|0|0,7|0|0,7|0|0|0|1
230,142|3,56|-0,253|-756,584|0|0,7|0|0,7|0|0|0|1
230,317|3,56|-0,253|-756,584|0|0,7|0|0,7|0|0|0|1
230,492|3,56|-0,253|-756,584|0|0,7|0|0,7|0|0|0|1
230,667|3,56|-0,253|-756,584|0|0,7|0|0,7|0|0|0|1
230,842|3,56|-0,253|-756,584|0|0,7|0|0,7|0|0|0|1
231,017|3,56|-0,253|-756,584|0|0,7|0|0,7|0|0|0|1
231,192|3,56|-0,253|-756,584|0|0,7|0|0,7|0|0|0|1
231,367|3,56|-0,253|-756,584|0|0,7|0|0,7|0|0|0|1
231,542|3,56|-0,253|-756,584|0|0,7|0|0,7|0|0|0|1
231,717|3,56|-0,253|-756,584|0|0,7|0|0,7|0|0|0|1
231,892|3,56|-0,253|-756,584|0|0,7|0|0,7|0|0|0|1
232,067|3,56|0,856|-756,584|0|0,7|0|0,7|0|4|4|1
232,242|3,56|1,398|-756,584|0|0,7|0|0,7|1|3|3|1
232,417|3,56|1,85|-756,584|0|0,7|0|0,7|1|3|3|1
232,592|3,56|2,321|-756,584|0|0,7|0|0,7|1|2|2|1
232,767|3,56|2,741|-756,584|0|0,7|0|0,7|1|3|3|1
232,942|3,56|3,17|-756,584|0|0,7|0|0,7|1|3|3|1
233,117|3,56|3,665|-756,584|0|0,7|0|0,7|1|4|3|1
233,292|3,379|4,117|-757,314|0|1|0|0|1|6|3|1
233,468|3,134|4,598|-758,297|0|1|0|-0,1|1|6|2|1
233,643|2,89|5,062|-759,28|0|1|0|-0,1|1|7|3|1
233,818|2,646|5,524|-760,263|0|1|0|-0,1|1|6|3|1
233,993|2,402|6,006|-761,247|0|1|0|-0,1|1|7|3|1
234,168|2,158|6,45|-762,23|0|1|0|-0,1|1|7|3|1
234,343|1,966|6,894|-763,225|0|1|0|-0,1|1|7|3|1
234,518|1,878|7,323|-764,234|0|1|0|0|1|6|3|1
234,693|1,878|7,786|-765,247|0|1|0|0|1|6|3|1
234,868|1,936|8,268|-766,258|0|1|0|0|1|7|3|1
235,043|2,015|8,709|-767,268|0|1|0|0|1|7|3|1
235,218|2,095|9,177|-768,278|0|1|0|0|1|6|2|1
235,393|2,163|9,591|-769,289|0|1|0|0|0|6|1|1
235,568|2,215|9,346|-770,301|0|1|0|0|0|7|-5|1
235,743|2,255|8,176|-771,314|0|1|0|0|0|11|-9|1
235,918|2,286|6,232|-772,327|0|1|0|0|0|15|-13|1
236,093|2,31|4,317|-773,344|0|1|0|0|0|6|0|1
236,268|2,33|4,317|-774,391|0|1|0|0|0|6|0|1
236,443|2,349|5,223|-775,426|0|1|0|0|0|8|6|1
236,618|2,368|5,889|-776,439|0|1|0|0|1|6|2|1
236,793|2,386|6,323|-777,453|0|1|0|0|0|6|1|1
236,968|2,405|6,009|-778,466|0|1|0|0|0|8|-5|1
237,143|2,423|4,782|-779,479|0|1|0|0|0|11|-10|1
237,318|2,442|2,79|-780,492|0|1|0|0|0|15|-14|1
237,493|2,46|0,159|-781,505|0|1|0|0|0|18|-17|1
237,668|2,479|-1,953|-782,523|0|1|0|0|0|6|0|1
237,843|2,498|-1,953|-783,57|0|1|0|0|0|6|0|1
238,018|1,867|-1,953|-784,353|0|0,9|0|-0,3|0|6|0|1
238,193|1,075|-1,953|-785,041|0|0,9|0|-0,4|0|6|0|1
238,368|0,214|-1,953|-785,641|0|0,9|0|-0,5|0|6|0|1
238,543|-0,683|-1,953|-786,186|0|0,9|0|-0,5|0|6|0|1
238,718|-1,593|-1,953|-786,71|0|-0,9|0|0,5|0|6|0|1
238,893|-2,518|-1,953|-787,205|0|-0,9|0|0,5|0|6|0|1
239,068|-3,462|-1,953|-787,666|0|-0,8|0|0,5|0|6|0|1
239,243|-4,422|-1,953|-787,827|0|-0,8|0|0,5|0|6|0|1
239,418|-5,396|-1,953|-787,827|0|-0,8|0|0,6|0|6|0|1
239,593|-6,356|-2,23|-787,967|0|-0,8|0|0,6|0|7|-5|1
239,768|-7,323|-2,922|-788,269|0|-0,8|0|0,6|1|6|-1|1
239,943|-8,272|-2,654|-788,625|0|-0,8|0|0,6|1|6|2|1
240,118|-9,21|-2,223|-789,009|0|-0,8|0|0,6|1|7|3|1
240,293|-10,14|-1,752|-789,411|0|-0,8|0|0,5|1|6|2|1
240,468|-11,005|-1,32|-789,919|0|0,9|0|-0,4|1|6|3|1
240,643|-11,516|-0,872|-790,788|0|1|0|-0,2|1|6|3|1
240,818|-11,792|-0,391|-791,762|0|1|0|-0,1|1|6|2|1
240,993|-11,97|-0,501|-792,759|0|1|0|-0,1|0|7|-4|1
241,168|-12,108|-1,558|-793,763|0|1|0|0|0|11|-9|1
241,343|-12,207|-1,953|-794,788|0|1|0|0|0|6|0|1
241,518|-12,286|-1,953|-795,835|0|1|0|0|0|6|0|1
241,693|-12,363|-1,953|-796,882|0|1|0|0|0|6|0|1
241,868|-12,441|-1,953|-797,929|0|1|0|0|0|6|0|1
242,043|-12,518|-1,299|-798,968|0|1|0|0|0|9|7|1
242,218|-12,592|-0,508|-799,979|0|1|0|0|1|7|4|1
242,393|-12,666|-0,009|-800,989|0|1|0|0|1|6|2|1
242,568|-12,74|0,446|-802|0|1|0|0|1|6|2|1
242,743|-12,811|0,884|-803,011|0|1|0|0|1|6|2|1
242,919|-12,858|1,305|-804,023|0|1|0|0|1|7|3|1
243,094|-12,867|1,759|-805,036|0|1|0|0|1|7|4|1
243,269|-12,837|2,18|-806,049|0|1|0|0|0|6|0|1
243,444|-12,781|1,71|-807,06|0|1|0|0|0|8|-6|1
243,619|-12,703|0,353|-808,07|0|1|0|0,1|0|12|-10|1
243,794|-12,604|-1,748|-809,079|0|1|0|0,1|0|6|0|1
243,969|-12,459|-1,953|-810,105|0|1|0|0,1|0|6|0|1
244,144|-12,253|-1,953|-811,134|0|1|0|0,1|0|6|0|1
244,319|-12,018|-1,953|-812,158|0|1|0|0,1|0|6|0|1
244,494|-11,779|-1,953|-813,18|0|1|0|0,1|0|6|0|1
244,669|-11,533|-1,953|-814,201|0|1|0|0,1|0|6|0|1
244,844|-11,266|-1,953|-815,216|0|1|0|0,1|0|12|10|1
245,019|-10,995|-0,698|-816,2|0|1|0|0,1|0|6|3|1
245,194|-10,715|-0,185|-817,174|0|1|0|0,1|1|6|2|1
245,369|-10,415|0,252|-818,142|0|1|0|0,2|1|6|2|1
245,544|-10,096|0,68|-819,104|0|1|0|0,2|1|6|3|1
245,719|-9,758|1,148|-820,059|0|1|0|0,2|1|6|2|1
245,894|-9,403|1,569|-821,008|0|1|0|0,2|1|6|3|1
246,069|-9,03|2,082|-821,95|0|1|0|0,2|0|6|2|1
246,244|-8,637|2,014|-822,884|0|1|0|0,2|0|7|-4|1
246,419|-8,218|0,993|-823,806|0|1|0|0,2|0|10|-9|1
246,594|-7,739|-0,827|-824,699|0|1|0|0,3|0|14|-13|1
246,769|-7,139|-1,953|-825,523|0|0,9|0|0,4|0|6|0|1
246,944|-6,42|-1,953|-826,287|0|0,9|0|0,4|0|6|0|1
247,119|-5,698|-1,953|-827,049|0|0,9|0|0,4|0|6|0|1
247,294|-4,975|-1,953|-827,811|0|0,9|0|0,4|0|6|0|1
247,469|-4,252|-1,953|-828,572|0|0,9|0|0,4|0|6|0|1
247,644|-3,529|-1,953|-829,334|0|0,9|0|0,4|0|6|0|1
247,819|-2,817|-1,047|-830,085|0|0,9|0|0,4|0|8|6|1
247,994|-2,118|-0,381|-830,818|0|0,9|0|0,4|1|6|2|1
248,169|-1,41|0,052|-831,544|0|0,9|0|0,4|1|6|3|1
248,344|-0,685|0,515|-832,251|0|0,9|0|0,4|1|7|3|1
248,519|0,059|0,944|-832,94|0|0,9|0|0,4|1|6|3|1
248,694|0,808|1,41|-833,621|0|0,9|0|0,4|1|6|2|1
248,869|1,526|1,886|-834,336|0|0,9|0|0,3|1|6|2|1
249,044|2,044|2,319|-835,201|0|1|0|0,2|1|6|3|1
249,219|2,264|2,789|-836,187|0|1|0|0|1|7|3|1
249,394|2,312|3,199|-837,199|0|1|0|0|0|6|0|1
249,569|2,318|2,822|-838,212|0|1|0|0|0|8|-5|1
249,744|2,31|1,542|-839,225|0|1|0|0|0|12|-10|1
249,919|2,293|-0,494|-840,238|0|1|0|0|0|15|-14|1
250,094|2,27|-1,953|-841,262|0|1|0|0|0|6|0|1
250,269|2,247|-1,953|-842,31|0|1|0|0|0|6|0|1
250,444|2,231|-1,953|-843,36|0|1|0|0|0|6|0|1
250,619|2,216|-1,953|-844,41|0|1|0|0|0|6|0|1
250,794|2,202|-1,953|-845,46|0|1|0|0|0|6|0|1
250,969|2,187|-1,953|-846,509|0|1|0|0|0|12|10|1
251,144|2,173|-0,698|-847,53|0|1|0|0|0|6|3|1
251,319|2,159|-0,185|-848,543|0|1|0|0|1|6|2|1
251,494|2,145|0,252|-849,556|0|1|0|0|1|6|2|1
251,669|2,13|0,68|-850,569|0|1|0|0|1|6|3|1
251,844|2,116|1,148|-851,583|0|1|0|0|1|6|2|1
252,019|2,102|1,569|-852,596|0|1|0|0|1|6|3|1
252,194|2,09|2,082|-853,609|0|1|0|0|1|6|2|1
252,369|2,096|2,519|-854,622|0|1|0|0|1|6|2|1
252,545|2,127|2,96|-855,635|0|1|0|0|1|6|3|1
252,72|2,173|3,481|-856,647|0|1|0|0|1|6|2|1
252,895|2,229|3,914|-857,659|0|1|0|0|1|7|4|1
253,07|2,289|4,413|-858,67|0|1|0|0|1|6|2|1
253,245|2,35|4,864|-859,682|0|1|0|0|1|6|2|1
253,42|2,406|5,3|-860,672|0|1|0|0|1|5|2|1
253,595|2,453|5,72|-861,52|0|1|0|0|1|5|3|1
253,77|2,493|6,176|-862,229|0|1|0|0|1|5|4|1
253,945|2,533|6,593|-862,962|0|1|0|0|0|6|0|1
254,12|2,584|6,116|-863,974|0|1|0|0|0|8|-6|1
254,295|2,634|4,752|-864,986|0|1|0|0|0|12|-10|1
254,47|2,682|2,647|-865,998|0|1|0|0|0|15|-14|1
254,645|2,73|-0,08|-867,01|0|1|0|0|0|18|-17|1
254,82|2,764|-1,953|-868,033|0|1|0|0|0|6|0|1
254,995|2,777|-1,953|-869,082|0|1|0|0|0|6|0|1
255,17|2,782|-1,953|-870,132|0|1|0|0|0|6|0|1
255,345|2,784|-0,844|-871,16|0|1|0|0|0|7|4|1
255,52|2,783|-0,302|-872,173|0|1|0|0|1|7|3|1
255,695|2,781|0,15|-873,186|0|1|0|0|1|6|3|1
255,87|2,779|0,621|-874,199|0|1|0|0|1|6|2|1
256,045|2,776|1,041|-875,213|0|1|0|0|1|7|3|1
256,22|2,774|1,47|-876,226|0|1|0|0|1|6|3|1
256,395|2,771|1,965|-877,239|0|1|0|0|1|7|3|1
256,57|2,768|2,417|-878,252|0|1|0|0|1|6|3|1
256,745|2,766|2,898|-879,265|0|1|0|0|1|6|2|1
256,92|2,76|3,362|-880,278|0|1|0|0|1|7|3|1
257,095|2,752|3,824|-881,292|0|1|0|0|1|6|3|1
257,27|2,743|4,306|-882,305|0|1|0|0|1|7|3|1
257,445|2,733|4,75|-883,318|0|1|0|0|1|7|3|1
257,62|2,724|5,194|-884,331|0|1|0|0|1|7|3|1
257,795|2,714|5,623|-885,344|0|1|0|0|1|6|3|1
257,97|2,703|6,086|-886,358|0|1|0|0|1|6|3|1
258,145|2,691|6,569|-887,371|0|1|0|0|0|6|1|1
258,32|2,678|6,296|-888,384|0|1|0|0|0|8|-5|1
258,495|2,664|5,103|-889,397|0|1|0|0|0|11|-10|1
258,67|2,649|3,14|-890,41|0|1|0|0|0|15|-14|1
258,845|2,633|0,533|-891,423|0|1|0|0|0|18|-17|1
259,02|2,615|-1,953|-892,437|0|1|0|0|0|6|0|1
259,195|2,591|-1,953|-893,481|0|1|0|0|0|6|0|1
259,37|2,566|-1,953|-894,53|0|1|0|0|0|6|0|1
259,545|2,544|-1,953|-895,58|0|1|0|0|0|6|0|1
259,72|2,529|-1,953|-896,63|0|1|0|0|0|6|0|1
259,895|2,529|-1,953|-897,68|0|1|0|0|0|6|0|1
260,07|2,547|-1,953|-898,73|0|1|0|0|0|6|0|1
260,245|2,575|-1,953|-899,779|0|1|0|0|0|6|0|1
260,42|2,607|-1,953|-900,829|0|1|0|0|0|6|0|1
260,595|2,641|-1,953|-901,878|0|1|0|0|0|6|0|1
260,77|2,672|-1,953|-902,928|0|1|0|0|0|6|0|1
260,945|2,694|-1,047|-903,963|0|1|0|0|0|8|6|1
261,12|2,711|-0,381|-904,976|0|1|0|0|1|6|2|1
261,295|2,724|0,052|-905,989|0|1|0|0|1|6|3|1
261,47|2,726|0,515|-907,003|0|1|0|0|1|7|3|1
261,645|2,703|0,944|-908,016|0|1|0|0|1|6|3|1
261,82|2,668|1,41|-909,028|0|1|0|0|1|6|2|1
261,996|2,63|1,886|-910,041|0|1|0|0|1|6|2|1
262,171|2,592|2,319|-911,053|0|1|0|0|1|6|3|1
262,346|2,553|2,789|-912,066|0|1|0|0|1|7|3|1
262,521|2,514|3,281|-913,079|0|1|0|0|1|6|2|1
262,696|2,475|3,724|-914,091|0|1|0|0|1|6|3|1
262,871|2,436|4,236|-915,104|0|1|0|0|1|6|2|1
263,046|2,397|4,673|-916,116|0|1|0|0|1|6|2|1
263,221|2,366|5,096|-917,129|0|1|0|0|1|6|3|1
263,396|2,356|5,527|-917,94|0|1|0|0|0|2|2|1
263,571|2,356|5,877|-917,94|0|1|0|0|0|2|2|1
263,746|2,356|6,227|-917,94|0|1|0|0|0|2|2|1
263,921|2,356|6,577|-917,94|0|1|0|0|0|2|2|1
264,096|2,356|6,927|-917,94|0|1|0|0|0|2|2|1
264,271|2,356|7,277|-917,94|0|1|0|0|0|2|2|1
264,446|2,356|7,627|-917,94|0|1|0|0|0|2|2|1
264,621|2,356|7,977|-917,94|0|1|0|0|0|2|2|1
264,796|2,356|8,327|-917,94|0|1|0|0|0|2|2|1
264,971|2,356|8,677|-917,94|0|1|0|0|0|2|2|1
265,146|2,356|9,027|-917,94|0|1|0|0|0|2|2|1
265,321|2,356|9,377|-917,94|0|1|0|0|0|2|2|1
265,496|2,356|9,727|-917,94|0|1|0|0|0|2|2|1
265,671|2,356|10,077|-917,94|0|1|0|0|0|2|2|1
265,846|2,356|10,427|-917,94|0|1|0|0|0|2|2|1
266,021|2,356|10,777|-917,94|0|1|0|0|0|2|2|1
266,196|2,356|11,127|-917,94|0|1|0|0|0|2|2|1
266,371|2,356|11,477|-917,94|0|1|0|0|0|2|2|1
266,546|2,387|11,404|-918,166|0|1|0|0,1|0|3|1|1
266,721|2,505|11,367|-919,013|0|1|0|0,1|0|6|0|1
266,896|2,649|11,367|-920,05|0|1|0|0,1|0|6|0|1
267,071|2,792|11,367|-921,09|0|1|0|0,1|0|6|0|1
267,246|2,929|11,367|-922,131|0|1|0|0,1|0|6|0|1
267,421|3,059|11,223|-923,155|0|1|0|0,1|0|7|-4|1
267,596|3,187|12,206|-924,16|0|1|0|0,1|0|7|4|1
267,771|3,313|12,748|-925,165|0|1|0|0,1|1|7|3|1
267,946|3,437|13,122|-926,171|0|1|0|0,1|0|6|-1|1
268,121|3,56|12,612|-927,177|0|1|0|0,1|0|8|-6|1
268,296|3,682|11,22|-928,183|0|1|0|0,1|0|12|-11|1
268,471|3,801|9,092|-929,189|0|1|0|0,1|0|16|-14|1
268,646|3,892|6,346|-930,198|0|1|0|0|0|18|-18|1
268,821|3,913|3,084|-931,21|0|1|0|-0,1|0|21|-20|1
268,996|3,649|-0,61|-932,182|0|0,9|0|-0,4|0|23|-22|1
269,171|2,968|-1,953|-932,91|0|0,9|0|-0,5|0|6|0|1
269,346|2,391|-1,953|-933,683|0|1|0|-0,2|0|6|0|1
269,521|2,23|-1,953|-934,715|0|1|0|-0,1|0|6|0|1
269,696|2,167|-1,953|-935,763|0|1|0|0|0|6|0|1
269,871|2,158|-1,953|-936,813|0|1|0|0|0|6|0|1
270,046|2,185|-1,953|-937,862|0|1|0|0|0|6|0|1
270,221|2,226|-1,953|-938,911|0|1|0|0|0|6|0|1
270,396|2,27|-1,953|-939,961|0|1|0|0|0|6|0|1
270,571|2,315|-1,953|-941,01|0|1|0|0|0|6|0|1
270,746|2,359|-0,844|-942,037|0|1|0|0|0|7|4|1
270,921|2,401|-0,302|-943,049|0|1|0|0|1|7|3|1
271,096|2,433|0,15|-944,036|0|1|0|0|1|6|3|1
271,271|2,448|0,621|-944,923|0|1|0|0|1|5|2|1
271,446|2,42|1,041|-945,809|0|1|0|0|1|6|3|1
271,622|2,348|1,47|-946,692|0|1|0|0|1|6|3|1
271,797|2,253|1,965|-947,574|0|1|0|0|1|6|3|1
271,972|2,142|2,417|-948,455|0|1|0|0|0|5|2|1
272,147|2,014|2,266|-949,221|0|1|0|0|0|6|-4|1
272,322|1,867|1,176|-949,821|0|1|0|0|0|10|-9|1
272,497|1,691|0,084|-950,565|0|1|0|0|1|6|-2|1
272,672|1,533|0,099|-951,439|0|1|0|0|1|6|3|1
272,847|1,398|0,564|-952,317|0|1|0|0|1|6|2|1
273,022|1,278|1,025|-953,196|0|1|0|0|1|6|3|1
273,197|1,171|1,467|-954,077|0|1|0|0|1|6|3|1
273,372|1,089|1,935|-954,96|0|1|0|0|1|6|3|1
273,547|1,062|2,307|-955,838|0|1|0|0|0|5|-1|1
273,722|1,088|1,807|-956,574|0|1|0|0|0|7|-6|1
273,897|1,475|0,665|-957,088|0|0,9|0|0,4|1|7|-4|1
274,072|2,242|0,425|-957,614|0|1|0|0,2|1|6|2|1
274,247|2,738|0,854|-958,368|0|1|0|0,1|1|6|3|1
274,422|3,067|1,301|-959,199|0|1|0|0,1|1|6|3|1
274,597|3,317|1,772|-960,054|0|1|0|0,1|1|5|2|1
274,772|3,531|2,191|-960,918|0|1|0|0,1|1|6|3|1
274,947|3,722|2,589|-961,862|0|1|0|0,1|0|6|0|1
275,122|3,876|2,176|-962,864|0|1|0|0,1|0|8|-6|1
275,297|4,011|0,866|-963,868|0|1|0|0,1|0|12|-10|1
275,472|4,125|-1,195|-964,875|0|1|0|0|0|15|-14|1
275,647|4,205|-1,953|-965,901|0|1|0|0|0|6|0|1
275,822|4,181|-1,953|-966,92|0|1|0|-0,1|0|6|0|1
275,997|3,535|-1,953|-967,722|0|1|0|-0,3|0|6|0|1
276,172|2,837|-1,953|-968,506|0|0,9|0|-0,3|0|6|0|1
276,347|2,138|-1,953|-969,29|0|0,9|0|-0,4|0|6|0|1
276,522|1,647|-1,953|-970,146|0|1|0|-0,2|0|6|0|1
276,697|1,686|-1,953|-971,186|0|1|0|0|0|6|0|1
276,872|1,747|-1,953|-972,234|0|1|0|0|0|12|10|1
277,047|1,806|-0,698|-973,253|0|1|0|0|0|6|3|1
277,222|1,865|-0,185|-974,265|0|1|0|0|1|6|2|1
277,397|1,925|0,252|-975,277|0|1|0|0|1|6|2|1
277,572|1,984|0,68|-976,288|0|1|0|0|1|6|3|1
277,747|2,043|1,148|-977,3|0|1|0|0|1|6|2|1
277,922|2,128|1,569|-978,312|0|1|0|0|0|6|2|1
278,097|2,588|1,419|-979,274|0|1|0|0|0|8|-4|1
278,272|3,346|0,33|-980,221|0|1|0|0|0|12|-9|1
278,447|4,319|-1,547|-981,234|0|1|0|0|0|9|0|1
278,622|4,848|-1,953|-981,606|0|1|0|0|0|1|0|1
278,797|5,08|-1,953|-981,612|0|1|0|0|0|1|0|1
278,972|5,87|-1,953|-981,232|0|0,7|0|0,7|0|7|0|1
279,147|6,811|-1,953|-980,476|0|0,4|0|0,9|0|7|0|1
279,322|7,47|-1,953|-979,847|0|0,3|0|0,9|0|2|0|1
279,497|7,714|-1,953|-979,82|0|0,3|0|0,9|0|1|0|1
279,672|8,186|-1,953|-979,968|0|0,6|0|0,8|0|7|0|1
279,847|9,289|-1,953|-980,486|0|0,8|0|0,6|0|7|0|1
280,022|10,442|-1,953|-980,979|0|0,9|0|0,5|0|12|10|1
280,197|11,763|-0,698|-981,441|0|0,9|0|0,5|0|10|3|1
280,372|13,456|-0,267|-981,839|0|0,9|0|0,5|0|11|0|1
280,547|15,463|-0,7|-982,17|0|0,9|0|0,5|0|14|-6|1
280,722|17,734|-1,957|-982,446|0|0,9|0|0,5|0|7|0|1
280,897|18,735|-1,953|-982,572|0|0,8|0|0,6|0|7|0|1
281,072|19,917|-1,953|-982,261|0|0,6|0|0,8|0|7|0|1
281,248|20,581|-1,953|-981,699|0|0,3|0|1|0|5|0|1
281,423|20,863|-1,953|-981,217|0|0,2|0|1|0|1|0|1
281,598|20,875|-1,953|-981,415|0|0,2|0|1|0|1|0|1
281,773|20,875|-1,953|-981,641|0|0,2|0|1|0|1|0|1
281,948|20,875|-1,953|-981,868|0|0,2|0|1|0|1|0|1
282,123|20,875|-1,953|-982,095|0|0,2|0|1|0|1|0|1
282,298|21,067|-1,953|-982,109|0|0,3|0|1|0|5|0|1
282,473|21,771|-1,953|-981,599|0|0,4|0|0,9|0|5|0|1
282,648|22,551|-1,953|-981,125|0|0,4|0|0,9|0|5|0|1
282,823|23,367|-1,953|-980,691|0|0,4|0|0,9|0|5|0|1
282,998|24,203|-1,953|-980,282|0|0,4|0|0,9|0|2|0|1
283,173|24,335|-1,953|-980,414|0|0,4|0|0,9|0|1|0|1
283,348|24,337|-1,953|-980,639|0|0,4|0|0,9|0|1|0|1
283,523|24,337|-1,953|-980,865|0|0,4|0|0,9|0|1|0|1
283,698|24,337|-1,953|-981,092|0|0,4|0|0,9|0|1|0|1
283,873|24,337|-1,299|-981,343|0|0,4|0|0,9|0|7|7|1
284,048|24,337|-0,508|-982,017|0|0,4|0|0,9|1|7|4|1
284,223|24,337|-0,09|-983,172|0|0,4|0|0,9|0|8|0|1
284,398|24,338|-0,567|-984,73|0|0,4|0|0,9|0|12|-6|1
284,573|24,338|-1,93|-986,624|0|0,4|0|0,9|0|12|0|1
284,748|24,339|-1,082|-987,653|0|0,7|0|0,7|0|8|6|1
284,923|24,355|-0,417|-988,902|0|1|0|0,1|1|9|2|1
285,098|24,383|0,016|-990,537|0|1|0|0|1|11|3|1
285,273|24,416|0,479|-992,497|0|1|0|0|1|13|3|1
285,448|24,453|0,908|-994,728|0|1|0|0|1|14|3|1
285,623|24,493|1,374|-997,186|0|1|0|0|1|15|2|1
285,798|24,537|1,85|-999,834|0|1|0|0|1|16|2|1
285,973|24,583|2,285|-1002,64|0|1|0|0|0|17|1|1
286,148|24,626|1,971|-1005,58|0|1|0|0|0|18|-5|1
286,323|24,299|0,744|-1008,388|0|1|0|0|0|18|-10|1
286,498|23,435|-1,247|-1010,741|0|1|0|0|0|19|-14|1
286,673|22,677|-1,953|-1011,867|0|1|0|0|0|2|0|1
286,848|22,437|-1,953|-1011,896|0|1|0|0|0|1|0|1
287,023|22,21|-1,953|-1011,897|0|1|0|0|0|1|0|1
287,198|21,983|-1,953|-1011,898|0|1|0|0|0|1|0|1
287,373|21,621|-1,953|-1011,233|0|-0,4|0|0,9|0|6|0|1
287,548|21,257|-1,953|-1010,2|0|-0,1|0|1|0|6|0|1
287,723|20,902|-1,953|-1009,159|0|-0,1|0|1|0|6|0|1
287,898|19,928|-1,953|-1008,548|0|-0,5|0|0,9|0|7|0|1
288,073|18,69|-1,953|-1008,713|0|-0,7|0|0,7|0|7|0|1
288,248|17,447|-1,953|-1008,975|0|-0,8|0|0,6|0|7|0|1
288,423|16,204|-1,953|-1009,241|0|-0,8|0|0,6|0|7|0|1
288,598|14,958|-1,953|-1009,495|0|-0,8|0|0,6|0|7|0|1
288,773|13,691|-1,953|-1009,624|0|-0,7|0|0,7|0|7|0|1
288,948|12,627|-1,953|-1009,142|0|-0,5|0|0,9|0|7|0|1
289,123|11,528|-1,953|-1008,719|0|-0,6|0|0,8|0|7|0|1
289,298|10,903|-1,299|-1008,703|0|-0,6|0|0,8|0|8|7|1
289,473|10,152|-0,508|-1008,703|0|-0,6|0|0,8|1|7|4|1
289,648|8,932|-0,009|-1008,706|0|-0,6|0|0,8|1|9|2|1
289,823|7,32|0,446|-1008,73|0|-0,7|0|0,7|1|11|2|1
289,998|5,453|0,884|-1008,998|0|-0,7|0|0,7|1|11|2|1
290,173|3,772|1,224|-1009,631|0|-0,7|0|0,7|0|10|-1|1
290,348|2,292|0,705|-1010,589|0|-0,8|0|0,6|0|12|-6|1
290,523|0,982|-0,693|-1011,884|0|-0,8|0|0,6|0|15|-11|1
290,699|0,121|-1,953|-1013,454|0|1|0|-0,1|0|6|0|1
290,874|0,825|-1,299|-1014,338|0|1|0|0,3|0|10|7|1
291,049|1,438|-0,508|-1015,623|0|1|0|0,3|1|10|4|1
291,224|1,674|-0,009|-1017,369|0|1|0|0|1|11|2|1
291,399|1,597|0,446|-1019,443|0|1|0|-0,1|1|13|2|1
291,574|1,422|0,884|-1021,763|0|1|0|-0,1|1|14|2|1
291,749|1,226|1,305|-1024,293|0|1|0|-0,1|1|15|3|1
291,924|1,065|1,759|-1027|0|1|0|0|1|16|4|1
292,099|0,998|2,259|-1029,86|0|1|0|0|0|17|2|1
292,274|1,209|2,148|-1032,839|0|1|0|0,2|0|17|-4|1
292,449|1,464|1,091|-1035,556|0|1|0|0,1|0|17|-9|1
292,624|1,67|-0,758|-1037,83|0|1|0|0,1|0|17|-13|1
292,799|1,81|-1,953|-1039,541|0|1|0|0|0|6|0|1
292,974|1,881|-1,953|-1040,614|0|1|0|0|0|6|0|1
293,149|1,95|-1,953|-1041,663|0|1|0|0|0|6|0|1
293,324|2,019|-1,953|-1042,711|0|1|0|0|0|6|0|1
293,499|2,085|-1,953|-1043,759|0|1|0|0|0|6|0|1
293,674|2,148|-1,953|-1044,807|0|1|0|0|0|6|0|1
293,849|2,207|-1,953|-1045,855|0|1|0|0|0|6|0|1
294,024|2,268|-1,953|-1046,904|0|1|0|0|0|6|0|1
294,199|2,331|-1,953|-1047,952|0|1|0|0|0|6|0|1
294,374|2,395|-1,953|-1049|0|1|0|0|0|6|0|1
294,549|2,459|-1,953|-1050,047|0|1|0|0|0|6|0|1
294,724|2,524|-1,891|-1051,111|0|1|0|0|0|6|2|1
294,899|2,591|-1,891|-1052,192|0|1|0|0|0|6|2|1
295,074|2,64|-1,891|-1052,992|0|1|0|0|0|2|2|1
295,249|2,65|-0,253|-1053,145|0|1|0|0|0|12|12|1
295,424|2,658|1,944|-1053,272|0|1|0|0|1|13|13|1
295,599|2,666|4,227|-1053,378|0|1|0|0|0|13|13|1
295,774|2,674|6,601|-1053,467|0|1|0|0|0|14|14|1
295,949|2,68|9,051|-1053,542|0|1|0|0|0|14|14|1
296,124|2,686|11,564|-1053,606|0|1|0|0|0|15|15|1
296,299|2,692|14,131|-1053,659|0|1|0|0|0|15|15|1
296,474|2,698|16,742|-1053,704|0|1|0|0|0|15|15|1
296,649|2,703|19,39|-1053,742|0|1|0|0|0|15|15|1
296,824|2,708|22,069|-1053,775|0|1|0|0|0|15|15|1
296,999|2,713|24,775|-1053,802|0|1|0|0|0|16|16|1
297,174|2,717|27,502|-1053,826|0|1|0|0|0|16|16|1
297,349|2,722|30,248|-1053,846|0|1|0|0|0|16|16|1
297,524|2,726|33,009|-1053,863|0|1|0|0|0|16|16|1
297,699|2,73|35,783|-1053,878|0|1|0|0|0|16|16|1
297,874|2,734|38,567|-1053,891|0|1|0|0|0|16|16|1
298,049|2,739|41,361|-1053,902|0|1|0|0|0|16|16|1
298,224|2,743|44,161|-1053,911|0|1|0|0|0|16|16|1
298,399|2,755|46,907|-1054,058|0|1|0|0|0|13|13|1
298,574|2,797|48,567|-1054,711|0|1|0|0|0|7|5|1
298,749|2,855|48,992|-1055,707|0|1|0|0|0|6|-1|1
298,924|2,902|48,383|-1056,719|0|1|0|0|0|9|-7|1
299,099|2,936|46,909|-1057,731|0|1|0|0|0|12|-11|1
299,274|2,953|45,342|-1058,749|0|1|0|0|0|6|0|1
299,449|2,947|46,451|-1059,775|0|1|0|0|0|7|4|1
299,624|2,938|46,993|-1060,788|0|1|0|0|1|7|3|1
299,799|2,927|47,131|-1061,801|0|1|0|0|0|6|-3|1
299,974|2,915|46,281|-1062,814|0|1|0|0|0|10|-8|1
300,149|2,903|45,342|-1063,831|0|1|0|0|0|6|0|1
300,325|2,888|45,342|-1064,879|0|1|0|0|0|6|0|1
300,5|2,872|45,342|-1065,929|0|1|0|0|0|6|0|1
300,675|2,851|45,342|-1066,978|0|1|0|0|0|6|0|1
300,85|2,846|45,342|-1068,028|0|1|0|0|0|6|0|1
301,025|2,875|45,342|-1069,078|0|1|0|0|0|6|0|1
301,2|2,916|45,342|-1070,127|0|1|0|0|0|6|0|1
301,375|2,957|45,342|-1071,176|0|1|0|0|0|6|0|1
301,55|2,995|46,451|-1072,203|0|1|0|0|0|7|4|1
301,725|3,036|46,993|-1073,216|0|1|0|0|1|7|3|1
301,9|3,082|47,366|-1074,228|0|1|0|0|0|6|-1|1
302,075|3,133|46,856|-1075,24|0|1|0|0|1|7|-4|1
302,25|3,375|46,629|-1076,208|0|1|0|0,3|1|6|2|1
302,425|4,124|47,054|-1076,85|0|0,8|0|0,6|1|7|3|1
302,6|5,124|47,487|-1076,988|0|0,7|0|0,7|1|7|3|1
302,775|6,136|47,886|-1076,942|0|0,7|0|0,7|0|6|0|1
302,95|7,146|47,476|-1076,856|0|0,7|0|0,7|0|8|-6|1
303,125|8,154|46,169|-1076,756|0|0,7|0|0,7|0|12|-10|1
303,3|9,162|44,11|-1076,651|0|0,7|0|0,7|0|15|-14|1
303,475|10,17|41,547|-1076,549|0|0,7|0|0,7|0|6|0|1
303,65|11,211|41,547|-1076,461|0|0,7|0|0,7|0|6|0|1
303,825|12,259|41,547|-1076,41|0|0,7|0|0,7|0|6|0|1
304|13,307|41,547|-1076,448|0|0,7|0|0,7|0|6|0|1
304,175|13,463|41,547|-1077,142|0|1|0|0|0|6|0|1
304,35|12,9|41,547|-1078,012|0|1|0|-0,3|0|5|0|1
304,525|11,913|41,547|-1078,178|0|-0,8|0|0,6|0|6|0|1
304,7|11,016|41,547|-1078,549|0|0,9|0|-0,5|0|6|0|1
304,875|10,294|41,547|-1079,306|0|0,9|0|-0,4|0|6|0|1
305,05|9,576|41,547|-1080,072|0|0,9|0|-0,4|0|6|0|1
305,225|8,838|41,547|-1080,818|0|0,9|0|-0,4|0|6|0|1
305,4|8,009|41,547|-1081,459|0|0,9|0|-0,4|0|6|0|1
305,575|7,084|41,547|-1081,953|0|-0,9|0|0,5|0|6|0|1
305,75|6,116|42,453|-1082,317|0|-0,8|0|0,6|0|8|6|1
305,925|5,154|43,119|-1082,637|0|-0,8|0|0,6|1|6|2|1
306,1|4,186|43,398|-1082,934|0|-0,8|0|0,6|0|6|-2|1
306,275|3,215|42,737|-1083,225|0|-0,8|0|0,6|0|9|-7|1
306,45|2,244|41,22|-1083,513|0|-0,8|0|0,6|0|13|-11|1
306,625|1,272|38,986|-1083,8|0|-0,8|0|0,6|0|16|-15|1
306,8|0,3|36,152|-1084,085|0|-0,8|0|0,6|0|19|-18|1
306,975|-0,673|33,601|-1084,37|0|-0,8|0|0,6|1|11|-10|1
307,15|-1,646|32,395|-1084,653|0|-0,8|0|0,6|1|6|-3|1
307,325|-2,619|32,315|-1084,935|0|-0,8|0|0,6|1|6|3|1
307,5|-3,592|32,77|-1085,217|0|-0,8|0|0,6|1|6|2|1
307,675|-4,566|33,029|-1085,499|0|-0,8|0|0,6|0|6|-2|1
307,85|-5,539|32,348|-1085,781|0|-0,8|0|0,6|0|9|-7|1
308,025|-6,509|30,814|-1086,071|0|-0,8|0|0,6|0|6|0|1
308,2|-7,451|30,747|-1086,497|0|-0,8|0|0,5|0|6|0|1
308,375|-8,356|30,747|-1086,978|0|-0,8|0|0,6|0|6|0|1
308,55|-9,391|30,747|-1087,001|0|-0,7|0|0,7|0|6|0|1
308,725|-10,423|30,747|-1087,184|0|-0,8|0|0,6|0|6|0|1
308,9|-11,032|30,747|-1087,92|0|1|0|-0,3|0|6|0|1
309,075|-11,282|30,747|-1088,934|0|1|0|-0,1|0|6|0|1
309,25|-11,301|30,747|-1089,98|0|1|0|0|0|6|0|1
309,425|-11,116|30,747|-1091,011|0|1|0|0,1|0|6|0|1
309,6|-10,789|30,747|-1092,008|0|1|0|0,2|0|6|0|1
309,776|-10,374|30,747|-1092,972|0|1|0|0,2|0|6|0|1
309,951|-9,94|31,097|-1093,928|0|1|0|0,2|0|10|8|1
310,126|-9,52|32,102|-1094,85|0|1|0|0,2|1|6|3|1
310,301|-9,101|32,584|-1095,772|0|1|0|0,2|0|6|1|1
310,476|-8,682|32,305|-1096,695|0|1|0|0,2|0|8|-5|1
310,651|-8,264|31,106|-1097,617|0|1|0|0,2|0|11|-10|1
310,826|-7,872|29,139|-1098,552|0|1|0|0,2|0|15|-14|1
311,001|-7,575|26,61|-1099,52|0|1|0|0,1|1|14|-12|1
311,176|-7,48|24,989|-1100,527|0|1|0|0|1|8|-5|1
311,351|-7,523|24,563|-1101,539|0|1|0|0|1|6|1|1
311,526|-7,618|24,973|-1102,548|0|1|0|-0,1|1|6|2|1
311,701|-7,728|25,391|-1103,555|0|1|0|-0,1|1|7|3|1
311,876|-7,841|25,868|-1104,562|0|1|0|-0,1|1|6|2|1
312,051|-7,955|26,3|-1105,569|0|1|0|-0,1|1|7|4|1
312,226|-8,07|26,783|-1106,575|0|1|0|-0,1|1|6|2|1
312,401|-8,185|27,201|-1107,582|0|1|0|-0,1|0|6|1|1
312,576|-8,299|26,905|-1108,588|0|1|0|-0,1|0|8|-5|1
312,751|-8,414|25,693|-1109,595|0|1|0|-0,1|0|11|-10|1
312,926|-8,53|25,147|-1110,618|0|1|0|-0,1|0|6|0|1
313,101|-8,629|25,147|-1111,663|0|1|0|0|0|6|0|1
313,276|-8,674|25,147|-1112,712|0|1|0|0|0|6|0|1
313,451|-8,647|25,147|-1113,761|0|1|0|0|0|6|0|1
313,626|-8,521|25,147|-1114,802|0|1|0|0,1|0|6|0|1
313,801|-8,198|25,147|-1115,797|0|1|0|0,2|0|6|0|1
313,976|-7,617|25,147|-1116,664|0|1|0|0,3|0|6|0|1
314,151|-6,836|25,147|-1117,361|0|0,9|0|0,4|0|6|0|1
314,326|-5,959|25,147|-1117,937|0|0,9|0|0,5|0|6|0|1
314,501|-5,045|25,147|-1118,453|0|0,9|0|0,5|0|6|0|1
314,676|-4,125|25,147|-1118,96|0|0,9|0|0,5|0|6|0|1
314,851|-3,207|25,147|-1119,469|0|0,9|0|0,5|0|6|0|1
315,026|-2,289|25,147|-1119,979|0|0,9|0|0,5|0|6|-1|1
315,201|-1,403|24,59|-1120,476|0|0,9|0|0,5|1|7|-4|1
315,376|-0,518|24,326|-1120,969|0|0,9|0|0,5|1|6|2|1
315,551|0,37|24,555|-1121,458|0|0,9|0|0,5|0|6|-2|1
315,726|1,298|23,849|-1121,854|0|0,7|0|0,7|0|9|-7|1
315,901|2,303|22,294|-1121,962|0|0,6|0|0,8|1|11|-9|1
316,076|3,301|21,192|-1121,795|0|0,6|0|0,8|1|6|-2|1
316,251|4,271|21,199|-1121,502|0|0,6|0|0,8|1|7|3|1
316,426|5,23|21,579|-1121,177|0|0,6|0|0,8|0|6|-1|1
316,601|6,188|21,075|-1120,845|0|0,6|0|0,8|0|8|-6|1
316,776|7,144|19,689|-1120,51|0|0,6|0|0,8|0|12|-11|1
316,951|8,1|17,565|-1120,174|0|0,6|0|0,8|0|15|-14|1
317,126|9,055|14,822|-1119,837|0|0,6|0|0,8|0|18|-18|1
317,301|10,011|11,563|-1119,5|0|0,6|0|0,8|0|21|-20|1
317,476|10,966|7,871|-1119,162|0|0,6|0|0,8|0|23|-22|1
317,651|11,877|5,747|-1118,762|0|0,5|0|0,9|0|6|0|1
317,826|12,435|5,747|-1117,894|0|0,3|0|1|0|6|0|1
318,001|13,032|5,747|-1117,031|0|0,3|0|1|0|6|0|1
318,176|13,702|5,747|-1116,223|0|0,3|0|0,9|0|6|0|1
318,351|14,553|5,747|-1116,431|0|0,8|0|0,6|0|6|0|1
318,526|15,219|5,747|-1117,231|0|0,9|0|0,4|0|6|0|1
318,701|15,71|5,747|-1118,154|0|1|0|0,2|0|6|0|1
318,876|15,543|5,747|-1119,056|0|1|0|-0,2|0|6|0|1
319,051|14,691|5,747|-1119,642|0|0,9|0|-0,5|0|6|0|1
319,226|13,708|5,747|-1120,003|0|-0,8|0|0,6|0|6|0|1
319,402|12,751|5,747|-1120,355|0|-0,9|0|0,5|0|6|0|1
319,577|12,197|5,747|-1121,224|0|1|0|-0,3|0|6|0|1
319,752|11,676|5,747|-1122,135|0|1|0|-0,3|0|6|0|1
319,927|11,155|5,747|-1123,047|0|1|0|-0,3|0|6|0|1
320,102|10,634|5,747|-1123,958|0|1|0|-0,3|0|6|0|1
320,277|10,122|5,625|-1124,854|0|1|0|-0,3|1|12|10|1
320,452|9,619|6,879|-1125,733|0|1|0|-0,3|0|6|3|1
320,627|9,117|7,392|-1126,613|0|1|0|-0,3|1|6|2|1
320,802|8,615|7,621|-1127,493|0|1|0|-0,3|0|6|-2|1
320,977|8,129|6,915|-1128,382|0|1|0|-0,2|0|9|-7|1
321,152|7,694|6,145|-1129,297|0|1|0|-0,2|1|6|-1|1
321,327|7,299|6,412|-1130,23|0|1|0|-0,2|1|6|2|1
321,502|6,913|6,637|-1131,167|0|1|0|-0,2|0|6|-2|1
321,677|6,53|5,935|-1132,105|0|1|0|-0,2|1|7|-5|1
321,852|6,148|5,547|-1133,044|0|1|0|-0,2|1|6|1|1
322,027|5,767|5,988|-1133,983|0|1|0|-0,2|0|6|2|1
322,202|5,385|5,901|-1134,921|0|1|0|-0,2|0|7|-4|1
322,377|5,004|5,648|-1135,86|0|1|0|-0,2|1|6|2|1
322,552|4,623|6,044|-1136,799|0|1|0|-0,2|0|6|0|1
322,727|4,242|5,699|-1137,737|0|1|0|-0,2|0|8|-5|1
322,902|3,862|4,445|-1138,677|0|1|0|-0,2|0|11|-10|1
323,077|3,511|2,432|-1139,627|0|1|0|-0,1|0|15|-14|1
323,252|3,228|-0,218|-1140,6|0|1|0|-0,1|0|18|-17|1
323,427|3,051|-1,953|-1141,605|0|1|0|0|0|6|0|1
323,602|3,015|-1,953|-1142,652|0|1|0|0|0|6|0|1
323,777|3,014|-1,953|-1143,702|0|1|0|0|0|6|0|1
323,952|3,016|-1,953|-1144,752|0|1|0|0|0|6|0|1
324,127|3,018|-1,953|-1145,802|0|1|0|0|0|6|0|1
324,302|3,02|-1,953|-1146,851|0|1|0|0|0|3|0|1
324,477|3,02|-1,953|-1147,014|0|1|0|0|0|0|0|1
324,652|3,02|-1,953|-1147,016|0|1|0|0|0|0|0|1
324,827|3,701|-1,953|-1147,006|0|0,8|0|0,6|0|6|0|1
325,002|4,609|-1,953|-1147,331|0|0,9|0|0,5|0|6|0|1
325,177|5,365|-1,953|-1148,055|0|0,9|0|0,4|0|6|0|1
325,352|5,744|-1,953|-1148,94|0|1|0|0,1|0|6|0|1
325,527|5,69|-1,953|-1149,984|0|1|0|0|0|6|0|1
325,702|5,618|-1,953|-1151,032|0|1|0|0|0|12|10|1
325,877|5,533|-0,698|-1152,049|0|1|0|0|0|6|3|1
326,052|5,416|-0,185|-1153,055|0|1|0|-0,1|1|6|2|1
326,227|5,259|0,252|-1154,056|0|1|0|-0,1|1|6|2|1
326,402|5,085|0,68|-1155,054|0|1|0|-0,1|1|6|3|1
326,577|4,898|1,148|-1156,05|0|1|0|-0,1|1|6|2|1
326,752|4,697|1,569|-1157,043|0|1|0|-0,1|1|6|3|1
326,927|4,484|2,082|-1158,034|0|1|0|-0,1|1|6|2|1
327,102|4,268|2,519|-1159,024|0|1|0|-0,1|1|6|2|1
327,277|4,051|2,96|-1160,014|0|1|0|-0,1|1|6|3|1
327,452|3,834|3,481|-1161,003|0|1|0|-0,1|0|6|2|1
327,627|3,623|3,422|-1161,995|0|1|0|-0,1|0|7|-4|1
327,802|3,422|2,49|-1162,988|0|1|0|-0,1|1|7|-4|1
327,977|3,229|2,207|-1163,982|0|1|0|-0,1|1|6|2|1
328,152|3,046|2,609|-1164,979|0|1|0|-0,1|1|6|3|1
328,327|2,885|3,069|-1165,979|0|1|0|-0,1|1|7|4|1
328,502|2,748|3,576|-1166,983|0|1|0|-0,1|1|6|2|1
328,677|2,639|3,773|-1167,99|0|1|0|0|0|6|-2|1
328,852|2,554|3,044|-1169|0|1|0|0|0|9|-7|1
329,028|2,5|1,946|-1170,012|0|1|0|0|1|6|-3|1
329,203|2,469|1,885|-1171,025|0|1|0|0|1|7|3|1
329,378|2,444|2,317|-1172,038|0|1|0|0|1|6|3|1
329,553|2,422|2,691|-1173,051|0|1|0|0|0|6|-1|1
329,728|2,399|2,166|-1174,064|0|1|0|0|0|8|-6|1
329,903|2,377|1,004|-1175,077|0|1|0|0|1|7|-4|1
330,078|2,356|0,747|-1176,09|0|1|0|0|1|6|2|1
330,253|2,358|1,182|-1177,104|0|1|0|0|1|7|3|1
330,428|2,415|1,64|-1178,115|0|1|0|0|1|6|3|1
330,603|2,713|2,116|-1179,066|0|0,9|0|0,3|1|7|3|1
330,778|3,419|2,586|-1179,789|0|0,9|0|0,4|1|6|2|1
330,953|4,223|3,027|-1180,406|0|0,9|0|0,5|1|7|3|1
331,128|5,05|3,458|-1180,99|0|0,9|0|0,5|1|6|3|1
331,303|5,882|3,967|-1181,569|0|0,9|0|0,5|1|6|2|1
331,478|6,699|4,405|-1182,168|0|0,9|0|0,4|1|6|2|1
331,653|7,413|4,858|-1182,873|0|1|0|0,2|1|6|2|1
331,828|7,697|5,298|-1183,841|0|1|0|0|1|6|2|1
332,003|7,774|5,717|-1184,851|0|1|0|0|1|6|3|1
332,178|7,783|6,166|-1185,864|0|1|0|0|1|6|2|1
332,353|7,773|6,631|-1186,877|0|1|0|0|1|7|3|1
332,528|7,747|7,09|-1187,89|0|1|0|0|1|6|2|1
332,703|7,688|7,496|-1188,902|0|1|0|0|1|6|3|1
332,878|7,586|7,961|-1189,91|0|1|0|-0,1|0|6|1|1
333,053|7,437|7,687|-1190,912|0|1|0|-0,1|0|8|-5|1
333,228|7,228|6,493|-1191,903|0|1|0|-0,2|0|11|-10|1
333,403|6,947|4,529|-1192,876|0|1|0|-0,2|0|15|-14|1
333,578|6,548|1,922|-1193,804|0|0,9|0|-0,4|0|18|-17|1
333,753|5,854|-1,225|-1194,536|0|-0,8|0|0,6|0|20|-20|1
333,928|4,927|-1,953|-1194,924|0|-0,8|0|0,6|0|6|0|1
334,103|3,893|-1,953|-1195,095|0|-0,8|0|0,6|0|6|0|1
334,278|2,859|-1,953|-1195,276|0|-0,8|0|0,6|0|6|0|1
334,453|1,831|-1,953|-1195,49|0|-0,8|0|0,6|0|6|0|1
334,628|0,973|-1,953|-1195,953|0|0,9|0|-0,4|0|6|0|1
334,803|0,602|-1,953|-1196,92|0|1|0|-0,2|0|6|0|1
334,978|0,404|-1,603|-1197,95|0|1|0|-0,1|0|10|8|1
335,153|0,271|-0,598|-1198,954|0|1|0|-0,1|1|6|3|1
335,328|0,16|-0,116|-1199,961|0|1|0|0|1|7|3|1
335,503|0,061|0,33|-1200,97|0|1|0|0|1|7|3|1
335,678|-0,035|0,778|-1201,978|0|1|0|0|1|7|3|1
335,853|-0,131|1,207|-1202,987|0|1|0|0|1|6|3|1
336,028|-0,226|1,669|-1203,996|0|1|0|0|1|6|3|1
336,203|-0,322|2,151|-1205,005|0|1|0|0|1|7|3|1
336,378|-0,417|2,6|-1206,014|0|1|0|0|1|7|3|1
336,553|-0,512|2,746|-1207,023|0|1|0|0|0|6|-3|1
336,728|-0,518|1,902|-1208,033|0|1|0|0,2|0|10|-8|1
336,903|-0,16|1,013|-1208,968|0|0,9|0|0,3|0|6|0|1
337,078|0,498|1,013|-1209,782|0|0,9|0|0,3|0|6|0|1
337,253|0,815|1,013|-1210,699|0|1|0|0,1|0|6|0|1
337,428|0,672|1,013|-1211,734|0|1|0|-0,1|0|6|0|1
337,603|0,421|1,013|-1212,753|0|1|0|-0,1|0|6|0|1
337,778|0,243|1,013|-1213,296|0|1|0|-0,1|0|0|0|1
337,953|0,238|1,363|-1213,309|0|1|0|-0,1|0|8|8|1
338,128|-0,059|2,368|-1213,149|0|-0,6|0|0,8|1|5|3|1
338,303|-0,915|2,85|-1212,679|0|-0,5|0|0,8|1|7|3|1
338,479|-1,233|3,296|-1211,96|0|-0,3|0|0,9|1|7|3|1
338,654|-1,43|3,745|-1210,967|0|-0,2|0|1|1|7|3|1
338,829|-1,854|4,179|-1210,063|0|-0,4|0|0,9|1|6|3|1
339,004|-2,634|4,678|-1209,421|0|-0,5|0|0,9|1|6|2|1
339,179|-3,509|5,092|-1208,912|0|-0,5|0|0,8|1|7|3|1
339,354|-4,434|5,538|-1208,497|0|-0,6|0|0,8|1|6|3|1
339,529|-5,419|5,981|-1208,441|0|-0,9|0|0,5|1|6|3|1
339,704|-6,129|6,497|-1209,142|0|1|0|-0,2|1|6|2|1
339,879|-6,498|6,932|-1210,082|0|1|0|-0,1|1|7|3|1
340,054|-6,62|7,361|-1211,085|0|1|0|0|1|6|3|1
340,229|-6,517|7,819|-1212,092|0|1|0|0,1|1|7|4|1
340,404|-5,94|8,318|-1212,862|0|0,8|0|0,6|1|6|2|1
340,579|-4,943|8,764|-1212,844|0|0,6|0|0,8|1|6|2|1
340,754|-4,002|9,184|-1212,472|0|0,5|0|0,9|1|6|3|1
340,929|-3,101|9,624|-1212,008|0|0,5|0|0,9|1|6|3|1
341,104|-2,213|10,145|-1211,52|0|0,5|0|0,9|1|6|2|1
341,279|-1,329|10,579|-1211,025|0|0,5|0|0,9|1|7|4|1
341,454|-0,383|11,09|-1210,701|0|0,7|0|0,7|1|6|2|1
341,629|0,623|11,546|-1210,798|0|0,8|0|0,6|1|7|3|1
341,804|1,61|11,992|-1211,025|0|0,8|0|0,6|1|7|3|1
341,979|2,405|12,454|-1211,636|0|0,9|0|0,3|1|7|3|1
342,154|2,994|12,899|-1212,459|0|1|0|0,3|1|7|3|1
342,329|3,516|13,377|-1213,328|0|1|0|0,3|1|6|2|1
342,504|4,02|13,807|-1214,207|0|1|0|0,3|1|7|3|1
342,679|4,523|14,265|-1215,087|0|1|0|0,3|1|6|3|1
342,854|5,177|14,764|-1215,841|0|0,9|0|0,5|1|7|3|1
343,029|6,097|15,244|-1216,261|0|0,8|0|0,6|1|6|2|1
343,204|7,015|15,672|-1216,672|0|0,9|0|0,4|1|7|3|1
343,379|7,652|16,128|-1217,455|0|1|0|0,3|1|6|2|1
343,554|8,123|16,476|-1218,351|0|1|0|0,2|0|6|-1|1
343,729|8,518|15,97|-1219,173|0|1|0|0,2|0|8|-6|1
343,904|8,849|14,583|-1219,86|0|1|0|0,2|0|11|-11|1
344,079|8,817|12,458|-1220,393|0|-0,7|0|0,7|0|15|-14|1
344,254|8,354|9,715|-1220,524|0|-0,4|0|0,9|0|18|-18|1
344,429|7,804|6,455|-1220,138|0|-0,1|0|1|0|21|-20|1
344,604|7,191|2,762|-1219,551|0|-0,1|0|1|0|23|-22|1
344,779|6,746|1,013|-1219,258|0|-0,1|0|1|0|0|0|1
344,954|6,728|1,013|-1219,246|0|-0,1|0|1|0|0|0|1
345,129|6,728|1,013|-1219,246|0|-0,1|0|1|0|0|0|1
345,304|6,728|1,013|-1219,246|0|-0,1|0|1|0|0|0|1
345,479|7,004|1,013|-1219,254|0|0,3|0|0,9|0|3|0|1
345,654|7,589|1,013|-1219,922|0|0,8|0|0,5|0|6|0|1
345,829|8,33|1,013|-1220,661|0|0,9|0|0,4|0|6|0|1
346,004|9,083|1,013|-1221,394|0|0,9|0|0,4|0|6|0|1
346,179|9,837|1,013|-1222,124|0|0,9|0|0,4|0|6|0|1
346,354|10,591|1,013|-1222,855|0|0,9|0|0,4|0|6|0|1
346,529|11,595|1,013|-1222,953|0|0,7|0|0,7|0|6|0|1
346,704|12,587|0,509|-1222,937|0|0,7|0|0,7|0|9|-6|1
346,879|13,6|-0,927|-1222,919|0|0,7|0|0,7|0|12|-11|1
347,054|14,613|-3,093|-1222,901|0|0,7|0|0,7|0|16|-15|1
347,229|15,585|-5,87|-1222,887|0|0,7|0|0,7|0|18|-18|1
347,404|16,404|-9,158|-1222,876|0|0,7|0|0,7|0|21|-20|1
347,579|17,089|-12,874|-1222,867|0|0,7|0|0,7|0|23|-23|1