0|2,618|-0,971|-565,72|0|1|0|0|0|1|-1|1
0,175|2,618|-1,563|-565,72|0|1|0|0|0|7|-7|1
0,35|2,618|-1,953|-565,72|0|1|0|0|0|0|0|1
0,525|2,618|-1,953|-565,72|0|1|0|0|0|0|0|1
0,7|2,686|-1,953|-565,998|0|1|0|0,1|0|5|0|1
0,875|2,82|-1,953|-567,007|0|1|0|0|0|6|0|1
1,05|2,873|-1,953|-568,055|0|1|0|0|0|6|0|1
1,225|2,907|-1,953|-569,104|0|1|0|0|0|6|0|1
1,4|2,89|-1,953|-570,154|0|1|0|0|0|6|0|1
1,575|2,852|-1,953|-571,203|0|1|0|0|0|6|0|1
1,75|2,785|-1,953|-572,251|0|1|0|0|0|6|0|1
1,925|2,662|-1,953|-573,293|0|1|0|-0,1|0|6|0|1
2,1|2,514|-0,844|-574,31|0|1|0|-0,1|0|7|4|1
2,275|2,366|-0,302|-575,313|0|1|0|-0,1|1|7|3|1
2,45|2,218|-0,164|-576,315|0|1|0|-0,1|0|6|-3|1
2,625|2,069|-1,014|-577,317|0|1|0|-0,1|0|10|-8|1
2,8|1,944|-1,557|-578,172|0|1|0|-0,1|0|6|4|1
2,975|1,894|-0,825|-578,909|0|1|0|0|0|6|4|1
3,15|1,937|-0,087|-579,654|0|1|0|0|0|6|4|1
3,325|2,019|0,651|-580,397|0|1|0|0,1|0|6|4|1
3,5|2,104|1,388|-581,139|0|1|0|0,1|0|6|4|1
3,675|2,189|2,125|-581,882|0|1|0|0,1|0|6|4|1
3,85|2,274|2,862|-582,625|0|1|0|0,1|0|6|4|1
4,025|2,359|3,599|-583,368|0|1|0|0,1|0|6|4|1
4,2|2,421|4,338|-584,112|0|1|0|0|0|6|4|1
4,375|2,448|5,077|-584,857|0|1|0|0|0|6|4|1
4,55|2,47|5,817|-585,602|0|1|0|0|0|6|4|1
4,725|2,492|6,556|-586,347|0|1|0|0|0|6|4|1
4,9|2,511|7,296|-587,092|0|1|0|0|0|6|4|1
5,075|2,515|8,035|-587,838|0|1|0|0|0|6|4|1
5,25|2,502|8,775|-588,583|0|1|0|0|0|6|4|1
5,425|2,476|9,514|-589,328|0|1|0|0|0|6|4|1
5,6|2,446|10,281|-590,054|0|1|0|0|0|6|4|1
5,775|2,413|11,363|-590,876|0|1|0|0|0|9|7|1
5,95|2,373|12,154|-591,889|0|1|0|0|1|7|4|1
6,125|2,333|12,653|-592,901|0|1|0|0|1|6|2|1
6,3|2,294|13,108|-593,914|0|1|0|0|1|6|2|1
6,475|2,275|13,546|-594,927|0|1|0|0|1|6|2|1
6,65|2,288|13,967|-595,94|0|1|0|0|1|7|3|1
6,825|2,318|14,421|-596,953|0|1|0|0|1|7|4|1
7|2,352|14,92|-597,966|0|1|0|0|1|6|2|1
7,175|2,383|15,25|-598,979|0|1|0|0|0|6|-1|1
7,35|2,413|14,717|-599,991|0|1|0|0|0|8|-6|1
7,525|2,441|13,306|-601,004|0|1|0|0|0|12|-11|1
7,7|2,469|11,161|-602,017|0|1|0|0|0|16|-14|1
7,875|2,496|8,401|-603,03|0|1|0|0|0|19|-18|1
8,05|2,522|5,128|-604,043|0|1|0|0|1|19|-18|1
8,225|2,549|2,587|-605,056|0|1|0|0|1|11|-10|1
8,4|2,576|1,39|-606,069|0|1|0|0|1|6|-3|1
8,575|2,602|1,319|-607,082|0|1|0|0|1|7|3|1
8,75|2,627|1,769|-608,094|0|1|0|0|1|6|2|1
8,925|2,653|2,203|-609,107|0|1|0|0|0|6|1|1
9,1|2,673|1,904|-610,12|0|1|0|0|0|8|-5|1
9,275|2,672|0,848|-611,121|0|1|0|0|0|6|3|1
9,45|2,651|1,395|-611,98|0|1|0|0|0|6|3|1
9,625|2,642|1,961|-612,864|0|1|0|0|0|6|3|1
9,8|2,64|2,528|-613,748|0|1|0|0|0|6|3|1
9,975|2,638|3,094|-614,632|0|1|0|0|0|6|3|1
10,15|2,663|3,66|-615,516|0|1|0|0|0|6|3|1
10,325|2,75|4,224|-616,397|0|1|0|0,1|0|6|3|1
10,5|2,875|4,786|-617,275|0|1|0|0,1|0|6|3|1
10,675|3,018|5,347|-618,151|0|1|0|0,1|0|6|3|1
10,85|3,167|5,907|-619,026|0|1|0|0,1|0|6|3|1
11,025|3,314|6,468|-619,902|0|1|0|0,1|0|6|3|1
11,2|3,43|7,429|-620,837|0|1|0|0,1|0|9|7|1
11,375|3,503|8,22|-621,847|0|1|0|0|1|7|4|1
11,55|3,507|8,719|-622,86|0|1|0|0|1|6|2|1
11,725|3,35|9,174|-623,851|0|1|0|-0,2|1|6|2|1
11,9|2,72|9,612|-624,638|0|0,9|0|-0,4|1|6|2|1
12,075|1,983|9,955|-625,333|0|1|0|-0,3|0|6|-1|1
12,25|1,436|9,443|-626,183|0|1|0|-0,1|0|8|-6|1
12,425|1,05|8,05|-627,119|0|1|0|-0,1|0|12|-11|1
12,6|0,768|5,92|-628,092|0|1|0|-0,1|0|16|-14|1
12,775|0,636|4,591|-628,991|0|1|0|0|0|6|-3|1
12,95|0,655|4,027|-629,872|0|1|0|0|0|6|-3|1
13,125|0,785|3,466|-630,749|0|1|0|0,1|0|6|-3|1
13,3|0,971|2,908|-631,619|0|1|0|0,1|0|6|-3|1
13,475|1,186|2,354|-632,484|0|1|0|0,1|0|6|-3|1
13,65|1,407|1,8|-633,349|0|1|0|0,1|0|6|-3|1
13,825|1,65|1,25|-634,209|0|1|0|0,1|0|6|-3|1
14|1,933|0,704|-635,06|0|1|0|0,2|0|6|-3|1
14,175|2,243|0,163|-635,905|0|1|0|0,2|0|6|-3|1
14,35|2,579|-0,373|-636,742|0|1|0|0,2|0|6|-3|1
14,525|2,954|0,628|-637,632|0|1|0|0,2|0|7|4|1
14,7|3,35|1,171|-638,565|0|1|0|0,2|1|7|3|1
14,875|3,744|1,622|-639,498|0|1|0|0,2|1|6|3|1
15,05|4,124|2,093|-640,437|0|1|0|0,2|1|6|2|1
15,225|4,48|2,435|-641,386|0|1|0|0,2|0|6|-1|1
15,4|4,78|1,922|-642,353|0|1|0|0,1|0|8|-6|1
15,575|4,962|0,528|-643,349|0|1|0|0|0|12|-11|1
15,75|5,009|-1,603|-644,361|0|1|0|-0,1|0|6|0|1
15,925|4,784|-1,953|-645,363|0|1|0|-0,1|0|6|0|1
16,1|4,423|-1,953|-646,349|0|1|0|-0,2|0|6|0|1
16,275|4,052|-1,953|-647,331|0|1|0|-0,2|0|6|0|1
16,45|3,681|-1,953|-648,314|0|1|0|-0,2|0|6|0|1
16,625|3,051|-1,953|-649,061|0|0,9|0|-0,4|0|6|0|1
16,8|2,188|-1,953|-649,65|0|0,9|0|-0,4|0|6|0|1
16,975|1,44|-1,953|-650,385|0|0,9|0|-0,4|0|6|0|1
17,15|1,105|-1,953|-651,286|0|1|0|-0,1|0|6|0|1
17,325|1,258|-1,953|-652,319|0|1|0|0,1|0|6|0|1
17,5|1,45|-1,953|-653,351|0|1|0|0,1|0|6|0|1
17,675|1,934|-1,953|-654,193|0|0,9|0|0,3|0|6|0|1
17,85|2,779|-1,953|-654,809|0|0,9|0|0,4|0|6|0|1
18,025|3,634|-1,953|-655,419|0|0,9|0|0,5|0|6|0|1
18,2|4,488|-1,953|-656,03|0|0,9|0|0,5|0|6|0|1
18,375|5,34|-1,953|-656,644|0|0,9|0|0,5|0|6|0|1
18,55|6,191|-1,953|-657,259|0|0,9|0|0,5|0|6|0|1
18,725|6,576|-1,953|-658,152|0|1|0|0,2|0|6|0|1
18,9|6,682|-0,844|-659,173|0|1|0|0,1|0|7|4|1
19,075|6,758|-0,302|-660,183|0|1|0|0|1|7|3|1
19,25|6,812|0,15|-661,195|0|1|0|0|1|6|3|1
19,425|6,86|0,621|-662,207|0|1|0|0|1|6|2|1
19,6|6,906|1,041|-663,219|0|1|0|0|1|7|3|1
19,775|6,951|1,47|-664,232|0|1|0|0|1|6|3|1
19,95|6,996|1,965|-665,244|0|1|0|0|1|7|3|1
20,125|7,041|2,109|-666,256|0|1|0|0|0|6|-3|1
20,3|7,086|1,346|-667,268|0|1|0|0|1|7|-3|1
20,475|7,131|1,205|-668,281|0|1|0|0|1|6|3|1
20,65|7,175|1,535|-669,293|0|1|0|0|0|6|-1|1
20,825|7,219|0,914|-670,305|0|1|0|0|1|7|-4|1
21|7,263|0,594|-671,318|0|1|0|0|1|6|2|1
21,175|7,307|0,78|-672,33|0|1|0|0|0|6|-2|1
21,35|7,351|0,517|-673,342|0|1|0|0|1|6|2|1
21,525|7,379|0,993|-674,355|0|1|0|0|0|6|2|1
21,7|7,387|0,935|-675,368|0|1|0|0|0|7|-4|1
21,875|7,38|0,706|-676,381|0|1|0|0|1|6|2|1
22,05|7,345|0,968|-677,394|0|1|0|0|0|6|-2|1
22,225|7,233|0,534|-678,4|0|1|0|-0,1|1|6|0|1
22,4|6,953|0,804|-679,373|0|1|0|-0,2|1|6|3|1
22,575|6,569|0,872|-680,31|0|1|0|-0,2|0|7|-3|1
22,75|6,135|-0,036|-681,226|0|1|0|-0,3|0|10|-8|1
22,925|5,672|-1,76|-682,127|0|1|0|-0,3|0|6|0|1
23,1|5,169|-1,953|-683,034|0|1|0|-0,3|0|6|0|1
23,275|4,651|-1,953|-683,947|0|1|0|-0,3|0|6|0|1
23,45|3,812|-1,953|-684,449|0|-0,9|0|0,5|0|6|0|1
23,625|2,818|-1,953|-684,776|0|-0,8|0|0,6|0|6|0|1
23,8|1,998|-1,953|-685,358|0|0,9|0|-0,4|0|6|0|1
23,975|1,86|-1,953|-686,372|0|1|0|-0,1|0|6|0|1
24,15|1,788|-1,953|-687,419|0|1|0|0|0|6|0|1
24,325|1,716|-1,953|-688,467|0|1|0|0|0|12|10|1
24,5|1,647|-0,698|-689,485|0|1|0|0|0|6|3|1
24,675|1,578|-0,264|-690,496|0|1|0|0|0|6|0|1
24,85|1,509|-0,45|-691,507|0|1|0|0|1|6|1|1
25,025|1,44|-0,053|-692,518|0|1|0|0|1|6|2|1
25,2|1,371|-0,148|-693,53|0|1|0|0|0|7|-4|1
25,375|1,125|-0,408|-694,498|0|1|0|-0,3|1|6|2|1
25,55|0,492|0,027|-695,287|0|0,9|0|-0,4|1|6|3|1
25,725|0,059|0,343|-695,713|0|0,9|0|-0,4|1|6|2|
25,9|0,059|0,343|-695,713|0|0,9|0|-0,4|1|6|2|
26,075|0,059|0,343|-695,713|0|0,9|0|-0,4|1|6|2|
26,25|0,059|0,343|-695,713|0|0,9|0|-0,4|1|6|2|
26,425|0,059|0,343|-695,713|0|0,9|0|-0,4|1|6|2|
26,6|0,059|0,343|-695,713|0|0,9|0|-0,4|1|6|2|
26,775|2,618|-1,214|-686,31|0|1|0|0|0|4|-4|1
26,95|2,618|-1,953|-686,31|0|1|0|0|0|0|0|1
27,125|2,905|-1,953|-686,316|0|0,9|0|0,4|0|5|0|1
27,3|3,662|-1,953|-686,948|0|0,9|0|0,4|0|6|0|1
27,475|4,407|-1,953|-687,686|0|0,9|0|0,4|0|6|0|1
27,65|5,152|-1,953|-688,426|0|0,9|0|0,4|0|6|0|1
27,825|5,897|-1,953|-689,165|0|0,9|0|0,4|0|12|10|1
28|6,621|-0,698|-689,885|0|0,9|0|0,4|0|6|3|1
28,175|7,34|-0,185|-690,599|0|0,9|0|0,4|1|6|2|1
28,35|7,823|0,252|-691,471|0|1|0|0,1|1|6|2|1
28,525|7,965|0,68|-692,473|0|1|0|0|1|6|3|1
28,7|8,005|1,148|-693,485|0|1|0|0|1|6|2|1
28,875|8,019|1,336|-694,498|0|1|0|0|0|6|-2|1
29,05|8,028|0,84|-695,511|0|1|0|0|1|6|-1|1
29,225|8,032|1,1|-696,525|0|1|0|0|1|7|4|1
29,4|8,035|1,272|-697,538|0|1|0|0|1|6|0|1
29,575|8,038|1,532|-698,551|0|1|0|0|1|6|3|1
29,75|8,041|2,032|-699,564|0|1|0|0|0|6|1|1
29,925|8,031|1,811|-700,577|0|1|0|0|0|7|-5|1
30,1|7,946|0,661|-701,587|0|1|0|-0,1|0|11|-9|1
30,275|7,762|-1,266|-702,583|0|1|0|-0,2|0|15|-13|1
30,45|7,463|-1,953|-703,566|0|1|0|-0,2|0|6|0|1
30,625|7,088|-1,953|-704,546|0|1|0|-0,2|0|6|0|1
30,8|6,714|-1,299|-705,519|0|1|0|-0,2|0|9|7|1
30,975|6,35|-0,508|-706,465|0|1|0|-0,2|0|6|1|1
31,15|5,986|-0,695|-707,411|0|1|0|-0,2|0|7|-4|1
31,325|5,435|-1,817|-708,257|0|0,9|0|-0,5|0|6|0|1
31,5|4,572|-1,953|-708,795|0|-0,8|0|0,5|0|6|0|1
31,675|3,775|-1,953|-709,375|0|0,9|0|-0,4|0|6|0|1
31,85|3,435|-1,603|-710,358|0|1|0|-0,2|0|10|8|1
32,025|3,19|-0,598|-711,341|0|1|0|-0,1|1|6|3|1
32,2|3,022|-0,116|-712,34|0|1|0|-0,1|1|7|3|1
32,375|2,896|0,33|-713,345|0|1|0|-0,1|1|7|3|1
32,55|2,781|0,778|-714,352|0|1|0|-0,1|1|7|3|1
32,725|2,669|1,207|-715,359|0|1|0|-0,1|1|6|3|1
32,9|2,557|1,669|-716,366|0|1|0|-0,1|1|6|3|1
33,075|2,446|2,151|-717,373|0|1|0|-0,1|1|7|3|1
33,25|2,335|2,6|-718,38|0|1|0|-0,1|1|7|3|1
33,425|2,224|2,751|-719,387|0|1|0|-0,1|0|6|-3|1
33,6|2,112|1,914|-720,394|0|1|0|-0,1|1|8|-5|1
33,775|2,001|1,412|-721,401|0|1|0|-0,1|1|6|1|1
33,95|2,285|1,784|-722,364|0|1|0|0,3|1|6|2|1
34,125|2,725|1,668|-723,274|0|1|0|0,1|0|7|-4|1
34,3|2,954|0,606|-724,252|0|1|0|0|0|10|-9|1
34,475|3,097|-1,247|-725,181|0|1|0|-0,1|0|14|-13|1
34,65|2,961|-1,953|-726,187|0|1|0|-0,1|0|6|0|1
34,825|2,636|-1,953|-727,184|0|1|0|-0,2|0|6|0|1
35|2,32|-1,953|-728,185|0|1|0|-0,1|0|3|0|1
35,175|2,275|-1,953|-728,342|0|1|0|-0,1|0|0|0|1
35,35|2,275|-1,953|-728,344|0|1|0|-0,1|0|0|0|1
35,525|2,275|-1,953|-728,344|0|1|0|-0,1|0|0|0|1
35,7|2,275|-1,953|-728,344|0|1|0|-0,1|0|0|0|1
35,875|2,275|-1,953|-728,344|0|1|0|-0,1|0|0|0|1
36,05|2,737|-1,953|-728,463|0|0,9|0|0,4|0|6|0|1
36,225|3,664|-1,953|-728,919|0|0,9|0|0,5|0|6|0|1
36,4|4,557|-1,953|-729,471|0|0,9|0|0,5|0|6|0|1
36,575|5,031|-1,953|-729,79|0|0,9|0|0,5|0|0|0|1
36,75|5,042|-1,953|-729,798|0|0,9|0|0,5|0|0|0|1
36,925|5,042|-1,953|-729,798|0|0,9|0|0,5|0|0|0|1
37,1|5,042|-1,603|-729,798|0|0,9|0|0,5|0|8|8|1
37,275|5,042|-0,598|-729,798|0|0,9|0|0,5|1|3|3|1
37,45|5,042|-0,116|-729,798|0|0,9|0|0,5|1|3|3|1
37,625|5,042|0,33|-729,798|0|0,9|0|0,5|1|3|3|1
37,8|4,845|0,778|-730,083|0|1|0|0|1|7|3|1
37,975|4,295|1,207|-730,934|0|1|0|-0,2|1|6|3|1
38,15|3,779|1,669|-731,806|0|1|0|-0,2|1|6|3|1
38,325|3,31|2,151|-732,704|0|1|0|-0,2|1|7|3|1
38,5|2,904|2,6|-733,632|0|1|0|-0,2|1|7|3|1
38,675|2,579|3,059|-734,591|0|1|0|-0,1|1|6|3|1
38,85|2,325|3,553|-735,572|0|1|0|-0,1|1|7|3|1
39,025|2,117|4,041|-736,563|0|1|0|-0,1|1|6|2|1
39,2|1,944|4,473|-737,562|0|1|0|-0,1|1|6|3|1
39,375|1,983|4,932|-738,559|0|1|0|0,2|0|6|1|1
39,55|2,28|4,642|-739,527|0|1|0|0,1|0|8|-5|1
39,725|2,409|3,435|-740,531|0|1|0|0|0|6|0|1
39,9|2,434|3,147|-740,874|0|1|0|0|0|0|0|1
40,075|2,434|3,147|-740,879|0|1|0|0|0|0|0|1
40,25|2,434|3,147|-740,879|0|1|0|0|0|0|0|1
40,425|2,416|3,147|-741,07|0|1|0|0|0|0|0|1
40,6|2,414|3,147|-741,088|0|1|0|0|0|0|0|1
40,775|2,414|3,147|-741,088|0|1|0|0|0|0|0|1
40,95|1,938|3,147|-741,043|0|-0,8|0|0,5|0|4|0|1
41,125|1,869|3,147|-740,145|0|-0,1|0|1|0|6|0|1
41,3|1,933|3,147|-739,387|0|0|0|1|0|1|0|1
41,475|1,936|3,147|-739,356|0|0|0|1|0|0|0|1
41,65|1,877|3,147|-740,034|0|0,9|0|-0,4|0|6|0|1
41,825|1,848|3,147|-741,077|0|1|0|-0,1|0|6|0|1
42|1,876|4,053|-742,112|0|1|0|0|0|8|6|1
42,175|1,908|4,719|-743,125|0|1|0|0|1|6|2|1
42,35|1,941|5,152|-744,137|0|1|0|0|1|6|3|1
42,525|1,974|5,615|-745,15|0|1|0|0|1|7|3|1
42,7|2,008|6,044|-746,162|0|1|0|0|1|6|3|1
42,875|2,041|6,51|-747,175|0|1|0|0|1|6|2|1
43,05|2,075|6,986|-748,187|0|1|0|0|1|6|2|1
43,225|2,108|7,419|-749,2|0|1|0|0|1|6|3|1
43,4|2,129|7,889|-750,213|0|1|0|0|1|7|3|1
43,575|2,115|8,381|-751,226|0|1|0|0|1|6|2|1
43,75|2,072|8,824|-752,238|0|1|0|0|1|6|3|1
43,925|2,038|9,336|-753,251|0|1|0|0|1|6|2|1
44,1|2,025|9,773|-754,196|0|1|0|0|1|5|2|1
44,275|2,015|10,041|-754,986|0|1|0|0|0|4|-2|1
44,45|2,005|9,371|-755,624|0|0,9|0|-0,4|0|7|-7|1
44,625|1,981|7,846|-755,733|0|-0,2|0|1|0|11|-11|1
44,8|1,942|5,605|-755,297|0|-0,1|0|1|0|15|-15|1
44,975|1,905|2,766|-754,807|0|-0,1|0|1|0|18|-18|1
45,15|2,041|-0,253|-754,551|0|0,8|0|0,7|0|4|0|1
45,325|2,738|-0,253|-755,143|0|0,9|0|0,4|0|5|0|1
45,5|2,841|-0,253|-756,14|0|1|0|0,1|0|3|0|1
45,675|2,836|-0,253|-756,302|0|1|0|0,1|0|0|0|1
45,85|2,836|-0,253|-756,304|0|1|0|0,1|0|3|0|1
46,025|2,677|-0,253|-757,177|0|1|0|-0,1|0|3|0|1
46,2|2,649|-0,253|-757,334|0|1|0|-0,1|0|0|0|1
46,375|2,648|-0,253|-757,336|0|1|0|-0,1|0|0|0|1
46,55|2,648|-0,253|-757,336|0|1|0|-0,1|0|0|0|1
46,725|2,648|-0,253|-757,336|0|1|0|-0,1|0|0|0|1
46,9|2,603|0,401|-757,587|0|1|0|-0,1|0|8|7|1
47,075|2,437|1,192|-758,498|0|1|0|-0,1|1|7|4|1
47,25|2,256|1,691|-759,495|0|1|0|-0,1|1|6|2|1
47,425|2,075|2,146|-760,492|0|1|0|-0,1|1|6|2|1
47,6|1,893|2,584|-761,489|0|1|0|-0,1|1|6|2|1
47,775|1,792|3,005|-762,046|0|-0,4|0|0,9|1|3|3|1
47,95|1,928|3,459|-761,301|0|0|0|1|1|7|4|1
48,125|2,059|3,959|-760,577|0|-0,7|0|0,7|1|2|2|1
48,3|1,956|4,418|-761,145|0|1|0|-0,2|1|6|2|1
48,475|1,775|4,852|-762,142|0|1|0|-0,1|1|7|4|1
48,65|1,599|5,362|-763,14|0|1|0|-0,1|1|6|2|1
48,825|1,57|5,424|-763,341|0|1|0|-0,1|1|6|3|
49|1,57|5,424|-763,341|0|1|0|-0,1|1|6|3|
49,175|1,57|5,424|-763,341|0|1|0|-0,1|1|6|3|
49,35|1,57|5,424|-763,341|0|1|0|-0,1|1|6|3|
49,525|1,57|5,424|-763,341|0|1|0|-0,1|1|6|3|
49,7|2,618|-0,971|-727,05|0|1|0|0|0|1|-1|1
49,875|2,618|-1,563|-727,05|0|1|0|0|0|7|-7|1
50,05|2,618|-1,953|-727,05|0|1|0|0|0|0|0|1
50,225|2,618|-1,953|-727,05|0|1|0|0|0|0|0|1
50,4|2,618|-1,953|-727,05|0|1|0|0|0|3|0|1
50,575|2,554|-1,953|-727,935|0|1|0|0|0|6|0|1
50,75|2,488|-1,953|-728,98|0|1|0|0|0|6|0|1
50,925|2,443|-1,953|-730,029|0|1|0|0|0|6|0|1
51,1|2,419|-1,953|-731,079|0|1|0|0|0|6|0|1
51,275|2,403|-0,844|-732,107|0|1|0|0|0|7|4|1
51,45|2,39|-0,302|-733,099|0|1|0|0|1|6|3|1
51,625|2,378|0,15|-733,948|0|1|0|0|1|5|3|1
51,8|2,368|0,621|-734,658|0|1|0|0|1|4|2|1
51,975|2,365|1,041|-734,906|0|-0,5|0|0,9|1|5|3|1
52,15|2,373|1,47|-734,134|0|-0,3|0|1|1|5|3|1
52,325|2,381|1,965|-733,495|0|-0,6|0|0,8|1|3|3|1
52,5|2,374|2,417|-734,01|0|1|0|-0,2|1|6|3|1
52,675|2,361|2,898|-735,023|0|1|0|0|1|6|2|1
52,85|2,349|3,362|-736,036|0|1|0|0|1|7|3|1
53,025|2,337|3,824|-737,049|0|1|0|0|1|6|3|1
53,2|2,324|4,306|-738,062|0|1|0|0|1|7|3|1
53,375|2,312|4,399|-739,076|0|1|0|0|0|7|-3|1
53,55|2,299|3,512|-740,089|0|1|0|0|0|10|-8|1
53,725|2,284|3,147|-741,119|0|1|0|0|0|6|0|1
53,9|2,265|3,801|-742,161|0|1|0|0|0|9|7|1
54,075|2,247|4,592|-743,174|0|1|0|0|1|7|4|1
54,25|2,228|5,091|-744,187|0|1|0|0|1|6|2|1
54,425|2,21|5,546|-745,2|0|1|0|0|1|6|2|1
54,6|2,184|5,984|-746,213|0|1|0|0|1|6|2|1
54,775|2,135|6,405|-747,225|0|1|0|0|1|7|3|1
54,95|2,065|6,859|-748,236|0|1|0|0|1|7|4|1
55,125|1,977|7,359|-749,246|0|1|0|0|1|6|2|1
55,3|1,877|7,818|-750,254|0|1|0|-0,1|1|6|2|1
55,475|1,789|8,252|-751,263|0|1|0|0|1|7|4|1
55,65|1,754|8,762|-752,276|0|1|0|0|1|6|2|1
55,825|1,77|9,22|-753,268|0|1|0|0|1|6|3|1
56|1,787|9,59|-754,116|0|1|0|0|0|4|-1|1
56,175|1,802|9,073|-754,827|0|1|0|0|0|7|-6|1
56,35|1,821|7,677|-755,199|0|-0,3|0|1|0|11|-11|1
56,525|2,124|5,543|-755,087|0|0,4|0|0,9|0|15|-14|1
56,7|2,66|2,794|-754,891|0|0,5|0|0,9|0|18|-18|1
56,875|3,116|-0,253|-754,955|0|1|0|0,3|0|3|0|1
57,05|2,547|-0,253|-755,619|0|1|0|-0,3|0|6|0|1
57,225|2,086|-0,253|-756,477|0|1|0|-0,2|0|6|0|1
57,4|1,986|-0,253|-757,4|0|1|0|-0,1|0|1|0|1
57,575|1,978|-0,253|-757,472|0|1|0|-0,1|0|0|0|1
57,75|1,978|-0,253|-757,472|0|1|0|-0,1|0|0|0|1
57,925|1,978|-0,253|-757,472|0|1|0|-0,1|0|3|0|1
58,1|1,092|-0,253|-757,431|0|-0,8|0|0,6|0|6|0|1
58,275|0,046|-0,253|-757,383|0|-0,7|0|0,7|0|6|0|1
58,45|-1,003|-0,253|-757,328|0|-0,7|0|0,7|0|6|0|1
58,625|-2,036|0,653|-757,267|0|-0,7|0|0,7|0|8|6|1
58,8|-3,023|1,319|-757,453|0|0,9|0|-0,5|1|6|2|1
58,975|-3,881|1,752|-757,989|0|0,9|0|-0,4|1|6|3|1
59,15|-4,67|2,215|-758,625|0|0,9|0|-0,4|1|7|3|1
59,325|-5,438|2,644|-759,286|0|0,9|0|-0,4|1|6|3|1
59,5|-6,2|3,11|-759,953|0|0,9|0|-0,4|1|6|2|1
59,675|-6,876|3,586|-760,695|0|1|0|-0,2|1|6|2|1
59,85|-7,107|4,019|-761,677|0|1|0|0|1|6|3|1
60,025|-7,119|4,489|-762,689|0|1|0|0|1|7|3|1
60,2|-6,993|4,981|-763,693|0|1|0|0,1|1|6|2|1
60,375|-6,35|5,424|-764,453|0|0,9|0|0,5|1|6|3|1
60,55|-5,432|5,936|-764,876|0|0,8|0|0,6|1|6|2|1
60,725|-4,589|6,373|-765,414|0|0,9|0|0,4|1|6|2|1
60,9|-3,952|6,796|-766,201|0|1|0|0,3|1|6|3|1
61,075|-3,384|7,263|-767,04|0|1|0|0,3|1|6|2|1
61,25|-2,817|7,686|-767,88|0|1|0|0,3|1|6|3|1
61,425|-2,225|8,198|-768,702|0|0,9|0|0,3|1|6|2|1
61,6|-1,606|8,635|-769,504|0|0,9|0|0,3|1|6|2|1
61,775|-0,973|9,064|-770,296|0|0,9|0|0,3|1|7|3|1
61,95|-0,324|9,187|-771,073|0|0,9|0|0,4|0|6|-3|1
62,125|0,498|8,324|-771,659|0|0,8|0|0,6|0|10|-8|1
62,3|1,471|6,638|-771,891|0|0,5|0|0,8|0|13|-12|1
62,475|2,344|4,317|-772|0|0,5|0|0,8|0|2|0|1
62,65|2,421|4,317|-772,122|0|0,8|0|0,6|0|5|0|1
62,825|2,262|4,317|-773,033|0|1|0|0,1|0|6|0|1
63|2,352|4,317|-774,075|0|1|0|0,1|0|6|0|1
63,175|2,425|4,279|-775,12|0|1|0|0|0|6|-2|1
63,35|2,491|5,313|-776,128|0|1|0|0|0|7|4|1
63,525|2,556|5,855|-777,139|0|1|0|0|1|7|3|1
63,7|2,62|5,993|-778,151|0|1|0|0|0|6|-3|1
63,875|2,683|5,143|-779,162|0|1|0|0|0|10|-8|1
64,05|2,747|3,467|-780,173|0|1|0|0|0|13|-12|1
64,225|2,811|1,1|-781,185|0|1|0|0|0|17|-16|1
64,4|3,091|-1,845|-782,153|0|0,9|0|0,4|0|6|0|1
64,575|3,855|-1,953|-782,789|0|0,9|0|0,5|0|6|0|1
64,75|4,818|-1,953|-783,203|0|0,8|0|0,6|0|6|0|1
64,925|5,816|-1,953|-783,528|0|0,8|0|0,6|0|6|0|1
65,1|6,83|-1,953|-783,801|0|0,8|0|0,6|0|6|0|1
65,275|7,851|-1,953|-784,044|0|0,8|0|0,6|0|6|0|1
65,45|8,877|-1,953|-784,268|0|0,8|0|0,6|0|6|0|1
65,625|9,694|-1,603|-784,792|0|0,9|0|0,4|0|10|8|1
65,8|10,281|-0,598|-785,618|0|1|0|0,3|1|6|3|1
65,975|10,844|-0,116|-786,46|0|1|0|0,3|1|7|3|1
66,15|11,394|0,33|-787,311|0|1|0|0,3|1|7|3|1
66,325|11,907|0,778|-788,185|0|1|0|0,2|1|7|3|1
66,5|12,376|1,207|-789,083|0|1|0|0,2|1|6|3|1
66,675|12,825|1,669|-789,991|0|1|0|0,2|1|6|3|1
66,85|13,294|1,689|-790,887|0|0,9|0|0,4|0|7|-3|1
67,025|13,966|0,742|-791,643|0|0,9|0|0,5|0|10|-8|1
67,2|14,736|-1,015|-792,302|0|0,9|0|0,5|0|14|-12|1
67,375|15,537|-1,953|-792,939|0|0,9|0|0,4|0|6|0|1
67,55|16,326|-1,953|-793,629|0|0,9|0|0,4|0|6|0|1
67,725|17,06|-1,953|-794,379|0|0,9|0|0,4|0|6|0|1
67,9|17,234|-1,953|-795,334|0|1|0|0,1|0|6|0|1
68,075|17,125|-1,953|-796,376|0|1|0|0|0|6|0|1
68,25|17,01|-1,953|-797,42|0|1|0|-0,1|0|6|0|1
68,425|16,897|-0,844|-798,442|0|1|0|-0,1|0|7|4|1
68,6|16,762|-0,302|-799,446|0|1|0|-0,1|1|7|3|1
68,775|16,584|0,15|-800,443|0|1|0|-0,1|1|6|3|1
68,95|16,387|0,621|-801,437|0|1|0|-0,1|1|6|2|1
69,125|16,184|1,041|-802,43|0|1|0|-0,1|1|7|3|1
69,3|15,98|1,47|-803,422|0|1|0|-0,1|1|6|3|1
69,475|15,776|1,965|-804,415|0|1|0|-0,1|0|6|1|1
69,65|15,571|1,73|-805,407|0|1|0|-0,1|0|7|-5|1
69,825|15,367|0,569|-806,4|0|1|0|-0,1|0|11|-9|1
70|15,251|-1,366|-807,403|0|1|0|0,2|0|15|-13|1
70,175|15,573|-1,953|-808,351|0|1|0|0,3|0|6|0|1
70,35|15,785|-1,953|-809,298|0|1|0|0|0|6|0|1
70,525|15,584|-1,953|-810,325|0|1|0|-0,1|0|6|0|1
70,7|15,373|-1,953|-811,353|0|1|0|-0,1|0|6|0|1
70,875|15,522|-1,953|-812,312|0|1|0|0,2|0|6|0|1
71,05|16,089|-1,953|-813,191|0|1|0|0,3|0|6|0|1
71,226|16,422|-1,953|-814,112|0|1|0|0,1|0|6|0|1
71,401|16,138|-1,953|-815,112|0|1|0|-0,1|0|12|10|1
71,576|15,813|-0,698|-816,079|0|1|0|-0,2|0|6|3|1
71,751|15,465|-0,185|-817,031|0|1|0|-0,2|1|6|2|1
71,926|15,061|0,252|-817,96|0|1|0|-0,2|1|6|2|1
72,101|14,587|0,68|-818,855|0|1|0|-0,3|1|6|3|1
72,276|14,038|1,148|-819,707|0|1|0|-0,3|1|6|2|1
72,451|13,443|1,569|-820,526|0|0,9|0|-0,3|1|6|3|1
72,626|12,821|2,082|-821,327|0|0,9|0|-0,3|1|6|2|1
72,801|12,309|2,471|-822,19|0|1|0|-0,1|0|6|0|1
72,976|12,032|2,118|-823,164|0|1|0|-0,1|0|8|-5|1
73,151|11,616|0,859|-824,084|0|0,9|0|-0,4|0|11|-10|1
73,326|10,982|-1,159|-824,872|0|0,9|0|-0,5|0|15|-14|1
73,501|10,137|-1,953|-825,251|0|-0,7|0|0,7|0|6|0|1
73,676|9,142|-1,953|-824,958|0|-0,6|0|0,8|0|6|0|1
73,851|8,141|-1,953|-824,639|0|-0,6|0|0,8|0|6|0|1
74,026|7,141|-1,953|-824,319|0|-0,6|0|0,8|0|6|0|1
74,201|6,17|-1,953|-823,928|0|-0,5|0|0,8|0|6|0|1
74,376|5,307|-1,953|-823,333|0|-0,5|0|0,9|0|6|0|1
74,551|4,338|-1,953|-823,207|0|-0,7|0|0,7|0|6|0|1
74,726|3,323|-1,953|-823,452|0|-0,8|0|0,6|0|6|0|1
74,901|2,42|-1,953|-823,98|0|0,9|0|-0,5|0|6|0|1
75,076|1,641|-1,953|-824,678|0|0,9|0|-0,4|0|6|0|1
75,251|1,073|-1,953|-825,556|0|1|0|-0,3|0|6|0|1
75,426|0,659|-1,953|-826,519|0|1|0|-0,2|0|6|0|1
75,601|0,349|-1,953|-827,522|0|1|0|-0,1|0|6|0|1
75,776|0,136|-1,953|-828,549|0|1|0|-0,1|0|6|0|1
75,951|0,048|-1,953|-829,594|0|1|0|0|0|6|0|1
76,126|0,105|-0,844|-830,62|0|1|0|0,1|0|7|4|1
76,301|0,26|-0,302|-831,62|0|1|0|0,1|1|7|3|1
76,476|0,554|0,15|-832,589|0|1|0|0,2|1|6|3|1
76,651|0,945|0,621|-833,523|0|1|0|0,2|1|6|2|1
76,826|1,375|1,041|-834,441|0|1|0|0,2|1|7|3|1
77,001|1,816|1,47|-835,353|0|1|0|0,2|1|6|3|1
77,176|2,243|1,965|-836,272|0|1|0|0,2|0|6|1|1
77,351|2,649|1,73|-837,2|0|1|0|0,2|0|7|-5|1
77,526|3,036|0,569|-838,137|0|1|0|0,2|0|11|-9|1
77,701|3,376|-1,366|-839,091|0|1|0|0,1|0|15|-13|1
77,876|3,151|-1,953|-839,929|0|1|0|-0,3|0|6|0|1
78,051|2,318|-1,953|-840,552|0|0,9|0|-0,4|0|6|0|1
78,226|1,464|-1,953|-841,164|0|0,9|0|-0,5|0|6|0|1
78,401|0,611|-1,953|-841,775|0|0,9|0|-0,5|0|6|0|1
78,576|-0,241|-1,953|-842,389|0|0,9|0|-0,5|0|6|0|1
78,751|-0,839|-1,953|-843,153|0|1|0|-0,2|0|6|0|1
78,926|-0,765|-1,953|-844,185|0|1|0|0|0|6|0|1
79,101|-0,569|-1,953|-845,216|0|1|0|0,1|0|6|0|1
79,276|-0,339|-1,953|-846,241|0|1|0|0,1|0|6|0|1
79,451|-0,088|-1,953|-847,26|0|1|0|0,1|0|6|0|1
79,626|0,212|-1,953|-848,266|0|1|0|0,1|0|6|0|1
79,801|0,565|-1,953|-849,255|0|1|0|0,2|0|6|0|1
79,976|1,427|-1,953|-849,779|0|0,9|0|0,5|0|6|0|1
80,151|2,379|-1,953|-850,22|0|0,8|0|0,5|0|6|0|1
80,326|3,321|-1,953|-850,684|0|0,9|0|0,5|0|6|0|1
80,501|3,754|-1,299|-851,536|0|1|0|0,2|0|9|7|1
80,676|3,922|-0,508|-852,536|0|1|0|0,1|1|7|4|1
80,852|3,989|-0,009|-853,546|0|1|0|0|1|6|2|1
81,027|3,99|0,446|-854,559|0|1|0|0|1|6|2|1
81,202|3,968|0,884|-855,572|0|1|0|0|1|6|2|1
81,377|3,939|1,305|-856,585|0|1|0|0|1|7|3|1
81,552|3,909|1,759|-857,598|0|1|0|0|1|7|4|1
81,727|3,871|2,259|-858,611|0|1|0|0|1|6|2|1
81,902|3,806|2,718|-859,622|0|1|0|0|1|6|2|1
82,077|3,712|3,152|-860,631|0|1|0|-0,1|1|7|4|1
82,252|3,597|3,662|-861,637|0|1|0|-0,1|1|6|2|1
82,427|3,48|4,12|-862,644|0|1|0|-0,1|1|7|3|1
82,602|3,374|4,571|-863,651|0|1|0|-0,1|1|6|3|1
82,777|3,27|4,955|-864,659|0|1|0|-0,1|0|6|-1|1
82,952|3,176|4,469|-865,566|0|1|0|-0,1|0|8|-6|1
83,127|3,1|3,097|-866,302|0|0,9|0|0,4|0|11|-10|1
83,302|3,083|0,985|-866,495|0|0,2|0|1|0|14|-14|1
83,477|3,129|-1,747|-866,108|0|0,1|0|1|0|4|0|1
83,652|3,231|-1,953|-865,189|0|0,1|0|1|0|6|0|1
83,827|3,315|-1,953|-864,432|0|0,1|0|1|0|3|0|1
84,002|2,462|-1,953|-864,389|0|-0,7|0|0,8|0|6|0|1
84,177|2,089|-1,953|-865,243|0|1|0|-0,2|0|6|0|1
84,352|1,994|-1,953|-866,286|0|1|0|-0,1|0|6|0|1
84,527|2,007|-1,953|-867,334|0|1|0|0|0|6|0|1
84,702|2,147|-1,953|-868,374|0|1|0|0,1|0|6|0|1
84,877|2,304|-1,953|-869,412|0|1|0|0,1|0|12|10|1
85,052|2,457|-0,698|-870,422|0|1|0|0,1|0|6|3|1
85,227|2,607|-0,185|-871,424|0|1|0|0,1|1|6|2|1
85,402|2,745|0,252|-872,427|0|1|0|0,1|1|6|2|1
85,577|2,85|0,68|-873,435|0|1|0|0|1|6|3|1
85,752|2,906|1,094|-874,447|0|1|0|0|0|6|0|1
85,927|2,941|0,738|-875,459|0|1|0|0|0|8|-5|1
86,102|2,964|-0,524|-876,472|0|1|0|0|0|11|-10|1
86,277|2,974|-1,654|-877,08|0|1|0|0|0|6|0|
86,452|2,974|-1,654|-877,08|0|1|0|0|0|6|0|
86,627|2,974|-1,654|-877,08|0|1|0|0|0|6|0|
86,802|2,974|-1,654|-877,08|0|1|0|0|0|6|0|
86,977|2,974|-1,654|-877,08|0|1|0|0|0|6|0|
87,152|2,974|-1,654|-877,08|0|1|0|0|0|6|0|
87,327|2,618|-1,214|-841,989|0|1|0|0|0|5|-4|1
87,502|2,614|-1,953|-842,651|0|1|0|0|0|6|0|1
87,677|2,606|-1,953|-843,68|0|1|0|0|0|6|0|1
87,852|2,598|-1,953|-844,73|0|1|0|0|0|6|0|1
88,027|2,971|-1,953|-845,611|0|1|0|0,3|0|6|0|1
88,202|3,789|-1,953|-846,26|0|0,9|0|0,4|0|6|0|1
88,377|4,622|-1,953|-846,9|0|0,9|0|0,4|0|6|0|1
88,552|4,985|-1,953|-847,802|0|1|0|0,1|0|6|0|1
88,727|5,05|-1,299|-848,84|0|1|0|0|0|9|7|1
88,902|5,092|-0,508|-849,853|0|1|0|0|1|7|4|1
89,077|5,115|-0,009|-850,866|0|1|0|0|1|6|2|1
89,252|5,127|0,446|-851,879|0|1|0|0|1|6|2|1
89,427|5,136|0,884|-852,892|0|1|0|0|1|6|2|1
89,602|5,094|1,305|-853,904|0|1|0|-0,1|1|7|3|1
89,777|4,933|1,759|-854,904|0|1|0|-0,1|1|7|4|1
89,952|4,684|2,259|-855,886|0|1|0|-0,1|1|6|2|1
90,127|4,39|2,449|-856,855|0|1|0|-0,2|0|6|-2|1
90,303|4,078|1,715|-857,819|0|1|0|-0,2|0|9|-7|1
90,478|3,756|0,135|-858,78|0|1|0|-0,2|0|13|-12|1
90,653|3,494|-1,643|-859,547|0|1|0|-0,2|0|6|0|
90,828|3,494|-1,643|-859,547|0|1|0|-0,2|0|6|0|
91,003|3,494|-1,643|-859,547|0|1|0|-0,2|0|6|0|
91,178|3,494|-1,643|-859,547|0|1|0|-0,2|0|6|0|
91,353|3,494|-1,643|-859,547|0|1|0|-0,2|0|6|0|
91,528|3,494|-1,643|-859,547|0|1|0|-0,2|0|6|0|
91,703|2,595|-1,094|-841,916|0|1|0|-0,1|0|4|-3|1
91,878|2,417|-1,954|-842,434|0|1|0|-0,1|0|5|0|1
92,053|2,775|-1,953|-843,204|0|0,9|0|0,3|0|6|0|1
92,228|3,788|-1,953|-843,209|0|0,7|0|0,7|0|6|0|1
92,403|4,82|-1,953|-843,019|0|0,7|0|0,8|0|6|0|1
92,578|5,849|-1,953|-842,811|0|0,6|0|0,8|0|6|0|1
92,753|6,706|-1,953|-843,327|0|0,9|0|0,5|0|6|0|1
92,928|7,451|-1,953|-844,064|0|0,9|0|0,4|0|6|0|1
93,103|8,265|-1,953|-844,37|0|0,8|0|0,6|0|1|0|1
93,278|8,335|-1,953|-844,38|0|0,8|0|0,6|0|0|0|1
93,453|8,336|-1,953|-844,38|0|0,8|0|0,6|0|0|0|1
93,628|7,7|-1,953|-844,135|0|-0,2|0|1|0|6|0|1
93,803|6,729|-1,953|-843,849|0|-0,6|0|0,8|0|6|0|1
93,978|5,768|-1,953|-844,219|0|-0,8|0|0,6|0|6|0|1
94,153|4,808|-1,953|-844,644|0|-0,8|0|0,6|0|6|0|1
94,328|3,835|-1,953|-844,548|0|-0,6|0|0,8|0|6|0|1
94,503|2,855|-1,953|-844,175|0|-0,6|0|0,8|0|6|0|1
94,678|1,876|-1,953|-843,797|0|-0,6|0|0,8|0|6|0|1
94,853|0,896|-1,953|-843,419|0|-0,6|0|0,8|0|6|0|1
95,028|-0,083|-1,953|-843,041|0|-0,6|0|0,8|0|6|0|1
95,203|-1,075|-1,953|-842,696|0|-0,6|0|0,8|0|6|0|1
95,378|-2,099|-1,953|-842,469|0|-0,6|0|0,8|0|6|0|1
95,553|-3,024|-1,953|-842,717|0|-0,8|0|0,5|0|6|0|1
95,728|-3,777|-1,953|-843,441|0|0,9|0|-0,4|0|6|0|1
95,903|-4,472|-1,953|-844,227|0|0,9|0|-0,4|0|6|0|1
96,078|-4,947|-1,953|-844,824|0|0,9|0|-0,3|0|1|0|1
96,253|-4,85|-1,953|-844,834|0|1|0|0|0|5|0|1
96,428|-3,881|-1,953|-844,704|0|0,8|0|0,6|0|6|0|1
96,603|-2,841|-1,953|-844,564|0|0,7|0|0,7|0|6|0|1
96,778|-1,801|-1,953|-844,425|0|0,7|0|0,7|0|6|0|1
96,953|-0,935|-1,953|-844,943|0|0,9|0|0,5|0|6|0|1
97,128|-0,113|-1,953|-845,595|0|0,9|0|0,4|0|6|0|1
97,303|0,687|-1,953|-846,274|0|0,9|0|0,4|0|6|0|1
97,478|0,87|-1,953|-847,266|0|1|0|0,1|0|6|0|1
97,653|0,942|-1,953|-848,313|0|1|0|0|0|6|0|1
97,828|1,013|-1,953|-849,36|0|1|0|0|0|12|10|1
98,003|1,081|-0,698|-850,379|0|1|0|0|0|6|3|1
98,178|1,149|-0,185|-851,39|0|1|0|0|1|6|2|1
98,353|1,214|0,252|-852,401|0|1|0|0|1|6|2|1
98,528|1,255|0,68|-853,414|0|1|0|0|1|6|3|1
98,703|1,28|1,148|-854,426|0|1|0|0|1|6|2|1
98,878|1,299|1,488|-855,44|0|1|0|0|0|6|-1|1
99,053|1,318|0,972|-856,453|0|1|0|0|0|8|-6|1
99,228|1,336|-0,423|-857,466|0|1|0|0|0|12|-11|1
99,403|1,354|-1,953|-858,483|0|1|0|0|0|6|0|1
99,578|1,372|-1,603|-859,531|0|1|0|0|0|10|8|
99,753|1,372|-1,603|-859,531|0|1|0|0|0|10|8|
99,929|1,372|-1,603|-859,531|0|1|0|0|0|10|8|
100,104|1,372|-1,603|-859,531|0|1|0|0|0|10|8|
100,279|1,372|-1,603|-859,531|0|1|0|0|0|10|8|
100,454|1,372|-1,603|-859,531|0|1|0|0|0|10|8|
100,629|2,618|-1,005|-841,85|0|1|0|0|0|2|-2|1
100,804|2,637|-1,776|-841,981|0|1|0|0,1|0|2|0|1
100,979|3,222|-1,953|-842,5|0|0,9|0|0,5|0|6|0|1
101,154|4,248|-1,953|-842,514|0|0,7|0|0,7|0|6|0|1
101,329|5,297|-1,953|-842,479|0|0,7|0|0,7|0|6|0|1
101,504|6,269|-1,953|-842,649|0|0,8|0|0,6|0|6|0|1
101,679|7,034|-1,953|-843,355|0|0,9|0|0,4|0|6|0|1
101,854|7,759|-1,953|-844,114|0|0,9|0|0,4|0|6|0|1
102,029|8,26|-1,953|-844,964|0|1|0|0,2|0|6|0|1
102,204|8,23|-1,603|-846,004|0|1|0|0|0|10|8|1
102,379|8,182|-0,598|-847,016|0|1|0|0|1|6|3|1
102,554|8,132|-0,116|-848,028|0|1|0|0|1|7|3|1
102,729|8,082|0,33|-849,04|0|1|0|0|1|7|3|1
102,904|8,022|0,778|-850,052|0|1|0|0|1|7|3|1
103,079|7,936|1,207|-851,061|0|1|0|-0,1|1|6|3|1
103,254|7,818|1,669|-852,068|0|1|0|-0,1|1|6|3|1
103,429|7,669|2,151|-853,07|0|1|0|-0,1|1|7|3|1
103,604|7,495|2,6|-854,068|0|1|0|-0,1|1|7|3|1
103,779|7,302|3,059|-855,063|0|1|0|-0,1|1|6|3|1
103,954|7,098|3,553|-856,055|0|1|0|-0,1|1|7|3|1
104,129|6,878|4,041|-857,044|0|1|0|-0,1|1|6|2|1
104,304|6,643|4,473|-858,03|0|1|0|-0,1|1|6|3|1
104,479|6,4|4,932|-859,013|0|1|0|-0,1|1|7|3|1
104,654|6,149|5,36|-859,995|0|1|0|-0,1|1|6|3|1
104,829|5,886|5,827|-860,974|0|1|0|-0,1|1|6|2|1
105,004|5,612|6,303|-861,949|0|1|0|-0,1|1|6|2|1
105,179|5,33|6,735|-862,922|0|1|0|-0,1|1|6|3|1
105,354|5,041|7,185|-863,894|0|1|0|-0,1|1|6|3|1
105,529|4,749|7,648|-864,864|0|1|0|-0,1|1|6|2|1
105,704|4,454|8,073|-865,833|0|1|0|-0,1|1|7|3|1
105,879|4,153|8,507|-866,801|0|1|0|-0,2|1|6|3|1
106,054|3,844|8,993|-867,766|0|1|0|-0,2|1|6|2|1
106,229|3,526|9,44|-868,728|0|1|0|-0,2|1|7|3|1
106,404|3,216|9,565|-869,649|0|1|0|-0,2|0|6|-3|1
106,579|2,955|8,706|-870,425|0|1|0|-0,2|0|9|-8|1
106,754|2,736|7,022|-871,075|0|1|0|-0,2|0|13|-12|1
106,929|2,509|4,649|-871,75|0|1|0|-0,2|0|17|-16|1
107,104|2,187|1,698|-872,7|0|1|0|-0,2|0|19|-19|1
107,279|1,884|-1,736|-873,595|0|1|0|-0,2|0|5|0|1
107,454|1,88|-1,953|-873,606|0|-0,6|0|0,8|0|5|0|1
107,629|2,207|-1,953|-872,647|0|0|0|1|0|6|0|1
107,804|2,453|-1,953|-871,925|0|0,1|0|1|0|1|0|1
107,979|3,048|-1,603|-872,182|0|0,8|0|0,7|0|10|8|1
108,154|3,697|-0,598|-872,959|0|1|0|0,3|1|6|3|1
108,329|4,228|-0,116|-873,821|0|1|0|0,2|1|7|3|1
108,504|4,706|0,33|-874,714|0|1|0|0,2|1|7|3|1
108,679|5,182|0,778|-875,607|0|1|0|0,2|1|7|3|1
108,854|5,272|1,207|-876,612|0|1|0|0|1|6|3|1
109,03|5,163|1,669|-877,619|0|1|0|-0,1|1|6|3|1
109,205|5,002|2,151|-878,619|0|1|0|-0,1|1|7|3|1
109,38|4,826|2,6|-879,617|0|1|0|-0,1|1|7|3|1
109,555|4,647|3,059|-880,614|0|1|0|-0,1|1|6|3|1
109,73|4,468|3,553|-881,611|0|1|0|-0,1|1|7|3|1
109,905|4,287|4,041|-882,608|0|1|0|-0,1|1|6|2|1
110,08|4,107|4,473|-883,605|0|1|0|-0,1|1|6|3|1
110,255|3,927|4,932|-884,603|0|1|0|-0,1|1|7|3|1
110,43|3,748|5,36|-885,6|0|1|0|-0,1|1|6|3|1
110,605|3,574|5,827|-886,598|0|1|0|-0,1|1|6|2|1
110,78|3,407|6,303|-887,598|0|1|0|-0,1|1|6|2|1
110,955|3,246|6,736|-888,598|0|1|0|-0,1|0|6|1|1
111,13|3,097|6,422|-889,6|0|1|0|-0,1|0|8|-5|1
111,305|2,97|5,194|-890,605|0|1|0|0|0|11|-10|1
111,48|2,873|3,202|-891,614|0|1|0|0|0|15|-14|1
111,655|2,803|0,571|-892,625|0|1|0|0|0|18|-17|1
111,83|2,762|-1,953|-893,637|0|1|0|0|0|6|0|1
112,005|2,768|-1,953|-894,681|0|1|0|0|0|6|0|1
112,18|2,781|-1,953|-895,731|0|1|0|0|0|6|0|1
112,355|2,593|-1,953|-896,701|0|1|0|-0,2|0|6|0|1
112,53|1,888|-1,953|-897,467|0|0,9|0|-0,3|0|6|0|1
112,705|1,169|-1,953|-898,232|0|0,9|0|-0,4|0|6|0|1
112,88|0,55|-1,953|-899,039|0|1|0|-0,2|0|6|0|1
113,055|0,586|-1,953|-900,067|0|1|0|0|0|6|0|1
113,23|0,691|-1,953|-900,993|0|1|0|0|0|1|0|1
113,405|0,816|-1,953|-901,044|0|1|0|0,3|0|5|0|1
113,58|1,776|-1,953|-900,86|0|0,7|0|0,7|0|6|0|1
113,755|2,8|-1,953|-900,631|0|0,6|0|0,8|0|6|0|1
113,93|3,824|-1,953|-900,399|0|0,6|0|0,8|0|6|0|1
114,105|4,184|-1,953|-900,317|0|0,6|0|0,8|0|0|0|1
114,28|4,243|-1,953|-900,598|0|0,9|0|0,5|0|5|0|1
114,455|4,37|-1,953|-901,607|0|1|0|0,1|0|6|0|1
114,63|4,347|-1,953|-902,655|0|1|0|0|0|6|0|1
114,805|4,194|-1,953|-903,693|0|1|0|-0,1|0|6|0|1
114,98|3,969|-0,844|-904,696|0|1|0|-0,1|0|7|4|1
115,155|3,712|-0,302|-905,676|0|1|0|-0,1|1|7|3|1
115,33|3,43|0,15|-906,649|0|1|0|-0,1|1|6|3|1
115,505|3,142|0,621|-907,62|0|1|0|-0,1|1|6|2|1
115,68|2,865|1,041|-908,595|0|1|0|-0,1|1|7|3|1
115,855|2,662|1,47|-909,587|0|1|0|-0,1|1|6|3|1
116,03|2,529|1,965|-910,592|0|1|0|-0,1|1|7|3|1
116,205|2,442|2,417|-911,601|0|1|0|0|1|6|3|1
116,38|2,389|2,898|-912,613|0|1|0|0|1|6|2|1
116,555|2,365|3,362|-913,626|0|1|0|0|1|7|3|1
116,73|2,357|3,824|-914,639|0|1|0|0|1|6|3|1
116,905|2,355|4,306|-915,652|0|1|0|0|1|7|3|1
117,08|2,353|4,75|-916,666|0|1|0|0|1|7|3|1
117,255|2,352|5,194|-917,679|0|1|0|0|0|7|3|1
117,43|2,352|5,58|-917,881|0|1|0|0|0|2|2|1
117,605|2,352|5,93|-917,881|0|1|0|0|0|2|2|1
117,78|2,352|6,28|-917,881|0|1|0|0|0|2|2|1
117,955|2,352|6,63|-917,881|0|1|0|0|0|2|2|1
118,13|2,352|6,98|-917,881|0|1|0|0|0|2|2|1
118,305|2,352|7,33|-917,881|0|1|0|0|0|2|2|1
118,48|2,352|7,68|-917,881|0|1|0|0|0|2|2|1
118,656|2,352|8,03|-917,881|0|1|0|0|0|2|2|1
118,831|2,352|8,38|-917,881|0|1|0|0|0|2|2|1
119,006|2,352|8,73|-917,881|0|1|0|0|0|2|2|1
119,181|2,352|9,08|-917,881|0|1|0|0|0|2|2|1
119,356|2,352|9,43|-917,881|0|1|0|0|0|2|2|1
119,531|2,352|9,78|-917,881|0|1|0|0|0|2|2|1
119,706|2,352|10,13|-917,881|0|1|0|0|0|2|2|1
119,881|2,352|10,48|-917,881|0|1|0|0|0|2|2|1
120,056|2,352|10,83|-917,881|0|1|0|0|0|2|2|1
120,231|2,352|11,18|-917,881|0|1|0|0|0|2|2|1
120,406|2,352|11,53|-917,881|0|1|0|0|0|1|1|1
120,581|2,356|11,336|-918,211|0|1|0|0|0|4|2|1
120,756|2,383|11,367|-919,149|0|1|0|0|0|6|0|1
120,931|2,439|11,367|-920,196|0|1|0|0|0|6|0|1
121,106|2,56|11,367|-921,238|0|1|0|0,1|0|6|0|1
121,281|2,627|11,367|-921,601|0|1|0|0,1|0|0|0|1
121,456|2,629|11,367|-921,607|0|1|0|0,1|0|0|0|1
121,631|2,629|11,367|-921,607|0|1|0|0,1|0|0|0|1
121,806|2,629|11,367|-921,607|0|1|0|0,1|0|0|0|1
121,981|2,629|11,367|-921,607|0|1|0|0,1|0|0|0|1
122,156|2,629|11,367|-921,607|0|1|0|0,1|0|0|0|1
122,331|2,629|11,367|-921,607|0|1|0|0,1|0|0|0|1
122,506|2,631|11,367|-921,724|0|1|0|0,1|0|5|0|1
122,681|2,646|11,367|-922,702|0|1|0|0|0|6|0|1
122,856|2,656|11,04|-923,588|0|1|0|0|0|10|8|1
123,031|2,667|12,045|-924,601|0|1|0|0|1|6|3|1
123,206|2,677|12,527|-925,614|0|1|0|0|1|7|3|1
123,381|2,685|12,973|-926,627|0|1|0|0|1|7|3|1
123,556|2,693|13,342|-927,64|0|1|0|0|0|6|-1|1
123,731|2,702|12,829|-928,654|0|1|0|0|0|8|-6|1
123,906|2,71|11,435|-929,667|0|1|0|0|0|12|-11|1
124,081|2,716|9,304|-930,68|0|1|0|0|0|16|-14|1
124,256|2,715|6,557|-931,693|0|1|0|0|0|18|-18|1
124,431|2,707|3,293|-932,665|0|1|0|0|0|21|-20|1
124,606|2,7|-0,402|-933,484|0|1|0|0|0|23|-22|1
124,781|2,697|-1,953|-933,875|0|1|0|0|0|0|0|1
124,956|2,697|-1,953|-933,885|0|1|0|0|0|0|0|1
125,131|2,697|-1,953|-933,885|0|1|0|0|0|0|0|1
125,306|2,697|-1,953|-933,885|0|1|0|0|0|0|0|1
125,481|2,697|-1,953|-933,885|0|1|0|0|0|3|0|1
125,656|2,654|-1,953|-934,771|0|1|0|0|0|6|0|1
125,831|2,598|-1,953|-935,817|0|1|0|0|0|6|0|1
126,006|2,576|-1,953|-936,185|0|1|0|0|0|0|0|1
126,181|2,575|-1,953|-936,191|0|1|0|0|0|0|0|1
126,356|2,575|-1,953|-936,191|0|1|0|0|0|0|0|1