0|2,188|-0,98|-1195,46|0|1|0|0|0|1|-1|1
0,175|2,188|-1,572|-1195,46|0|1|0|0|0|7|-7|1
0,35|2,188|-1,953|-1195,46|0|1|0|0|0|0|0|1
0,525|2,188|-1,953|-1195,46|0|1|0|0|0|0|0|1
0,7|2,188|-1,953|-1195,46|0|1|0|0|0|0|0|1
0,875|2,188|-1,953|-1195,46|0|1|0|0|0|0|0|1
1,05|2,193|-1,953|-1194,781|0|-0,4|0|0,9|0|5|0|1
1,225|2,946|-1,953|-1194,138|0|0,3|0|0,9|0|6|0|1
1,4|3,829|-1,953|-1193,572|0|0,5|0|0,9|0|6|0|1
1,575|4,719|-1,953|-1193,739|0|0,8|0|0,6|0|6|0|1
1,75|5,606|-1,953|-1194,293|0|0,9|0|0,5|0|6|0|1
1,925|6,395|-1,953|-1194,791|0|0,9|0|0,5|0|1|0|1
2,1|6,455|-1,953|-1194,829|0|0,9|0|0,5|0|0|0|1
2,275|6,214|-1,953|-1194,677|0|0,3|0|1|0|5|0|1
2,45|5,238|-1,953|-1194,806|0|-0,6|0|0,8|0|6|0|1
2,625|4,24|-1,953|-1195,123|0|-0,8|0|0,6|0|6|0|1
2,8|3,288|-1,953|-1195,564|0|-0,8|0|0,5|0|6|0|1
2,975|2,359|-1,953|-1196,053|0|-0,9|0|0,5|0|6|0|1
3,15|1,717|-1,603|-1196,781|0|1|0|-0,3|0|10|8|1
3,325|1,381|-0,598|-1197,737|0|1|0|-0,2|1|6|3|1
3,5|1,077|-0,116|-1198,704|0|1|0|-0,1|1|7|3|1
3,675|0,798|0,33|-1199,678|0|1|0|-0,1|1|7|3|1
3,85|0,533|0,778|-1200,656|0|1|0|-0,1|1|7|3|1
4,025|0,281|1,207|-1201,637|0|1|0|-0,1|1|6|3|1
4,2|0,034|1,669|-1202,62|0|1|0|-0,1|1|6|3|1
4,375|-0,212|2,151|-1203,603|0|1|0|-0,1|1|7|3|1
4,55|-0,457|2,6|-1204,586|0|1|0|-0,1|1|7|3|1
4,725|-0,702|3,059|-1205,569|0|1|0|-0,1|1|6|3|1
4,9|-0,947|3,553|-1206,553|0|1|0|-0,1|1|7|3|1
5,075|-1,192|4,041|-1207,536|0|1|0|-0,1|1|6|2|1
5,25|-1,437|4,473|-1208,519|0|1|0|-0,1|1|6|3|1
5,425|-1,68|4,932|-1209,503|0|1|0|-0,1|1|7|3|1
5,6|-1,94|5,256|-1210,482|0|1|0|-0,1|0|6|-1|1
5,775|-2,439|4,97|-1211,335|0|0,9|0|-0,5|0|6|0|1
5,95|-3,156|4,943|-1212,001|0|0,9|0|-0,3|0|6|0|1
6,125|-3,364|4,943|-1212,725|0|1|0|-0,2|0|1|0|1
6,3|-3,372|4,943|-1212,756|0|1|0|-0,2|0|0|0|1
6,475|-3,372|4,943|-1212,756|0|1|0|-0,2|0|0|0|1
6,65|-3,158|4,943|-1212,566|0|0,9|0|0,5|0|5|0|1
6,825|-2,398|5,597|-1211,948|0|0,6|0|0,8|0|9|7|1
7|-1,45|6,388|-1211,593|0|0,6|0|0,8|1|7|4|1
7,175|-0,465|6,887|-1211,353|0|0,6|0|0,8|1|6|2|1
7,35|0,529|7,342|-1211,158|0|0,6|0|0,8|1|6|2|1
7,525|1,529|7,78|-1210,994|0|0,7|0|0,8|1|6|2|1
7,7|2,507|8,201|-1211,166|0|0,9|0|0,5|1|7|3|1
7,875|3,327|8,655|-1211,757|0|0,9|0|0,4|1|7|4|1
8,05|4,026|9,076|-1212,49|0|0,9|0|0,3|0|6|0|1
8,225|4,635|8,606|-1213,168|0|0,9|0|0,3|0|8|-6|1
8,4|5,145|7,373|-1213,736|0|0,9|0|0,3|0|2|0|1
8,575|5,218|7,373|-1213,818|0|0,9|0|0,3|0|0|0|1
8,75|5,219|7,373|-1213,819|0|0,9|0|0,3|0|3|0|1
8,925|5,688|8,481|-1214,562|0|1|0|0,3|0|7|4|1
9,1|6,229|9,024|-1215,419|0|1|0|0,3|1|7|3|1
9,275|6,975|9,475|-1216,08|0|0,8|0|0,5|1|6|3|1
9,45|7,88|9,946|-1216,526|0|0,9|0|0,4|1|6|2|1
9,625|8,566|10,367|-1217,268|0|1|0|0,3|1|7|3|1
9,8|9,104|10,796|-1218,126|0|1|0|0,2|1|6|3|1
9,975|9,565|10,855|-1219,028|0|1|0|0,2|0|7|-3|1
10,15|9,964|9,941|-1219,884|0|1|0|0,2|0|9|-8|1
10,325|10,298|8,211|-1220,601|0|1|0|0,2|0|13|-12|1
10,5|10,349|5,798|-1221,196|0|-0,8|0|0,5|0|16|-16|1
10,675|9,853|2,815|-1221,63|0|-0,6|0|0,8|0|19|-19|1
10,85|9,156|1,013|-1221,443|0|-0,3|0|0,9|0|5|0|1
11,025|9,292|1,013|-1220,475|0|0,1|0|1|0|6|0|1
11,2|9,449|2,122|-1219,938|0|0,1|0|1|0|5|4|1
11,375|9,646|2,664|-1219,695|0|0,1|0|1|1|4|3|1
11,55|10,024|3,037|-1219,381|0|0,3|0|1|1|6|2|1
11,725|10,771|3,491|-1218,738|0|0,2|0|1|1|6|2|1
11,9|10,983|3,942|-1217,757|0|0|0|1|0|6|1|1
12,075|10,995|3,699|-1216,744|0|-0,1|0|1|0|7|-5|1
12,25|10,858|2,532|-1215,745|0|-0,3|0|0,9|0|11|-9|1
12,425|10,418|1,013|-1214,835|0|-0,4|0|0,9|0|6|0|1
12,6|9,663|2,122|-1214,154|0|-0,4|0|0,9|0|7|4|1
12,775|8,88|2,664|-1213,511|0|-0,4|0|0,9|1|7|3|1
12,95|8,082|3,116|-1212,887|0|-0,4|0|0,9|1|6|3|1
13,125|7,304|3,587|-1212,242|0|-0,3|0|0,9|1|6|2|1
13,3|6,884|4,007|-1211,326|0|-0,1|0|1|1|7|3|1
13,475|6,669|4,437|-1210,336|0|-0,1|0|1|1|6|3|1
13,65|6,441|4,931|-1209,35|0|-0,2|0|1|1|7|3|1
13,825|5,932|5,383|-1208,495|0|-0,5|0|0,9|1|6|3|1
14|4,977|5,864|-1208,198|0|-0,7|0|0,7|1|6|2|1
14,175|3,97|6,328|-1208,28|0|-0,8|0|0,6|1|7|3|1
14,35|3,087|6,79|-1208,727|0|0,9|0|-0,3|1|6|3|1
14,525|2,646|7,272|-1209,628|0|1|0|-0,1|1|7|3|1
14,7|2,936|7,716|-1210,573|0|0,9|0|0,4|1|7|3|1
14,875|3,665|8,16|-1211,273|0|0,9|0|0,5|1|7|3|1
15,05|4,289|8,256|-1212,068|0|1|0|0,2|0|6|-3|1
15,225|4,787|7,372|-1212,832|0|1|0|0,2|0|2|0|1
15,4|4,859|7,373|-1212,942|0|1|0|0,2|0|0|0|1
15,575|4,86|7,373|-1212,943|0|1|0|0,2|0|0|0|1
15,75|4,86|7,373|-1212,943|0|1|0|0,2|0|0|0|1
15,925|5,032|7,375|-1213,602|0|1|0|0,1|0|12|10|1
16,1|5,304|8,628|-1214,582|0|1|0|0,2|0|6|3|1
16,275|5,894|9,141|-1215,393|0|0,9|0|0,4|1|6|2|1
16,45|6,332|9,578|-1216,296|0|1|0|0,1|1|6|2|1
16,625|6,408|10,007|-1217,303|0|1|0|0|1|6|3|1
16,8|6,266|10,474|-1218,306|0|1|0|-0,1|1|6|2|1
16,975|6,05|10,895|-1219,294|0|1|0|0|1|6|3|1
17,15|6,221|11,408|-1220,289|0|1|0|0,2|1|6|2|1
17,325|6,52|11,845|-1221,257|0|1|0|0,1|1|6|2|1
17,5|6,642|12,286|-1222,249|0|1|0|-0,1|1|6|3|1
17,675|6,648|12,807|-1222,573|0|0,9|0|-0,4|1|2|2|1
17,85|6,602|13,243|-1222,597|0|0,9|0|-0,5|1|5|3|1
18,025|5,766|13,702|-1222,878|0|-0,8|0|0,6|1|6|3|1
18,2|4,872|13,736|-1223,182|0|-0,8|0|0,6|0|6|-3|1
18,375|4,312|13,383|-1223,373|0|-0,8|0|0,6|0|0|0|1
18,55|4,29|13,383|-1223,38|0|-0,8|0|0,6|0|0|0|1
18,725|4,29|13,383|-1223,38|0|-0,8|0|0,6|0|0|0|1
18,9|4,29|13,383|-1223,38|0|-0,8|0|0,6|0|0|0|1
19,075|4,29|13,383|-1223,38|0|-0,8|0|0,6|0|10|10|1
19,25|4,29|14,638|-1223,38|0|-0,8|0|0,6|0|3|3|1
19,425|4,29|15,151|-1223,38|0|-0,8|0|0,6|1|2|2|1
19,6|4,29|15,588|-1223,38|0|-0,8|0|0,6|1|2|2|1
19,775|4,29|16,017|-1223,38|0|-0,8|0|0,6|1|3|3|1
19,95|4,64|16,484|-1222,715|0|0|0|1|1|6|2|1
20,125|5,113|16,905|-1221,819|0|0,2|0|1|1|6|3|1
20,3|5,404|17,418|-1220,864|0|0|0|1|1|6|2|1
20,475|5,18|17,855|-1219,887|0|-0,3|0|1|1|6|2|1
20,65|4,383|18,296|-1219,286|0|-0,6|0|0,8|1|6|3|1
20,825|3,399|18,817|-1219,057|0|-0,7|0|0,7|1|6|2|1
21|2,388|19,215|-1218,99|0|-0,7|0|0,7|0|6|0|1
21,175|1,416|18,871|-1218,988|0|-0,7|0|0,7|0|7|-5|1
21,35|0,597|17,618|-1218,988|0|-0,7|0|0,7|0|11|-10|1
21,525|0,084|16,673|-1218,988|0|-0,7|0|0,7|0|0|0|1
21,7|0,063|16,673|-1218,988|0|-0,7|0|0,7|0|0|0|1
21,875|0,045|16,673|-1219,104|0|-0,9|0|0,5|0|5|0|1
22,05|0,012|17,579|-1220,07|0|1|0|-0,1|0|8|6|1
22,225|0,079|18,245|-1221,081|0|1|0|0,1|1|6|2|1
22,4|0,284|18,678|-1222,073|0|1|0|0,1|1|6|3|1
22,575|0,564|19,141|-1223,047|0|1|0|0,2|1|7|3|1
22,75|0,873|19,57|-1224,011|0|1|0|0,2|1|6|3|1
22,925|1,214|20,036|-1224,965|0|1|0|0,2|1|6|2|1
23,1|1,224|20,512|-1225,923|0|1|0|0,2|1|6|2|1
23,275|1,464|20,945|-1226,904|0|1|0|0,2|1|6|3|1
23,45|1,913|21,415|-1227,803|0|1|0|0,3|1|6|3|1
23,625|2,818|21,907|-1227,961|0|0,5|0|0,9|1|6|2|1
23,8|3,597|22,192|-1227,328|0|0,2|0|1|1|6|1|1
23,975|4,066|22,572|-1226,435|0|0,1|0|1|1|6|2|1
24,15|4,385|22,823|-1225,581|0|0,1|0|1|0|5|-2|1
24,325|4,653|22,161|-1224,866|0|0,1|0|1|0|8|-7|1
24,5|4,806|21,05|-1224,611|0|1|0|0,3|0|5|0|1
24,675|4,329|21,049|-1225,352|0|1|0|-0,3|0|6|0|1
24,85|3,459|21,05|-1225,931|0|0,9|0|-0,4|0|6|0|1
25,025|3,28|21,05|-1226,222|0|0,9|0|-0,3|0|0|0|1
25,2|3,278|21,05|-1226,227|0|0,9|0|-0,3|0|0|0|1
25,375|3,278|21,05|-1226,227|0|0,9|0|-0,3|0|0|0|1
25,55|3,278|21,05|-1226,227|0|0,9|0|-0,3|0|0|0|1
25,725|3,278|21,05|-1226,227|0|0,9|0|-0,3|0|0|0|1
25,9|3,278|21,4|-1226,227|0|0,9|0|-0,3|0|8|8|1
26,075|3,278|22,405|-1226,227|0|0,9|0|-0,3|1|3|3|1
26,25|3,278|22,887|-1226,227|0|0,9|0|-0,3|1|3|3|1
26,425|3,278|23,333|-1226,227|0|0,9|0|-0,3|1|3|3|1
26,6|3,278|23,781|-1226,227|0|0,9|0|-0,3|1|3|3|1
26,775|3,641|24,21|-1225,816|0|0,7|0|0,7|1|6|3|1
26,95|4,236|24,671|-1224,997|0|0,3|0|0,9|1|6|3|1
27,125|4,767|25,154|-1224,134|0|0,3|0|1|1|7|3|1
27,3|5,278|25,602|-1223,259|0|0,3|0|1|1|7|3|1
27,475|5,784|26,062|-1222,38|0|0,3|0|1|1|6|3|1
27,65|6,283|26,555|-1221,499|0|0,2|0|1|1|7|3|1
27,825|6,754|27,043|-1220,602|0|0,2|0|1|1|6|2|1
28|7,184|27,014|-1219,707|0|0,2|0|1|0|6|-4|1
28,175|7,549|26,024|-1218,941|0|0,2|0|1|0|4|0|1
28,35|7,664|25,74|-1218,699|0|0,2|0|1|0|0|0|1
28,525|7,666|25,74|-1218,695|0|0,2|0|1|0|0|0|1
28,7|7,636|25,74|-1218,582|0|0,1|0|1|0|5|0|1
28,875|7,273|26,09|-1217,676|0|-0,2|0|1|0|10|8|1
29,05|6,825|27,095|-1216,791|0|-0,2|0|1|1|6|3|1
29,225|6,438|27,577|-1216,035|0|-0,2|0|1|1|5|3|1
29,4|6,113|28,023|-1215,403|0|-0,2|0|1|1|5|3|1
29,575|5,842|28,471|-1214,874|0|-0,2|0|1|1|4|3|1
29,75|5,615|28,9|-1214,432|0|-0,2|0|1|1|4|3|1
29,925|5,425|29,361|-1214,061|0|-0,2|0|1|1|3|3|1
30,1|5,266|29,844|-1213,751|0|-0,2|0|1|1|4|3|1
30,275|5,132|30,292|-1213,492|0|-0,2|0|1|1|4|3|1
30,45|5,021|30,752|-1213,275|0|-0,2|0|1|1|3|3|1
30,625|4,876|31,245|-1213,065|0|-0,3|0|0,9|1|5|3|1
30,8|4,055|31,733|-1212,576|0|-0,5|0|0,9|1|6|2|1
30,975|3,115|32,167|-1212,201|0|-0,6|0|0,8|0|6|1|1
31,15|2,252|31,853|-1211,907|0|-0,6|0|0,8|0|7|-5|1
31,325|1,53|30,729|-1211,661|0|-0,6|0|0,8|0|2|0|1
31,5|1,426|30,73|-1211,625|0|-0,6|0|0,8|0|0|0|1
31,675|1,424|30,73|-1211,625|0|-0,6|0|0,8|0|0|0|1
31,85|1,424|30,73|-1211,625|0|-0,6|0|0,8|0|0|0|1
32,025|0,765|31,384|-1211,797|0|-0,7|0|0,7|0|9|7|1
32,2|-0,215|32,175|-1212,053|0|-0,8|0|0,6|1|7|4|1
32,375|-1,195|32,674|-1212,31|0|-0,8|0|0,6|1|6|2|1
32,55|-2,172|33,128|-1212,578|0|-0,8|0|0,6|1|6|2|1
32,725|-3,141|33,567|-1212,874|0|-0,8|0|0,6|1|6|2|1
32,9|-4,107|33,988|-1213,181|0|-0,8|0|0,6|1|7|3|1
33,075|-5,072|34,442|-1213,492|0|-0,8|0|0,6|1|7|4|1
33,25|-6,036|34,941|-1213,803|0|-0,8|0|0,6|1|6|2|1
33,425|-7|35,401|-1214,114|0|-0,8|0|0,6|1|6|2|1
33,6|-7,955|35,641|-1214,451|0|-0,8|0|0,5|0|6|-2|1
33,775|-8,852|35,058|-1214,825|0|-0,9|0|0,5|0|2|0|1
33,95|-8,982|35,06|-1214,88|0|-0,9|0|0,5|0|0|0|1
34,125|-8,984|35,06|-1214,881|0|-0,9|0|0,5|0|0|0|1
34,3|-8,984|35,06|-1214,881|0|-0,9|0|0,5|0|0|0|1
34,475|-8,984|35,06|-1214,881|0|-0,9|0|0,5|0|0|0|1
34,65|-8,984|36,168|-1214,881|0|-0,9|0|0,5|0|4|4|1
34,825|-8,627|36,711|-1215,28|0|1|0|0,2|1|7|3|1
35|-8,019|37,162|-1215,96|0|1|0|0,2|1|6|3|1
35,175|-7,511|37,633|-1216,529|0|1|0|0,2|1|4|2|1
35,35|-7,085|38,054|-1217,005|0|1|0|0,2|1|4|3|1
35,525|-6,301|38,483|-1217,17|0|0,7|0|0,7|1|6|3|1
35,7|-5,301|38,978|-1217,204|0|0,8|0|0,6|1|7|3|1
35,875|-4,624|39,43|-1217,904|0|1|0|0,1|1|6|3|1
36,05|-4,526|39,91|-1218,905|0|1|0|-0,1|1|6|2|1
36,225|-4,706|40,375|-1219,901|0|1|0|-0,1|1|7|3|1
36,4|-5,018|40,837|-1220,865|0|1|0|-0,2|1|6|3|1
36,575|-5,424|41,319|-1221,792|0|1|0|-0,2|1|7|3|1
36,75|-5,907|41,743|-1222,683|0|1|0|-0,3|0|6|0|1
36,925|-6,429|41,408|-1223,527|0|1|0|-0,3|0|7|-5|1
37,1|-6,882|40,162|-1224,245|0|1|0|-0,3|0|4|0|1
37,275|-7,024|39,93|-1224,472|0|1|0|-0,3|0|0|0|1
37,45|-7,462|39,93|-1224,4|0|-0,8|0|0,6|0|5|0|1
37,625|-8,055|39,93|-1225,173|0|1|0|-0,3|0|6|0|1
37,8|-8,259|39,93|-1225,9|0|1|0|-0,2|0|1|0|1
37,975|-8,265|39,93|-1225,931|0|1|0|-0,2|0|0|0|1
38,15|-8,265|39,93|-1225,931|0|1|0|-0,2|0|0|0|1
38,325|-8,265|39,93|-1225,931|0|1|0|-0,2|0|0|0|1
38,5|-8,265|39,93|-1225,931|0|1|0|-0,2|0|0|0|1
38,675|-8,265|39,93|-1225,931|0|1|0|-0,2|0|0|0|1
38,85|-8,292|40,836|-1225,522|0|-0,5|0|0,9|0|7|6|1
39,025|-8,22|41,501|-1224,562|0|0,1|0|1|1|6|2|1
39,2|-7,595|41,934|-1223,799|0|0,5|0|0,8|1|6|3|1
39,375|-6,633|42,397|-1223,494|0|0,7|0|0,8|1|7|3|1
39,55|-5,628|42,826|-1223,363|0|0,7|0|0,7|1|6|3|1
39,725|-4,616|43,292|-1223,317|0|0,7|0|0,7|1|6|2|1
39,9|-3,605|43,768|-1223,368|0|0,7|0|0,7|1|6|2|1
40,075|-2,598|44,202|-1223,482|0|0,8|0|0,7|1|6|3|1
40,25|-1,599|44,672|-1223,649|0|0,8|0|0,6|1|7|3|1
40,425|-0,607|45,163|-1223,855|0|0,8|0|0,6|1|6|2|1
40,6|0,378|45,607|-1224,095|0|0,8|0|0,6|1|6|3|1
40,775|1,351|46,119|-1224,377|0|0,8|0|0,6|1|6|2|1
40,95|2,308|46,507|-1224,708|0|0,8|0|0,6|0|6|0|1
41,125|3,25|46,154|-1225,082|0|0,8|0|0,5|0|8|-5|1
41,3|4,138|45,079|-1225,476|0|0,9|0|0,5|0|2|0|1
41,475|4,267|45,08|-1225,533|0|0,9|0|0,5|0|0|0|1
41,65|4,269|45,08|-1225,534|0|0,9|0|0,5|0|0|0|1
41,825|4,269|45,08|-1225,534|0|0,9|0|0,5|0|0|0|1
42|4,269|45,734|-1225,534|0|0,9|0|0,5|0|7|7|1
42,175|4,269|46,525|-1225,534|0|0,9|0|0,5|1|4|4|1
42,35|4,269|47,024|-1225,534|0|0,9|0|0,5|1|2|2|1
42,525|4,269|47,478|-1225,534|0|0,9|0|0,5|1|2|2|1
42,7|4,237|47,917|-1225,584|0|1|0|0,3|1|4|2|1
42,875|3,752|48,338|-1226,336|0|1|0|-0,2|1|7|3|1
43,05|3,204|48,792|-1227,189|0|1|0|-0,3|1|7|4|1
43,225|2,662|49,291|-1228,044|0|1|0|-0,3|1|6|2|1
43,4|2,134|49,751|-1228,91|0|1|0|-0,3|1|6|2|1
43,575|1,638|50,184|-1229,793|0|1|0|-0,2|1|7|4|1
43,75|1,195|50,694|-1230,704|0|1|0|-0,2|1|6|2|1
43,925|0,804|50,585|-1231,638|0|1|0|-0,2|0|7|-4|1
44,1|0,459|49,53|-1232,591|0|1|0|-0,1|0|11|-9|1
44,275|0,171|48,433|-1233,566|0|1|0|-0,1|0|6|0|1
44,45|-0,016|48,433|-1234,596|0|1|0|-0,1|0|6|0|1
44,625|-0,144|48,433|-1235,638|0|1|0|-0,1|0|6|0|1
44,8|-0,221|49,087|-1236,678|0|1|0|0|0|9|7|1
44,975|-0,275|49,878|-1237,69|0|1|0|0|1|7|4|1
45,15|-0,304|50,377|-1238,703|0|1|0|0|1|6|2|1
45,325|-0,318|50,832|-1239,716|0|1|0|0|1|7|2|1
45,5|-0,325|51,265|-1241,145|0|1|0|0|1|11|3|1
45,675|-0,326|51,567|-1243,128|0|1|0|0|0|13|-2|1
45,85|-0,322|50,864|-1245,577|0|1|0|0|0|17|-8|1
46,025|-0,313|49,177|-1248,414|0|1|0|0|0|21|-13|1
46,2|-0,296|46,667|-1251,576|0|1|0|0|0|25|-17|1
46,375|-0,274|43,467|-1255,011|0|1|0|0|0|29|-20|1
46,55|-0,245|40,532|-1258,347|0|1|0|0|1|21|-12|1
46,725|-0,209|39,005|-1261,138|0|1|0|0|1|15|-4|1
46,9|-0,172|38,656|-1263,474|0|1|0|0|1|12|2|1
47,075|-0,138|39,131|-1265,428|0|1|0|0|1|10|2|1
47,25|-0,107|39,564|-1267,063|0|1|0|0|1|9|4|1
47,425|-0,081|40,068|-1268,432|0|1|0|0|1|7|2|1
47,6|-0,059|40,497|-1269,578|0|1|0|0|1|7|3|1
47,775|-0,04|40,998|-1270,594|0|1|0|0|1|6|2|1
47,95|-0,021|41,417|-1271,607|0|1|0|0|1|7|3|1
48,125|-0,001|41,88|-1272,654|0|1|0|0|1|8|3|1
48,3|0,022|42,332|-1274,202|0|1|0|0|0|11|1|1
48,475|0,046|41,967|-1276,285|0|1|0|0|0|14|-6|1
48,65|0,071|40,646|-1278,333|0|1|0|0|0|15|-10|1
48,825|0,096|38,576|-1280,046|0|1|0|0|0|17|-14|1
49|0,12|36,12|-1281,479|0|1|0|0|1|13|-11|1
49,175|0,143|34,78|-1282,679|0|1|0|0|0|8|-6|1
49,35|0,163|33,425|-1283,71|0|1|0|0|0|12|-10|1
49,525|0,183|31,327|-1284,723|0|1|0|0|0|15|-14|1
49,7|0,206|30,147|-1285,746|0|1|0|0|0|6|0|1
49,875|0,259|30,147|-1286,794|0|1|0|0|0|6|0|1
50,05|0,345|30,147|-1287,84|0|1|0|0|0|6|0|1
50,225|0,44|30,147|-1288,886|0|1|0|0|0|6|0|1
50,4|0,535|30,147|-1289,931|0|1|0|0|0|6|0|1
50,575|0,632|30,147|-1290,977|0|1|0|0|0|6|0|1
50,75|0,74|30,147|-1292,021|0|1|0|0,1|0|6|0|1
50,925|0,858|30,147|-1293,064|0|1|0|0,1|0|6|0|1
51,1|0,974|30,147|-1294,108|0|1|0|0,1|0|6|0|1
51,275|1,045|30,147|-1295,155|0|1|0|0|0|6|0|1
51,45|1,056|30,801|-1296,198|0|1|0|0|0|9|7|1
51,625|1,03|31,592|-1297,21|0|1|0|0|1|7|4|1
51,8|0,974|32,091|-1298,222|0|1|0|0|1|6|2|1
51,975|0,906|32,546|-1299,233|0|1|0|0|1|6|2|1
52,15|0,835|32,984|-1300,244|0|1|0|0|1|6|2|1
52,325|0,763|33,405|-1301,255|0|1|0|0|1|7|3|1
52,5|0,691|33,494|-1302,265|0|1|0|0|0|7|-3|1
52,675|0,675|32,603|-1303,276|0|1|0|0,2|0|10|-8|1
52,85|1,056|31,678|-1304,204|0|0,9|0|0,3|1|6|-1|1
53,025|1,69|31,833|-1304,994|0|0,9|0|0,4|1|6|2|1
53,2|2,232|32,298|-1305,835|0|1|0|0,1|1|7|3|1
53,375|2,446|32,452|-1306,824|0|1|0|0|0|6|-3|1
53,55|2,552|31,616|-1307,832|0|1|0|0|1|8|-5|1
53,725|2,515|31,115|-1308,844|0|1|0|-0,1|1|6|1|1
53,9|2,219|31,486|-1309,796|0|0,9|0|-0,3|1|6|2|1
54,075|1,527|31,912|-1310,533|0|0,9|0|-0,4|1|6|3|1
54,25|0,763|32,402|-1311,195|0|0,9|0|-0,3|1|7|3|1
54,425|0,423|32,892|-1312,125|0|1|0|0,1|1|6|2|1
54,6|0,738|33,326|-1313,081|0|1|0|0,3|1|6|3|1
54,775|1,278|33,802|-1313,937|0|0,9|0|0,3|1|7|3|1
54,95|1,861|34,277|-1314,763|0|1|0|0,2|1|6|2|1
55,125|2,052|34,71|-1315,753|0|1|0|0|1|7|4|1
55,3|2,032|35,214|-1316,766|0|1|0|0|1|6|2|1
55,475|1,954|35,647|-1317,776|0|1|0|0|1|6|3|1
55,65|1,86|36,107|-1318,785|0|1|0|0|1|6|2|1
55,825|1,763|36,546|-1319,793|0|1|0|0|1|6|2|1
56|1,665|36,431|-1320,802|0|1|0|0|0|7|-4|1
56,175|1,566|35,371|-1321,81|0|1|0|0|0|11|-9|1
56,35|1,467|33,996|-1322,818|0|1|0|0|1|7|-4|1
56,525|1,369|33,704|-1323,826|0|1|0|0|1|6|2|1
56,7|1,27|34,13|-1324,835|0|1|0|0|1|7|3|1
56,875|1,171|34,45|-1325,843|0|1|0|0|0|6|-1|1
57,05|1,072|33,896|-1326,851|0|1|0|0|0|9|-6|1
57,225|0,973|32,467|-1327,86|0|1|0|0|0|12|-11|1
57,4|0,874|30,307|-1328,868|0|1|0|0|0|16|-15|1
57,575|0,774|27,535|-1329,876|0|1|0|-0,1|0|19|-18|1
57,75|0,661|25,047|-1330,887|0|1|0|-0,1|0|6|0|1
57,925|0,51|25,047|-1331,924|0|1|0|-0,1|0|6|0|1
58,1|0,326|25,047|-1332,958|0|1|0|-0,1|0|6|0|1
58,275|0,128|25,047|-1333,989|0|1|0|-0,1|0|6|0|1
58,45|-0,072|25,047|-1335,02|0|1|0|-0,1|0|6|0|1
58,625|-0,271|25,047|-1336,05|0|1|0|-0,1|0|6|0|1
58,8|-0,545|25,047|-1337,032|0|1|0|-0,2|0|6|0|1
58,975|-1,348|25,953|-1337,657|0|0,9|0|-0,4|0|8|6|1
59,15|-2,161|26,619|-1338,262|0|0,9|0|-0,4|1|6|2|1
59,325|-2,955|27,052|-1338,891|0|0,9|0|-0,4|1|6|3|1
59,5|-3,693|27,515|-1339,582|0|1|0|-0,3|1|7|3|1
59,675|-4,032|27,944|-1340,53|0|1|0|-0,1|1|6|3|1
59,85|-4,15|28,41|-1341,536|0|1|0|0|1|6|2|1
60,025|-4,206|28,886|-1342,547|0|1|0|0|1|6|2|1
60,2|-4,235|29,319|-1343,56|0|1|0|0|1|6|3|1
60,375|-4,236|29,789|-1344,573|0|1|0|0|1|7|3|1
60,55|-4,227|30,125|-1345,586|0|1|0|0|0|6|-1|1
60,725|-4,362|29,585|-1346,586|0|1|0|-0,3|0|9|-6|1
60,9|-4,76|28,168|-1347,515|0|0,9|0|-0,4|0|12|-11|1
61,075|-5,302|26,017|-1348,371|0|0,9|0|-0,4|0|16|-14|1
61,25|-5,929|24,783|-1349,17|0|0,9|0|-0,4|0|6|1|1
61,425|-6,061|24,985|-1350,102|0|1|0|0|0|6|1|1
61,6|-5,684|25,779|-1351,04|0|1|0|0,3|0|9|7|1
61,775|-4,943|26,57|-1351,712|0|0,7|0|0,7|1|7|4|1
61,95|-3,945|27,069|-1351,743|0|0,6|0|0,8|1|6|2|1
62,125|-2,956|27,523|-1351,554|0|0,7|0|0,7|1|6|2|1
62,3|-1,95|27,962|-1351,665|0|0,8|0|0,6|1|6|2|1
62,475|-0,959|28,383|-1351,876|0|0,8|0|0,6|1|7|3|1
62,65|0,009|28,836|-1352,171|0|0,8|0|0,6|1|7|4|1
62,825|0,945|29,336|-1352,558|0|0,8|0|0,5|1|6|2|1
63|1,851|29,795|-1353,013|0|0,9|0|0,5|1|6|2|1
63,175|2,728|30,229|-1353,521|0|0,9|0|0,5|1|7|4|1
63,35|3,58|30,739|-1354,069|0|0,9|0|0,5|1|6|2|1
63,525|4,407|31,197|-1354,654|0|0,9|0|0,4|1|7|3|1
63,7|5,204|31,649|-1355,279|0|0,9|0|0,4|1|6|3|1
63,875|5,96|32,036|-1355,953|0|0,9|0|0,4|0|6|0|1
64,05|6,773|31,556|-1356,553|0|0,8|0|0,6|0|8|-6|1
64,225|7,687|30,19|-1356,99|0|0,8|0|0,6|0|12|-10|1
64,4|8,6|28,613|-1357,429|0|0,9|0|0,5|0|6|1|1
64,575|9,002|28,802|-1358,237|0|1|0|0,1|0|6|1|1
64,75|8,702|29,013|-1359,207|0|1|0|-0,1|0|6|1|1
64,925|8,179|30,16|-1360,081|0|1|0|-0,3|0|7|4|1
65,1|7,546|30,703|-1360,87|0|0,9|0|-0,4|1|7|3|1
65,275|6,776|31,154|-1361,527|0|0,9|0|-0,5|1|6|3|1
65,45|5,934|31,625|-1362,09|0|0,9|0|-0,5|1|6|2|1
65,625|5,067|32,045|-1362,615|0|0,9|0|-0,5|1|7|3|1
65,8|4,203|32,475|-1363,144|0|0,9|0|-0,5|1|6|3|1
65,975|3,368|32,97|-1363,717|0|0,9|0|-0,4|1|7|3|1
66,15|2,504|33,422|-1364,232|0|-0,8|0|0,6|1|6|3|1
66,325|1,529|33,902|-1364,506|0|-0,8|0|0,6|1|6|2|1
66,5|0,563|34,367|-1364,81|0|-0,8|0|0,6|1|7|3|1
66,675|-0,232|34,828|-1365,401|0|1|0|-0,2|1|6|3|1
66,85|-0,546|35,31|-1366,356|0|1|0|0|1|7|3|1
67,025|-0,565|35,755|-1367,368|0|1|0|0|1|7|3|1
67,2|-0,463|36,198|-1368,376|0|1|0|0,1|1|7|3|1
67,375|-0,325|36,627|-1369,38|0|1|0|0,1|1|6|3|1
67,55|-0,195|37,091|-1370,384|0|1|0|0,1|1|6|3|1
67,725|-0,122|37,11|-1371,395|0|1|0|0,1|0|7|-3|1
67,9|-0,007|36,732|-1372,369|0|1|0|0|0|6|2|1
68,075|0,17|37,117|-1373,292|0|1|0|0|0|6|2|1
68,25|-0,303|37,465|-1374,129|0|1|0|-0,3|0|6|2|1
68,425|-1,07|37,739|-1374,786|0|0,9|0|-0,4|0|6|1|1
68,6|-1,941|37,963|-1375,326|0|0,9|0|-0,5|0|3|1|1
68,775|-2,08|37,996|-1375,404|0|0,9|0|-0,5|0|0|0|1
68,95|-2,134|37,956|-1375,308|0|-0,7|0|0,7|0|5|-2|1
69,125|-2,565|37,618|-1374,497|0|-0,3|0|0,9|0|11|10|1
69,3|-3,037|38,873|-1373,608|0|-0,3|0|1|0|6|3|1
69,475|-3,516|39,386|-1372,715|0|-0,3|0|1|1|6|2|1
69,65|-3,977|39,822|-1371,859|0|-0,2|0|1|1|6|2|1
69,825|-4,753|40,251|-1371,335|0|-0,7|0|0,8|1|6|3|1
70|-5,751|40,719|-1371,161|0|-0,7|0|0,8|1|6|2|1
70,175|-6,735|41,14|-1370,925|0|-0,6|0|0,8|1|6|3|1
70,35|-7,679|41,653|-1370,557|0|-0,5|0|0,8|1|6|2|1
70,525|-8,581|42,089|-1370,096|0|-0,5|0|0,9|1|6|2|1
70,7|-9,43|42,531|-1369,55|0|-0,4|0|0,9|1|6|3|1
70,875|-9,894|43,052|-1368,658|0|-0,1|0|1|1|6|2|1
71,05|-10,082|43,485|-1367,664|0|0|0|1|1|7|4|1
71,226|-10,132|43,984|-1366,652|0|0|0|1|1|6|2|1
71,401|-9,719|44,435|-1365,741|0|0,4|0|0,9|1|6|2|1
71,576|-9,021|44,871|-1365,008|0|0,4|0|0,9|1|6|2|1
71,751|-8,251|45,291|-1364,349|0|0,4|0|0,9|1|7|3|1
71,926|-7,461|45,747|-1363,716|0|0,4|0|0,9|1|7|4|1
72,101|-6,688|46,245|-1363,064|0|0,3|0|0,9|1|6|2|1
72,276|-6,299|46,692|-1362,137|0|0,1|0|1|1|6|2|1
72,451|-6,147|47,114|-1361,135|0|0|0|1|1|7|3|1
72,626|-6,009|47,2|-1360,133|0|0,2|0|1|0|7|-3|1
72,801|-5,614|46,307|-1359,203|0|0,4|0|0,9|0|10|-8|1
72,976|-5,272|45,495|-1358,281|0|0,1|0|1|0|6|2|1
73,151|-5,136|45,863|-1357,316|0|0,1|0|1|0|6|2|1
73,326|-4,67|46,165|-1356,52|0|0,3|0|0,9|0|6|1|1
73,501|-3,814|46,379|-1355,958|0|0,5|0|0,9|0|6|1|1
73,676|-2,935|46,583|-1355,422|0|0,5|0|0,9|0|6|1|1
73,851|-2,052|47,569|-1354,904|0|0,5|0|0,9|0|8|6|1
74,026|-1,174|48,235|-1354,398|0|0,5|0|0,9|1|6|2|1
74,201|-0,296|48,668|-1353,893|0|0,5|0|0,9|1|6|3|1
74,376|0,583|49,131|-1353,389|0|0,5|0|0,9|1|7|3|1
74,551|1,448|49,56|-1352,86|0|0,5|0|0,9|1|6|3|1
74,726|2,294|50,026|-1352,303|0|0,5|0|0,9|1|6|2|1
74,901|3,135|50,502|-1351,737|0|0,5|0|0,9|1|6|2|1
75,076|3,974|50,935|-1351,169|0|0,5|0|0,9|1|6|3|1
75,251|4,812|51,405|-1350,601|0|0,5|0|0,9|1|7|3|1
75,426|5,651|51,742|-1350,032|0|0,5|0|0,9|0|6|-1|1
75,601|6,489|51,201|-1349,463|0|0,5|0|0,9|0|9|-6|1
75,776|7,314|50,005|-1348,887|0|0,4|0|0,9|0|5|2|1
75,951|7,603|50,337|-1347,979|0|0,2|0|1|0|6|2|1
76,126|7,939|50,687|-1347,052|0|0,2|0|1|0|6|2|1
76,301|8,623|51,012|-1346,516|0|0,6|0|0,8|0|6|1|1
76,476|9,519|51,105|-1346,971|0|0,8|0|0,5|0|6|0|1
76,651|10,206|51,053|-1347,754|0|0,9|0|0,4|0|6|-1|1
76,826|10,794|51,324|-1348,619|0|1|0|0,3|0|10|8|1
77,001|11,348|52,328|-1349,467|0|1|0|0,3|1|6|3|1
77,176|11,892|52,811|-1350,321|0|1|0|0,3|1|7|3|1
77,351|12,419|53,257|-1351,187|0|1|0|0,3|1|7|3|1
77,526|13,075|53,704|-1351,941|0|0,9|0|0,5|1|7|3|1
77,701|13,993|54,134|-1352,366|0|0,8|0|0,6|1|6|3|1
77,876|14,958|54,595|-1352,672|0|0,8|0|0,6|1|6|3|1
78,051|15,8|55,078|-1353,207|0|0,9|0|0,3|1|7|3|1
78,226|16,398|55,526|-1354,023|0|1|0|0,3|1|7|3|1
78,401|16,9|55,986|-1354,903|0|1|0|0,2|1|6|3|1
78,576|17,371|56,479|-1355,8|0|1|0|0,2|1|7|3|1
78,751|17,834|56,967|-1356,701|0|1|0|0,2|1|6|2|1
78,926|18,309|57,241|-1357,596|0|0,9|0|0,3|0|6|-2|1
79,101|18,99|56,574|-1358,342|0|0,8|0|0,5|0|9|-7|1
79,276|19,555|56,431|-1359,108|0|1|0|0,3|0|6|2|1
79,451|19,848|56,748|-1360,061|0|1|0|0,2|0|6|2|1
79,626|20,006|57,036|-1361,057|0|1|0|0,1|0|6|2|1
79,801|20,041|57,292|-1362,074|0|1|0|0|0|6|1|1
79,976|19,947|57,512|-1363,095|0|1|0|-0,1|0|6|1|1
80,151|19,757|58,659|-1364,098|0|1|0|-0,1|0|7|4|1
80,326|19,53|59,202|-1365,085|0|1|0|-0,1|1|7|3|1
80,501|19,267|59,653|-1366,064|0|1|0|-0,1|1|6|3|1
80,676|18,991|60,124|-1367,038|0|1|0|-0,1|1|6|2|1
80,852|18,992|60,545|-1368,036|0|1|0|0,2|1|7|3|1
81,027|19,353|60,974|-1368,981|0|1|0|0,2|1|6|3|1
81,202|19,61|61,469|-1369,947|0|1|0|0|1|7|3|1
81,377|19,407|61,921|-1370,936|0|1|0|-0,2|1|6|3|1
81,552|18,693|62,401|-1371,631|0|-0,8|0|0,5|1|6|2|1
81,727|17,775|62,866|-1372,057|0|-0,9|0|0,5|1|7|3|1
81,902|17,009|63,02|-1372,718|0|1|0|-0,3|0|6|-3|1
82,077|16,422|63,035|-1373,497|0|1|0|-0,3|0|6|2|1
82,252|15,926|63,404|-1374,344|0|1|0|-0,3|0|6|2|1
82,427|15,432|63,774|-1375,193|0|1|0|-0,3|0|6|2|1
82,602|14,935|64,144|-1376,041|0|1|0|-0,3|0|6|2|1
82,777|14,414|64,512|-1376,875|0|1|0|-0,3|0|6|2|1
82,952|13,874|65,374|-1377,719|0|1|0|-0,3|0|9|7|1
83,127|13,331|66,165|-1378,574|0|1|0|-0,3|1|7|4|1
83,302|12,816|66,664|-1379,447|0|1|0|-0,3|1|6|2|1
83,477|12,347|67,118|-1380,345|0|1|0|-0,2|1|6|2|1
83,652|11,943|67,557|-1381,274|0|1|0|-0,2|1|6|2|1
83,827|11,616|67,978|-1382,233|0|1|0|-0,1|1|7|3|1
84,002|11,344|68,431|-1383,209|0|1|0|-0,1|1|7|4|1
84,177|11,094|68,931|-1384,191|0|1|0|-0,1|1|6|2|1
84,352|10,851|69,39|-1385,174|0|1|0|-0,1|1|6|2|1
84,527|10,61|69,824|-1386,159|0|1|0|-0,1|1|7|4|1
84,702|10,368|70,334|-1387,142|0|1|0|-0,1|1|6|2|1
84,877|10,124|70,792|-1388,126|0|1|0|-0,1|0|7|3|1
85,052|10,074|71,189|-1388,322|0|1|0|-0,1|0|2|2|1
85,227|10,074|71,539|-1388,322|0|1|0|-0,1|0|2|2|1
85,402|10,074|71,889|-1388,322|0|1|0|-0,1|0|2|2|1
85,577|10,074|72,239|-1388,322|0|1|0|-0,1|0|2|2|1
85,752|10,074|72,589|-1388,322|0|1|0|-0,1|0|2|2|1
85,927|10,074|72,939|-1388,322|0|1|0|-0,1|0|2|2|1
86,102|10,074|73,289|-1388,322|0|1|0|-0,1|0|2|2|1
86,277|10,074|73,639|-1388,322|0|1|0|-0,1|0|2|2|1
86,452|10,074|73,989|-1388,322|0|1|0|-0,1|0|2|2|1
86,627|10,074|74,339|-1388,322|0|1|0|-0,1|0|2|2|1
86,802|10,074|74,689|-1388,322|0|1|0|-0,1|0|2|2|1
86,977|10,074|75,039|-1388,322|0|1|0|-0,1|0|2|2|1
87,152|10,074|75,389|-1388,322|0|1|0|-0,1|0|2|2|1
87,327|10,074|75,739|-1388,322|0|1|0|-0,1|0|2|2|1
87,502|10,074|76,089|-1388,322|0|1|0|-0,1|0|2|2|1
87,677|10,074|76,439|-1388,322|0|1|0|-0,1|0|2|2|1
87,852|10,074|76,789|-1388,322|0|1|0|-0,1|0|2|2|1
88,027|10,074|77,139|-1388,322|0|1|0|-0,1|0|2|2|1
88,202|10,074|77,489|-1388,322|0|1|0|-0,1|0|2|2|1
88,377|10,074|77,839|-1388,322|0|1|0|-0,1|0|0|0|1
88,552|10,074|77,839|-1388,322|0|1|0|-0,1|0|0|0|1
88,727|10,074|77,839|-1388,322|0|1|0|-0,1|0|0|0|1
88,902|10,074|77,839|-1388,322|0|1|0|-0,1|0|0|0|1
89,077|10,074|77,839|-1388,322|0|1|0|-0,1|0|0|0|1
89,252|10,074|77,839|-1388,322|0|1|0|-0,1|0|0|0|1
89,427|10,074|77,839|-1388,322|0|1|0|-0,1|0|0|0|1
89,602|10,074|77,839|-1388,322|0|1|0|-0,1|0|0|0|1
89,777|10,074|77,839|-1388,322|0|1|0|-0,1|0|0|0|1
89,952|10,074|77,839|-1388,322|0|1|0|-0,1|0|0|0|1
90,127|10,074|77,839|-1388,322|0|1|0|-0,1|0|0|0|1
90,303|10,074|77,839|-1388,322|0|1|0|-0,1|0|0|0|1
90,478|10,074|77,839|-1388,322|0|1|0|-0,1|0|0|0|1
90,653|10,074|77,839|-1388,322|0|1|0|-0,1|0|0|0|1
90,828|10,074|77,839|-1388,322|0|1|0|-0,1|0|0|0|1
91,003|10,074|77,839|-1388,322|0|1|0|-0,1|0|0|0|1
91,178|10,074|77,839|-1388,322|0|1|0|-0,1|0|0|0|1
91,353|10,074|77,839|-1388,322|0|1|0|-0,1|0|0|0|1
91,528|10,074|77,839|-1388,322|0|1|0|-0,1|0|0|0|1
91,703|10,074|77,839|-1388,322|0|1|0|-0,1|0|0|0|1
91,878|10,074|77,839|-1388,322|0|1|0|-0,1|0|0|0|1
92,053|10,074|77,839|-1388,322|0|1|0|-0,1|0|0|0|1
92,228|10,074|77,839|-1388,322|0|1|0|-0,1|0|0|0|1
92,403|10,074|77,839|-1388,322|0|1|0|-0,1|0|0|0|1
92,578|10,074|77,839|-1388,322|0|1|0|-0,1|0|0|0|1
92,753|10,074|77,839|-1388,322|0|1|0|-0,1|0|0|0|1
92,928|10,074|77,839|-1388,322|0|1|0|-0,1|0|0|0|1
93,103|10,074|77,839|-1388,322|0|1|0|-0,1|0|0|0|1
93,278|10,074|77,839|-1388,322|0|1|0|-0,1|0|0|0|1
93,453|10,074|77,839|-1388,322|0|1|0|-0,1|0|0|0|1
93,628|10,074|78,119|-1388,322|0|1|0|-0,1|0|2|2|1
93,803|10,074|78,469|-1388,322|0|1|0|-0,1|0|2|2|1
93,978|10,074|78,819|-1388,322|0|1|0|-0,1|0|2|2|1
94,153|10,074|79,169|-1388,322|0|1|0|-0,1|0|2|2|1
94,328|10,074|79,519|-1388,322|0|1|0|-0,1|0|2|2|1
94,503|10,074|79,869|-1388,322|0|1|0|-0,1|0|2|2|1
94,678|10,074|80,219|-1388,322|0|1|0|-0,1|0|2|2|1
94,853|10,074|80,569|-1388,322|0|1|0|-0,1|0|2|2|1
95,028|10,074|80,919|-1388,322|0|1|0|-0,1|0|2|2|1
95,203|10,074|81,269|-1388,322|0|1|0|-0,1|0|2|2|1
95,378|10,074|81,619|-1388,322|0|1|0|-0,1|0|2|2|1
95,553|10,074|81,969|-1388,322|0|1|0|-0,1|0|2|2|1
95,728|10,074|82,319|-1388,322|0|1|0|-0,1|0|2|2|1
95,903|10,074|82,669|-1388,322|0|1|0|-0,1|0|2|2|1
96,078|10,074|83,019|-1388,322|0|1|0|-0,1|0|2|2|1
96,253|10,074|83,369|-1388,322|0|1|0|-0,1|0|2|2|1
96,428|10,074|83,719|-1388,322|0|1|0|-0,1|0|2|2|1
96,603|10,074|84,069|-1388,322|0|1|0|-0,1|0|2|2|1
96,778|10,074|84,139|-1388,322|0|1|0|-0,1|0|0|0|1
96,953|10,074|84,139|-1388,322|0|1|0|-0,1|0|0|0|1
97,128|10,074|84,139|-1388,322|0|1|0|-0,1|0|0|0|1
97,303|10,074|84,139|-1388,322|0|1|0|-0,1|0|0|0|1
97,478|10,074|84,139|-1388,322|0|1|0|-0,1|0|0|0|1
97,653|10,074|84,139|-1388,322|0|1|0|-0,1|0|0|0|1
97,828|10,074|84,139|-1388,322|0|1|0|-0,1|0|0|0|1
98,003|10,074|84,139|-1388,322|0|1|0|-0,1|0|0|0|1
98,178|10,074|84,139|-1388,322|0|1|0|-0,1|0|0|0|1
98,353|10,074|84,139|-1388,322|0|1|0|-0,1|0|0|0|1
98,528|10,074|84,139|-1388,322|0|1|0|-0,1|0|0|0|1
98,703|10,074|84,139|-1388,322|0|1|0|-0,1|0|0|0|1
98,878|10,074|84,349|-1388,322|0|1|0|-0,1|0|2|2|1
99,053|10,074|84,699|-1388,322|0|1|0|-0,1|0|2|2|1
99,228|10,074|85,049|-1388,322|0|1|0|-0,1|0|2|2|1
99,403|10,074|85,399|-1388,322|0|1|0|-0,1|0|2|2|1
99,578|10,074|85,749|-1388,322|0|1|0|-0,1|0|2|2|1
99,753|10,171|85,676|-1388,529|0|1|0|0,1|0|3|1|1
99,929|10,53|85,717|-1389,3|0|1|0|0,2|0|6|0|1
100,104|10,972|85,717|-1390,248|0|1|0|0,2|0|6|0|1
100,279|10,738|85,717|-1391,229|0|1|0|-0,1|0|6|0|1
100,454|9,88|85,717|-1391,757|0|0,9|0|-0,5|0|6|0|1
100,629|8,93|85,717|-1392,203|0|-0,9|0|0,5|0|6|0|1
100,804|8,03|85,717|-1392,361|0|-0,6|0|0,8|0|5|0|1
100,979|7,55|85,717|-1391,474|0|-0,3|0|1|0|6|0|1
101,154|7,155|85,717|-1390,63|0|-0,2|0|1|0|1|0|1
101,329|7,125|85,717|-1390,565|0|-0,2|0|1|0|0|0|1
101,504|7,124|85,717|-1390,564|0|-0,2|0|1|0|0|0|1
101,679|7,124|85,717|-1390,564|0|-0,2|0|1|0|0|0|1
101,854|6,493|85,717|-1390,818|0|-0,7|0|0,7|0|6|0|1
102,029|5,586|85,717|-1391,269|0|0,9|0|-0,5|0|6|0|1
102,204|5,133|85,717|-1392,195|0|1|0|-0,3|0|6|0|1
102,379|4,718|85,717|-1393,159|0|1|0|-0,2|0|6|-3|1
102,554|4,339|84,849|-1394,083|0|1|0|-0,1|0|10|-8|1
102,729|4,207|83,189|-1395,084|0|1|0|0,1|0|13|-12|1
102,904|4,304|80,834|-1396,091|0|1|0|0,2|0|17|-16|1
103,079|4,533|77,9|-1397,078|0|1|0|0,2|0|19|-19|1
103,254|4,848|74,956|-1398,041|0|1|0|0,2|1|13|-12|1
103,429|5,2|73,352|-1398,99|0|1|0|0,2|1|8|-5|1
103,604|5,432|72,938|-1399,975|0|1|0|0,1|1|6|1|1
103,779|5,462|73,36|-1400,987|0|1|0|0|1|6|2|1
103,954|5,368|73,827|-1401,996|0|1|0|-0,1|1|7|3|1
104,129|5,204|74,293|-1402,995|0|1|0|-0,1|1|6|2|1
104,304|5,014|74,751|-1403,991|0|1|0|-0,1|1|6|3|1
104,479|4,818|75,201|-1404,985|0|1|0|-0,1|1|6|2|1
104,654|4,619|75,654|-1405,978|0|1|0|-0,1|1|6|3|1
104,829|4,427|76,126|-1406,973|0|1|0|-0,1|1|6|2|1
105,004|4,241|76,548|-1407,969|0|1|0|-0,1|1|6|3|1
105,179|4,062|77,055|-1408,966|0|1|0|-0,1|1|6|2|1
105,354|3,892|77,469|-1409,965|0|1|0|-0,1|1|7|3|1
105,529|3,724|77,912|-1410,964|0|1|0|-0,1|1|7|3|1
105,704|3,577|78,373|-1411,967|0|1|0|-0,1|1|6|2|1
105,879|3,655|78,831|-1412,97|0|1|0|0,2|1|7|3|1
106,054|4,239|79,281|-1413,779|0|0,9|0|0,5|1|6|3|1
106,229|5,171|79,719|-1414,154|0|0,7|0|0,7|1|6|3|1
106,404|6,18|80,186|-1414,143|0|0,6|0|0,8|1|6|2|1
106,579|6,961|80,621|-1413,532|0|0,3|0|1|1|6|2|1
106,754|7,368|81,051|-1412,608|0|0,1|0|1|1|7|3|1
106,929|7,557|81,51|-1411,614|0|0|0|1|1|6|3|1
107,104|7,629|82,007|-1410,603|0|0|0|1|1|7|3|1
107,279|7,59|82,489|-1409,592|0|-0,1|0|1|1|6|2|1
107,454|7,388|82,914|-1408,6|0|-0,2|0|1|1|6|3|1
107,629|6,994|83,366|-1407,669|0|-0,3|0|1|1|6|2|1
107,804|6,45|83,807|-1406,815|0|-0,3|0|0,9|1|6|3|1
107,979|5,845|84,328|-1406,002|0|-0,3|0|0,9|1|6|2|1
108,154|5,251|84,761|-1405,181|0|-0,3|0|1|1|7|4|1
108,329|4,76|85,263|-1404,296|0|-0,2|0|1|1|6|2|1
108,504|4,392|85,713|-1403,353|0|-0,1|0|1|1|7|4|1
108,679|4,139|86,223|-1402,372|0|-0,1|0|1|1|6|2|1
108,854|3,992|86,682|-1401,37|0|0|0|1|1|7|3|1
109,03|3,943|87,135|-1400,359|0|0|0|1|1|6|3|1
109,205|3,969|87,643|-1399,346|0|0|0|1|1|6|2|1
109,38|4,058|88,082|-1398,336|0|0,1|0|1|1|6|2|1
109,555|4,215|88,547|-1397,336|0|0,1|0|1|1|7|3|1
109,73|4,44|89,009|-1396,348|0|0,1|0|1|1|6|3|1
109,905|4,738|89,49|-1395,38|0|0,2|0|1|1|7|3|1
110,08|5,115|89,926|-1394,439|0|0,2|0|1|1|7|3|1
110,255|5,585|90,358|-1393,542|0|0,3|0|1|1|6|3|1
110,43|6,131|90,734|-1392,689|0|0,3|0|1|0|6|-1|1
110,605|6,715|90,213|-1391,861|0|0,3|0|0,9|0|8|-6|1
110,78|7,344|88,813|-1391,067|0|0,4|0|0,9|0|12|-11|1
110,955|8,045|86,677|-1390,337|0|0,5|0|0,8|0|16|-14|1
111,13|8,511|85,717|-1390,044|0|0,7|0|0,7|0|0|0|1
111,305|8,523|85,717|-1390,037|0|0,7|0|0,7|0|0|0|1
111,48|8,523|85,717|-1390,037|0|0,7|0|0,7|0|0|0|1
111,655|8,523|85,717|-1390,037|0|0,7|0|0,7|0|0|0|1
111,83|8,638|85,717|-1389,775|0|0,5|0|0,9|0|5|0|1
112,005|9,065|85,717|-1388,85|0|0,3|0|1|0|6|0|1
112,18|9,495|85,114|-1388,002|0|0,2|0|1|0|9|-7|1
112,355|9,976|83,583|-1387,111|0|0,3|0|1|0|13|-11|1
112,53|10,495|81,338|-1386,249|0|0,3|0|1|0|16|-15|1
112,705|10,961|78,494|-1385,503|0|0,3|0|1|0|19|-18|1
112,88|11,351|75,15|-1384,878|0|0,3|0|1|0|21|-21|1
113,055|11,677|71,388|-1384,356|0|0,3|0|1|0|23|-23|1
113,23|11,95|67,274|-1383,918|0|0,3|0|1|0|25|-25|1
113,405|12,178|62,868|-1383,552|0|0,3|0|1|0|26|-26|1
113,58|12,369|58,216|-1383,246|0|0,3|0|1|0|27|-27|1
113,755|12,529|53,358|-1382,99|0|0,3|0|1|0|28|-28|1
113,93|12,663|48,329|-1382,775|0|0,3|0|1|0|29|-29|1
114,105|12,775|43,156|-1382,596|0|0,3|0|1|0|30|-30|1
114,28|12,869|37,863|-1382,445|0|0,3|0|1|0|31|-31|1
114,455|12,948|32,469|-1382,32|0|0,3|0|1|0|31|-31|1
114,63|13,013|26,99|-1382,214|0|0,3|0|1|0|32|-32|1
114,805|13,068|21,441|-1382,126|0|0,3|0|1|0|32|-32|1
114,98|13,114|15,834|-1382,053|0|0,3|0|1|0|32|-32|1
115,155|13,153|10,176|-1381,991|0|0,3|0|1|0|32|-32|1
115,33|13,185|4,478|-1381,94|0|0,3|0|1|0|33|-33|1
115,505|13,212|-1,256|-1381,896|0|0,3|0|1|0|33|-33|1
115,68|13,234|-7,018|-1381,86|0|0,3|0|1|0|33|-33|1
115,855|13,253|-12,804|-1381,83|0|0,3|0|1|0|33|-33|1
116,03|13,269|-18,611|-1381,805|0|0,3|0|1|0|33|-33|1
116,205|13,282|-24,435|-1381,784|0|0,3|0|1|0|33|-33|1
116,38|13,285|-25,601|-1381,78|0|0,3|0|1|0|33|-33|
116,555|13,285|-25,601|-1381,78|0|0,3|0|1|0|33|-33|
116,73|13,285|-25,601|-1381,78|0|0,3|0|1|0|33|-33|
116,905|13,285|-25,601|-1381,78|0|0,3|0|1|0|33|-33|
117,08|13,285|-25,601|-1381,78|0|0,3|0|1|0|33|-33|
117,255|-1,502|38,23|-1373,72|0|1|0,2|0|0|1|-1|1
117,43|-1,502|37,638|-1373,72|0|1|0|0|0|7|-7|1
117,605|-1,502|37,289|-1373,71|0|1|0|0|0|0|0|1
117,78|-1,502|37,29|-1373,71|0|1|0|0|0|0|0|1
117,955|-1,502|37,29|-1373,71|0|1|0|0|0|0|0|1
118,13|-1,502|37,29|-1373,71|0|1|0|0|0|0|0|1
118,305|-1,502|37,29|-1373,71|0|1|0|0|0|0|0|1
118,48|-1,502|37,29|-1373,71|0|1|0|0|0|0|0|1
118,656|-1,502|37,29|-1373,71|0|1|0|0|0|0|0|1
118,831|-1,502|37,29|-1373,71|0|1|0|0|0|0|0|1
119,006|-1,039|37,337|-1373,823|0|0,9|0|0,4|0|6|1|1
119,181|-0,086|37,49|-1374,19|0|0,9|0|0,5|0|6|1|1
119,356|0,6|37,755|-1374,827|0|1|0|0,3|0|6|2|1
119,531|0,669|38,153|-1375,781|0|1|0|0|0|6|2|1
119,706|0,521|38,551|-1376,738|0|1|0|-0,1|0|6|2|1
119,881|0,005|38,804|-1377,346|0|0,9|0|-0,4|0|1|0|1
120,056|-0,055|38,816|-1377,375|0|0,9|0|-0,4|0|0|0|1
120,231|-0,055|38,816|-1377,375|0|0,9|0|-0,4|0|0|0|1
120,406|-0,055|38,816|-1377,375|0|0,9|0|-0,4|0|0|0|1
120,581|-0,055|38,816|-1377,375|0|0,9|0|-0,4|0|0|0|1
120,756|-0,055|38,816|-1377,375|0|0,9|0|-0,4|0|0|0|1
120,931|-0,055|38,816|-1377,375|0|0,9|0|-0,4|0|0|0|1
121,106|-0,055|38,816|-1377,375|0|0,9|0|-0,4|0|0|0|1
121,281|-0,055|38,816|-1377,375|0|0,9|0|-0,4|0|0|0|1
121,456|-0,055|38,816|-1377,375|0|0,9|0|-0,4|0|3|0|1
121,631|-0,841|38,715|-1377,132|0|-0,6|0|0,8|0|6|-1|1
121,806|-1,721|39,781|-1376,619|0|-0,5|0|0,9|0|7|4|1
121,981|-2,567|40,331|-1376,06|0|-0,5|0|0,9|1|7|3|1
122,156|-3,054|40,793|-1375,184|0|-0,1|0|1|1|6|3|1
122,331|-3,235|41,275|-1374,186|0|0|0|1|1|7|3|1
122,506|-3,321|41,714|-1373,175|0|0|0|1|1|7|3|1
122,681|-3,372|42,197|-1372,161|0|0|0|1|1|6|2|1
122,856|-3,413|42,631|-1371,147|0|0|0|1|1|7|4|1
123,031|-3,452|43,135|-1370,133|0|0|0|1|1|6|2|1
123,206|-3,49|43,56|-1369,118|0|0|0|1|1|6|3|1
123,381|-3,528|44,04|-1368,104|0|0|0|1|1|6|2|1
123,556|-3,566|44,495|-1367,089|0|0|0|1|1|7|3|1
123,731|-3,598|44,947|-1366,075|0|0|0|1|1|6|2|1
123,906|-3,616|45,38|-1365,06|0|0|0|1|1|7|4|1
124,081|-3,624|45,883|-1364,045|0|0|0|1|1|6|2|1
124,256|-3,623|46,341|-1363,03|0|0|0|1|1|6|2|1
124,431|-3,63|46,642|-1362,016|0|-0,1|0|1|0|6|-2|1
124,606|-3,869|45,998|-1361,035|0|-0,3|0|1|0|9|-7|1
124,781|-4,216|44,805|-1360,098|0|-0,1|0|1|0|6|2|1
124,956|-3,915|45,146|-1359,2|0|0,2|0|1|0|6|2|1
125,131|-3,417|45,474|-1358,337|0|0,3|0|1|0|6|2|1
125,306|-2,868|45,792|-1357,501|0|0,3|0|1|0|6|2|1
125,481|-2,257|46,096|-1356,703|0|0,3|0|0,9|0|6|2|1
125,656|-1,583|46,382|-1355,952|0|0,4|0|0,9|0|6|2|1
125,831|-0,838|46,645|-1355,261|0|0,4|0|0,9|0|6|0|1
126,006|-0,046|47,72|-1354,613|0|0,4|0|0,9|0|7|4|1
126,181|0,754|48,272|-1353,989|0|0,4|0|0,9|1|7|3|1
126,356|1,571|48,737|-1353,387|0|0,5|0|0,9|1|6|2|1
126,531|2,394|49,2|-1352,794|0|0,5|0|0,9|1|7|3|1
126,706|3,22|49,634|-1352,206|0|0,5|0|0,9|1|7|3|1
126,881|4,054|50,121|-1351,629|0|0,5|0|0,9|1|6|2|1
127,056|4,905|50,546|-1351,078|0|0,5|0|0,9|1|7|3|1
127,231|5,779|50,986|-1350,563|0|0,5|0|0,9|1|6|3|1
127,406|6,667|51,046|-1350,075|0|0,4|0|0,9|0|7|-3|1
127,581|7,444|50,13|-1349,43|0|0,3|0|1|0|6|2|1
127,756|8,118|50,249|-1348,736|0|0,4|0|0,9|0|6|2|1
127,931|8,914|50,613|-1348,161|0|0,5|0|0,9|0|6|2|1
128,106|9,815|50,956|-1347,751|0|0,5|0|0,8|0|6|2|1
128,282|10,787|51,267|-1347,516|0|0,6|0|0,8|0|6|2|1
128,457|11,733|52,085|-1347,661|0|0,8|0|0,6|0|9|7|1
128,632|12,527|52,874|-1348,283|0|0,9|0|0,3|1|7|4|1
128,807|13,131|53,357|-1349,092|0|1|0|0,3|1|6|2|1
128,982|13,638|53,773|-1349,968|0|1|0|0,2|1|6|3|1
129,157|14,126|54,242|-1350,854|0|1|0|0,2|1|6|2|1
129,332|14,618|54,668|-1351,738|0|1|0|0,3|1|6|3|1
129,507|15,112|55,16|-1352,621|0|1|0|0,3|1|7|3|1
129,682|15,606|55,649|-1353,503|0|1|0|0,3|1|6|2|1
129,857|16,1|56,089|-1354,386|0|1|0|0,3|1|6|3|1
130,032|16,594|56,61|-1355,269|0|1|0|0,3|1|6|2|1
130,207|17,089|57,043|-1356,151|0|1|0|0,3|1|7|4|1
130,382|17,588|57,546|-1357,031|0|1|0|0,3|1|6|2|1
130,557|18,257|57,739|-1357,781|0|0,9|0|0,5|0|6|-2|1
130,732|19,1|57,006|-1358,343|0|0,8|0|0,6|0|9|-7|1
130,907|19,761|56,473|-1359,033|0|1|0|0,3|0|6|2|1
131,082|20,035|56,785|-1359,988|0|1|0|0,1|0|6|2|1
131,257|20,133|57,058|-1360,994|0|1|0|0|0|6|1|1
131,432|20,021|57,271|-1362,012|0|1|0|-0,1|0|6|1|1
131,607|19,724|58,415|-1362,985|0|1|0|-0,2|0|7|4|1
131,782|19,397|58,945|-1363,942|0|1|0|-0,2|1|7|3|1
131,957|19,055|59,407|-1364,894|0|1|0|-0,2|1|6|2|1
132,132|18,707|59,85|-1365,844|0|1|0|-0,2|1|7|3|1
132,307|18,358|60,319|-1366,793|0|1|0|-0,2|1|6|2|1
132,482|18,009|60,759|-1367,742|0|1|0|-0,2|1|6|2|1
132,657|17,66|61,161|-1368,692|0|1|0|-0,2|1|6|3|1
132,832|17,311|61,656|-1369,641|0|1|0|-0,2|1|7|3|1
133,007|16,962|62,102|-1370,59|0|1|0|-0,2|1|7|3|1
133,182|16,613|62,585|-1371,54|0|1|0|-0,2|1|6|2|1
133,357|16,264|63,017|-1372,489|0|1|0|-0,2|1|7|4|1
133,532|15,915|63,203|-1373,439|0|1|0|-0,2|0|6|2|1
133,707|15,581|63,454|-1374,349|0|1|0|-0,2|0|6|2|1
133,882|15,247|63,827|-1375,272|0|1|0|-0,2|0|6|2|1
134,057|14,913|64,2|-1376,194|0|1|0|-0,2|0|11|10|1
134,232|14,562|65,459|-1377,133|0|1|0|-0,2|0|6|3|1
134,407|14,205|65,953|-1378,079|0|1|0|-0,2|1|6|2|1
134,582|13,835|66,366|-1379,02|0|1|0|-0,2|1|6|3|1
134,757|13,455|66,862|-1379,958|0|1|0|-0,2|1|6|2|1
134,932|13,068|67,265|-1380,892|0|1|0|-0,2|1|6|3|1
135,107|12,678|67,727|-1381,826|0|1|0|-0,2|1|7|3|1
135,282|12,288|68,216|-1382,759|0|1|0|-0,2|1|6|2|1
135,457|11,901|68,653|-1383,694|0|1|0|-0,2|1|6|3|1
135,632|11,527|69,129|-1384,634|0|1|0|-0,2|1|6|2|1
135,807|11,18|69,563|-1385,584|0|1|0|-0,2|1|7|4|1
135,982|10,872|70,046|-1386,547|0|1|0|-0,1|1|6|2|1
136,157|10,604|70,475|-1387,522|0|1|0|-0,1|1|7|3|1
136,332|10,411|70,914|-1388,308|0|1|0|-0,1|0|2|2|1
136,507|10,411|71,264|-1388,308|0|1|0|-0,1|0|2|2|1
136,682|10,411|71,614|-1388,308|0|1|0|-0,1|0|2|2|1
136,857|10,411|71,964|-1388,308|0|1|0|-0,1|0|2|2|1
137,032|10,411|72,314|-1388,308|0|1|0|-0,1|0|2|2|1
137,207|10,411|72,664|-1388,308|0|1|0|-0,1|0|2|2|1
137,382|10,411|73,014|-1388,308|0|1|0|-0,1|0|2|2|1
137,557|10,411|73,364|-1388,308|0|1|0|-0,1|0|2|2|1
137,733|10,411|73,714|-1388,308|0|1|0|-0,1|0|2|2|1
137,908|10,411|74,064|-1388,308|0|1|0|-0,1|0|2|2|1
138,083|10,411|74,414|-1388,308|0|1|0|-0,1|0|2|2|1
138,258|10,411|74,764|-1388,308|0|1|0|-0,1|0|2|2|1
138,433|10,411|75,114|-1388,308|0|1|0|-0,1|0|2|2|1
138,608|10,411|75,464|-1388,308|0|1|0|-0,1|0|2|2|1
138,783|10,411|75,814|-1388,308|0|1|0|-0,1|0|2|2|1
138,958|10,411|76,164|-1388,308|0|1|0|-0,1|0|2|2|1
139,133|10,411|76,514|-1388,308|0|1|0|-0,1|0|2|2|1
139,308|10,411|76,864|-1388,308|0|1|0|-0,1|0|2|2|1
139,483|10,411|77,214|-1388,308|0|1|0|-0,1|0|2|2|1
139,658|10,411|77,564|-1388,308|0|1|0|-0,1|0|2|2|1
139,833|10,411|77,914|-1388,308|0|1|0|-0,1|0|2|2|1
140,008|10,411|78,264|-1388,308|0|1|0|-0,1|0|2|2|1
140,183|10,411|78,614|-1388,308|0|1|0|-0,1|0|2|2|1
140,358|10,411|78,964|-1388,308|0|1|0|-0,1|0|2|2|1
140,533|10,411|79,314|-1388,308|0|1|0|-0,1|0|2|2|1
140,708|10,411|79,664|-1388,308|0|1|0|-0,1|0|2|2|1
140,883|10,411|80,014|-1388,308|0|1|0|-0,1|0|2|2|1
141,058|10,411|80,364|-1388,308|0|1|0|-0,1|0|2|2|1
141,233|10,411|80,714|-1388,308|0|1|0|-0,1|0|2|2|1
141,408|10,411|81,064|-1388,308|0|1|0|-0,1|0|2|2|1
141,583|10,411|81,414|-1388,308|0|1|0|-0,1|0|2|2|1
141,758|10,411|81,764|-1388,308|0|1|0|-0,1|0|2|2|1
141,933|10,411|82,114|-1388,308|0|1|0|-0,1|0|2|2|1
142,108|10,411|82,464|-1388,308|0|1|0|-0,1|0|2|2|1
142,283|10,411|82,534|-1388,308|0|1|0|-0,1|0|0|0|1
142,458|10,411|82,534|-1388,308|0|1|0|-0,1|0|0|0|1
142,633|10,411|82,324|-1388,308|0|1|0|-0,1|0|2|-2|1
142,808|10,411|81,974|-1388,308|0|1|0|-0,1|0|2|-2|1
142,983|10,411|81,624|-1388,308|0|1|0|-0,1|0|2|-2|1
143,158|10,411|81,274|-1388,308|0|1|0|-0,1|0|2|-2|1
143,333|10,411|80,924|-1388,308|0|1|0|-0,1|0|2|-2|1
143,508|10,411|80,574|-1388,308|0|1|0|-0,1|0|2|-2|1
143,683|10,411|80,224|-1388,308|0|1|0|-0,1|0|2|-2|1
143,858|10,411|79,874|-1388,308|0|1|0|-0,1|0|2|-2|1
144,033|10,411|79,524|-1388,308|0|1|0|-0,1|0|2|-2|1
144,208|10,411|79,174|-1388,308|0|1|0|-0,1|0|2|-2|1
144,383|10,411|78,824|-1388,308|0|1|0|-0,1|0|2|-2|1
144,558|10,411|78,474|-1388,308|0|1|0|-0,1|0|2|-2|1
144,733|10,411|78,124|-1388,308|0|1|0|-0,1|0|2|-2|1
144,908|10,411|77,774|-1388,308|0|1|0|-0,1|0|2|-2|1
145,083|10,411|77,424|-1388,308|0|1|0|-0,1|0|2|-2|1
145,258|10,411|77,074|-1388,308|0|1|0|-0,1|0|2|-2|1
145,433|10,411|76,724|-1388,308|0|1|0|-0,1|0|2|-2|1
145,608|10,411|76,374|-1388,308|0|1|0|-0,1|0|2|-2|1
145,783|10,411|76,024|-1388,308|0|1|0|-0,1|0|2|-2|1
145,958|10,411|75,674|-1388,308|0|1|0|-0,1|0|0|0|1
146,133|10,411|75,744|-1388,308|0|1|0|-0,1|0|2|2|1
146,308|10,411|76,094|-1388,308|0|1|0|-0,1|0|2|2|1
146,483|10,411|76,444|-1388,308|0|1|0|-0,1|0|2|2|1
146,658|10,411|76,794|-1388,308|0|1|0|-0,1|0|2|2|1
146,833|10,411|77,144|-1388,308|0|1|0|-0,1|0|2|2|1
147,008|10,411|77,494|-1388,308|0|1|0|-0,1|0|2|2|1
147,183|10,411|77,844|-1388,308|0|1|0|-0,1|0|2|2|1
147,359|10,411|78,194|-1388,308|0|1|0|-0,1|0|2|2|1
147,534|10,411|78,544|-1388,308|0|1|0|-0,1|0|2|2|1
147,709|10,411|78,894|-1388,308|0|1|0|-0,1|0|2|2|1
147,884|10,411|79,244|-1388,308|0|1|0|-0,1|0|2|2|1
148,059|10,411|79,594|-1388,308|0|1|0|-0,1|0|2|2|1
148,234|10,411|79,944|-1388,308|0|1|0|-0,1|0|2|2|1
148,409|10,411|80,294|-1388,308|0|1|0|-0,1|0|2|2|1
148,584|10,411|80,644|-1388,308|0|1|0|-0,1|0|2|2|1
148,759|10,411|80,994|-1388,308|0|1|0|-0,1|0|2|2|1
148,934|10,411|81,344|-1388,308|0|1|0|-0,1|0|2|2|1
149,109|10,411|81,694|-1388,308|0|1|0|-0,1|0|2|2|1
149,284|10,411|82,044|-1388,308|0|1|0|-0,1|0|2|2|1
149,459|10,411|82,394|-1388,308|0|1|0|-0,1|0|2|2|1
149,634|10,411|82,744|-1388,308|0|1|0|-0,1|0|2|2|1
149,809|10,411|83,094|-1388,308|0|1|0|-0,1|0|2|2|1
149,984|10,411|83,444|-1388,308|0|1|0|-0,1|0|2|2|1
150,159|10,411|83,794|-1388,308|0|1|0|-0,1|0|2|2|1
150,334|10,411|84,144|-1388,308|0|1|0|-0,1|0|2|2|1
150,509|10,411|84,494|-1388,308|0|1|0|-0,1|0|2|2|1
150,684|10,411|84,844|-1388,308|0|1|0|-0,1|0|2|2|1
150,859|10,411|85,194|-1388,308|0|1|0|-0,1|0|2|2|1
151,034|10,411|85,544|-1388,308|0|1|0|-0,1|0|2|2|1
151,209|10,409|85,85|-1388,332|0|1|0|-0,1|0|1|0|1
151,384|10,364|85,74|-1388,79|0|1|0|-0,1|0|5|0|1
151,559|10,265|85,717|-1389,796|0|1|0|-0,1|0|6|0|1
151,734|10,162|85,717|-1390,841|0|1|0|0|0|6|0|1
151,909|10,03|85,717|-1391,882|0|1|0|-0,1|0|5|0|1
152,084|9,223|85,717|-1392,381|0|-0,8|0|0,5|0|6|0|1
152,259|8,363|85,717|-1392,095|0|-0,6|0|0,8|0|1|0|1
152,434|8,297|85,717|-1392,068|0|-0,6|0|0,8|0|0|0|1
152,609|8,423|85,717|-1391,811|0|-0,2|0|1|0|5|0|1
152,784|8,876|85,717|-1390,899|0|0,2|0|1|0|6|0|1
152,959|9,696|85,717|-1390,381|0|0,5|0|0,9|0|6|0|1
153,134|10,547|85,717|-1390,092|0|0,5|0|0,9|0|1|0|1
153,309|10,603|85,717|-1390,056|0|0,5|0|0,9|0|0|0|1
153,484|10,603|85,717|-1390,055|0|0,5|0|0,9|0|0|0|1
153,659|10,603|85,717|-1390,055|0|0,5|0|0,9|0|0|0|1
153,834|10,603|85,717|-1390,055|0|0,5|0|0,9|0|0|0|1
154,009|10,603|85,717|-1390,055|0|0,5|0|0,9|0|0|0|1
154,184|10,603|85,717|-1390,055|0|0,5|0|0,9|0|0|0|1
154,359|10,603|85,717|-1390,055|0|0,5|0|0,9|0|0|0|1
154,534|10,603|85,717|-1390,055|0|0,5|0|0,9|0|0|0|1
154,709|10,603|85,717|-1390,055|0|0,5|0|0,9|0|0|0|1
154,884|10,603|85,717|-1390,055|0|0,5|0|0,9|0|0|0|1
155,059|10,603|85,717|-1390,055|0|0,5|0|0,9|0|0|0|1
155,234|10,603|85,717|-1390,055|0|0,5|0|0,9|0|0|0|1
155,409|10,603|85,717|-1390,055|0|0,5|0|0,9|0|0|0|1
155,584|10,603|85,717|-1390,055|0|0,5|0|0,9|0|0|0|1
155,759|10,603|85,717|-1390,055|0|0,5|0|0,9|0|0|0|1
155,934|10,603|85,717|-1390,055|0|0,5|0|0,9|0|0|0|1
156,109|10,544|85,717|-1390,53|0|1|0|0,3|0|6|0|1
156,284|10,43|85,717|-1391,56|0|1|0|0|0|6|0|1
156,459|10,327|86,828|-1392,577|0|1|0|0|0|7|4|1
156,634|10,229|87,357|-1393,583|0|1|0|0|1|7|3|1
156,809|10,135|87,821|-1394,59|0|1|0|0|1|6|2|1
156,985|10,042|88,244|-1395,598|0|1|0|0|1|7|3|1
157,16|9,949|88,719|-1396,605|0|1|0|0|1|6|2|1
157,335|9,856|89,145|-1397,612|0|1|0|0|1|7|3|1
157,51|9,763|89,626|-1398,619|0|1|0|0|1|6|2|1
157,685|9,671|90,062|-1399,626|0|1|0|0|1|6|3|1
157,86|9,588|90,546|-1400,634|0|1|0|0|1|7|3|1
158,035|9,535|90,643|-1401,645|0|1|0|0|0|7|-3|1
158,21|9,505|89,758|-1402,661|0|1|0|0|0|6|0|1
158,385|9,529|89,48|-1403,698|0|1|0|0|0|6|0|1
158,56|9,604|89,48|-1404,745|0|1|0|0|0|6|0|1
158,735|9,73|89,48|-1405,787|0|1|0|0,1|0|6|0|1
158,91|9,918|89,48|-1406,82|0|1|0|0,1|0|6|0|1
159,085|10,17|89,48|-1407,839|0|1|0|0,1|0|6|0|1
159,26|10,478|89,831|-1408,841|0|1|0|0,2|0|10|8|1
159,435|10,806|90,84|-1409,795|0|1|0|0,2|1|6|2|1
159,61|11,176|91,298|-1410,736|0|1|0|0,2|1|6|3|1
159,785|11,575|91,747|-1411,666|0|1|0|0,2|1|6|2|1
159,96|11,983|92,205|-1412,592|0|1|0|0,2|1|6|3|1
160,135|12,393|92,654|-1413,516|0|1|0|0,2|1|6|2|1
160,31|12,956|93,115|-1414,339|0|0,9|0|0,4|1|6|3|1
160,485|13,82|93,555|-1414,863|0|0,8|0|0,5|1|6|3|1
160,66|14,734|93,746|-1415,299|0|0,8|0|0,5|0|6|-2|1
160,835|15,514|92,971|-1415,939|0|1|0|0,2|0|9|-7|1
161,01|16,053|91,359|-1416,8|0|1|0|0,1|0|13|-12|1
161,185|16,372|89,047|-1417,768|0|1|0|0|0|6|1|1
161,36|16,298|88,808|-1418,78|0|1|0|-0,1|0|6|0|1
161,535|15,949|88,839|-1419,766|0|1|0|-0,2|0|6|0|1
161,71|15,438|88,834|-1420,681|0|1|0|-0,3|0|6|0|1
161,885|14,77|88,79|-1421,487|0|0,9|0|-0,3|0|6|0|1
162,06|14,004|89,405|-1422,188|0|0,9|0|-0,4|0|9|7|1
162,235|13,226|90,195|-1422,833|0|0,9|0|-0,4|1|7|4|1
162,41|12,428|90,678|-1423,455|0|0,9|0|-0,4|1|6|2|1
162,585|11,623|90,956|-1424,069|0|0,9|0|-0,4|0|6|-1|1
162,76|10,826|90,338|-1424,696|0|0,9|0|-0,4|0|9|-7|1
162,935|10,083|89,642|-1425,387|0|0,9|0|-0,4|1|6|0|1
163,11|9,4|89,907|-1426,135|0|0,9|0|-0,3|1|6|3|1
163,285|8,736|90,43|-1426,899|0|0,9|0|-0,3|1|6|2|1
163,46|8,077|90,862|-1427,667|0|0,9|0|-0,3|1|7|4|1
163,635|7,419|91,349|-1428,435|0|0,9|0|-0,3|1|6|2|1
163,81|6,762|91,769|-1429,205|0|0,9|0|-0,3|1|7|3|1
163,985|6,104|92,189|-1429,974|0|0,9|0|-0,3|0|6|0|1
164,16|5,454|91,842|-1430,752|0|0,9|0|-0,3|0|8|-5|1
164,335|4,844|90,587|-1431,565|0|1|0|-0,3|0|6|0|1
164,51|4,394|90,402|-1432,492|0|1|0|-0,2|0|6|0|1
164,685|4,107|90,413|-1433,5|0|1|0|-0,1|0|6|0|1
164,86|3,929|90,402|-1434,534|0|1|0|-0,1|0|6|0|1
165,035|3,928|90,355|-1435,58|0|1|0|0|0|6|0|1
165,21|4,201|90,257|-1436,582|0|1|0|0,1|0|6|-1|1
165,385|4,747|90,11|-1437,461|0|1|0|0,3|0|6|-1|1
165,56|5,485|89,933|-1438,181|0|0,9|0|0,4|0|12|10|1
165,735|6,294|91,19|-1438,792|0|0,9|0|0,5|0|6|3|1
165,91|7,256|91,695|-1439,044|0|0,7|0|0,7|1|6|2|1
166,085|8,265|92,132|-1439,012|0|0,8|0|0,7|1|6|2|1
166,26|9,224|92,585|-1439,329|0|0,8|0|0,5|1|7|3|1
166,436|10,126|93,029|-1439,788|0|0,9|0|0,5|1|7|3|1
166,611|10,953|93,505|-1440,369|0|0,9|0|0,4|1|6|2|1
166,786|11,614|93,936|-1441,131|0|1|0|0,3|0|6|1|1
166,961|12,152|93,729|-1441,989|0|1|0|0,2|0|7|-5|1
167,136|12,632|92,834|-1442,885|0|1|0|0,2|1|6|-3|1
167,311|13,062|92,8|-1443,804|0|1|0|0,2|1|7|3|1
167,486|13,478|93,271|-1444,726|0|1|0|0,2|1|6|2|1
167,661|13,909|93,709|-1445,641|0|1|0|0,2|1|6|2|1
167,836|14,358|94,143|-1446,548|0|1|0|0,2|1|6|2|1
168,011|14,987|94,4|-1447,331|0|0,9|0|0,5|0|6|-2|1
168,186|15,801|93,72|-1447,934|0|0,8|0|0,6|0|9|-7|1
168,361|16,653|92,188|-1448,486|0|0,9|0|0,4|0|6|1|1
168,536|16,976|91,997|-1449,393|0|1|0|0,1|0|6|1|1
168,711|16,871|92,076|-1450,429|0|1|0|-0,1|0|6|0|1
168,886|16,605|92,124|-1451,443|0|1|0|-0,1|0|6|0|1
169,061|16,257|92,155|-1452,432|0|1|0|-0,2|0|6|0|1
169,236|15,858|93,072|-1453,383|0|1|0|-0,2|0|8|6|1
169,411|15,443|93,73|-1454,305|0|1|0|-0,2|1|6|2|1
169,586|15,004|94,157|-1455,216|0|1|0|-0,2|1|7|3|1
169,761|14,557|94,644|-1456,124|0|1|0|-0,2|1|6|2|1
169,936|14,108|95,076|-1457,03|0|1|0|-0,2|1|6|3|1
170,111|13,659|95,319|-1457,937|0|1|0|-0,2|0|6|-2|1
170,286|13,208|94,602|-1458,846|0|1|0|-0,2|0|9|-7|1
170,461|12,756|93,037|-1459,759|0|1|0|-0,2|0|13|-11|1
170,636|12,181|90,764|-1460,596|0|-0,9|0|0,5|0|16|-15|1
170,811|11,402|88,13|-1461,251|0|-0,8|0|0,6|0|6|0|1
170,986|10,61|88,13|-1461,82|0|0,9|0|-0,4|0|6|0|1
171,161|10,296|88,13|-1462,809|0|1|0|-0,2|0|6|0|1
171,336|10,104|88,13|-1463,84|0|1|0|-0,1|0|6|0|1
171,511|9,982|88,13|-1464,883|0|1|0|-0,1|0|6|0|1
171,686|9,884|88,13|-1465,928|0|1|0|0|0|6|0|1
171,861|9,797|88,13|-1466,975|0|1|0|0|0|6|0|1
172,036|9,77|88,13|-1467,343|0|1|0|0|0|0|0|1
172,211|9,769|88,13|-1467,349|0|1|0|0|0|0|0|1
172,386|9,769|88,13|-1467,349|0|1|0|0|0|0|0|1
172,561|9,769|88,13|-1467,349|0|1|0|0|0|0|0|1
172,736|9,769|88,13|-1467,349|0|1|0|0|0|0|0|1
172,911|9,769|88,13|-1467,349|0|1|0|0|0|0|0|1
173,086|9,769|88,13|-1467,349|0|1|0|0|0|0|0|1
173,261|9,769|88,13|-1467,349|0|1|0|0|0|0|0|1
173,436|9,769|88,13|-1467,349|0|1|0|0|0|0|0|1
173,611|9,769|88,13|-1467,349|0|1|0|0|0|0|0|1
173,786|9,769|88,13|-1467,349|0|1|0|0|0|0|0|1
173,961|9,769|88,13|-1467,349|0|1|0|0|0|0|0|1
174,136|9,769|88,13|-1467,349|0|1|0|0|0|0|0|1
174,311|9,769|88,13|-1467,349|0|1|0|0|0|0|0|1
174,486|9,769|88,13|-1467,349|0|1|0|0|0|0|0|1
174,661|9,769|88,13|-1467,349|0|1|0|0|0|0|0|1
174,836|9,769|88,13|-1467,349|0|1|0|0|0|0|0|1
175,011|9,769|88,13|-1467,349|0|1|0|0|0|0|0|1
175,186|9,769|88,13|-1467,349|0|1|0|0|0|0|0|1
175,361|9,769|88,13|-1467,349|0|1|0|0|0|0|0|1
175,536|9,769|88,13|-1467,349|0|1|0|0|0|0|0|1
175,711|9,769|88,13|-1467,349|0|1|0|0|0|0|0|1
175,886|9,769|88,13|-1467,349|0|1|0|0|0|0|0|1
176,062|9,769|88,13|-1467,349|0|1|0|0|0|0|0|1
176,237|9,769|88,13|-1467,349|0|1|0|0|0|0|0|1
176,412|9,769|88,13|-1467,349|0|1|0|0|0|0|0|1
176,587|9,769|88,13|-1467,349|0|1|0|0|0|0|0|1
176,762|9,769|88,13|-1467,349|0|1|0|0|0|0|0|1
176,937|9,769|88,13|-1467,349|0|1|0|0|0|0|0|1
177,112|9,769|88,13|-1467,349|0|1|0|0|0|0|0|1
177,287|9,769|88,13|-1467,349|0|1|0|0|0|0|0|1
177,462|9,757|88,13|-1467,466|0|1|0|0|0|5|0|1
177,637|9,666|88,974|-1468,348|0|1|0|-0,1|0|8|6|1
177,812|9,561|89,631|-1469,353|0|1|0|-0,1|1|6|2|1
177,987|9,457|90,059|-1470,359|0|1|0|-0,1|1|7|3|1
178,162|9,352|90,408|-1471,365|0|1|0|-0,1|0|6|-1|1
178,337|9,248|89,878|-1472,374|0|1|0|-0,1|0|8|-6|1
178,512|9,143|88,471|-1473,387|0|1|0|-0,1|0|12|-11|1
178,687|9,038|86,33|-1474,403|0|1|0|-0,1|0|16|-14|1
178,862|8,933|83,574|-1475,421|0|1|0|-0,1|0|19|-18|1
179,037|8,828|80,305|-1476,442|0|1|0|-0,1|0|21|-20|1
179,212|8,723|76,605|-1477,464|0|1|0|-0,1|0|23|-22|1
179,387|8,618|72,545|-1478,488|0|1|0|-0,1|0|25|-24|1
179,562|8,513|68,184|-1479,513|0|1|0|-0,1|0|26|-26|1
179,737|8,408|63,571|-1480,539|0|1|0|-0,1|0|28|-27|1
179,912|8,303|58,746|-1481,566|0|1|0|-0,1|0|29|-28|1
180,087|8,198|53,746|-1482,594|0|1|0|-0,1|0|30|-29|1
180,262|8,093|48,597|-1483,623|0|1|0|-0,1|0|30|-30|1
180,437|7,988|43,325|-1484,651|0|1|0|-0,1|0|31|-30|1
180,612|7,883|37,949|-1485,681|0|1|0|-0,1|0|32|-31|1
180,787|7,778|32,487|-1486,71|0|1|0|-0,1|0|32|-31|1
180,962|7,673|26,952|-1487,741|0|1|0|-0,1|0|32|-32|1
181,137|7,577|21,357|-1488,772|0|1|0|0|0|33|-32|1
181,312|7,516|15,711|-1489,806|0|1|0|0|0|33|-32|1
181,487|7,504|10,022|-1490,841|0|1|0|0|0|33|-33|1
181,662|7,534|4,298|-1491,877|0|1|0|0|0|33|-33|1
181,837|7,595|-1,456|-1492,911|0|1|0|0|0|6|0|1
182,012|7,679|-1,953|-1493,947|0|1|0|0|0|6|0|1
182,187|7,762|-1,953|-1494,993|0|1|0|0|0|6|0|1
182,362|7,827|-1,953|-1496,041|0|1|0|0|0|6|0|1
182,537|7,868|-1,953|-1497,09|0|1|0|0|0|6|0|1
182,712|7,881|-1,953|-1498,14|0|1|0|0|0|6|0|1
182,887|7,86|-1,953|-1499,19|0|1|0|0|0|6|0|1
183,062|7,815|-1,953|-1500,239|0|1|0|0|0|6|0|1
183,237|7,738|-1,953|-1501,286|0|1|0|0|0|6|0|1
183,412|7,645|-1,953|-1502,332|0|1|0|0|0|6|0|1
183,587|7,551|-1,953|-1503,377|0|1|0|0|0|6|0|1
183,762|7,458|-1,953|-1504,423|0|1|0|0|0|6|0|1
183,937|7,364|-1,953|-1505,468|0|1|0|0|0|6|0|1
184,112|7,271|-1,953|-1506,514|0|1|0|0|0|6|0|1
184,287|7,177|-1,953|-1507,559|0|1|0|0|0|6|0|1
184,462|7,084|-1,953|-1508,605|0|1|0|0|0|6|0|1
184,637|6,991|-1,953|-1509,651|0|1|0|0|0|6|0|1
184,812|6,892|-1,953|-1510,696|0|1|0|0|0|6|0|1
184,987|6,778|-1,953|-1511,74|0|1|0|-0,1|0|6|0|1
185,162|6,654|-1,602|-1512,781|0|1|0|-0,1|0|10|8|1
185,337|6,528|-0,593|-1513,781|0|1|0|-0,1|1|6|2|1
185,513|6,395|-0,136|-1514,784|0|1|0|-0,1|1|6|3|1
185,688|6,259|0,318|-1515,786|0|1|0|-0,1|1|6|2|1
185,863|6,232|0,395|-1515,987|0|1|0|-0,1|1|7|3|
186,038|6,232|0,395|-1515,987|0|1|0|-0,1|1|7|3|
186,213|6,232|0,395|-1515,987|0|1|0|-0,1|1|7|3|
186,388|6,232|0,395|-1515,987|0|1|0|-0,1|1|7|3|
186,563|6,232|0,395|-1515,987|0|1|0|-0,1|1|7|3|
186,738|8,018|-0,97|-1495,65|0|1|0|0|0|1|-1|1
186,913|7,972|-1,562|-1495,985|0|1|0|-0,1|0|7|-7|1
187,088|7,855|-1,953|-1496,843|0|1|0|-0,1|0|6|0|1
187,263|7,805|-1,953|-1497,205|0|1|0|-0,1|0|0|0|1
187,438|7,804|-1,953|-1497,21|0|1|0|-0,1|0|0|0|1
187,613|7,804|-1,953|-1497,21|0|1|0|-0,1|0|0|0|1
187,788|7,788|-1,953|-1497,326|0|1|0|-0,1|0|5|0|1
187,963|7,661|-1,953|-1498,296|0|1|0|-0,1|0|6|0|1
188,138|7,585|-1,953|-1499,342|0|1|0|0|0|6|0|1
188,313|7,566|-1,953|-1500,391|0|1|0|0|0|6|0|1
188,488|7,555|-1,953|-1501,441|0|1|0|0|0|6|0|1
188,663|7,545|-1,953|-1502,491|0|1|0|0|0|6|0|1
188,838|7,535|-1,953|-1503,541|0|1|0|0|0|6|0|1
189,013|7,525|-1,953|-1504,591|0|1|0|0|0|6|0|1
189,188|7,514|-1,953|-1505,641|0|1|0|0|0|6|0|1
189,363|7,503|-1,953|-1506,69|0|1|0|0|0|6|0|1
189,538|7,492|-1,953|-1507,74|0|1|0|0|0|6|0|1
189,713|7,48|-1,953|-1508,79|0|1|0|0|0|6|0|1
189,888|7,467|-1,953|-1509,84|0|1|0|0|0|6|0|1
190,063|7,455|-1,953|-1510,89|0|1|0|0|0|6|0|1
190,238|7,443|-1,953|-1511,939|0|1|0|0|0|6|0|1
190,413|7,431|-1,953|-1512,989|0|1|0|0|0|6|0|1
190,588|7,624|-1,953|-1513,957|0|1|0|0,2|0|6|0|1
190,763|8,322|-2,251|-1514,695|0|0,9|0|0,3|1|12|10|1
190,938|9,034|-0,996|-1515,415|0|0,9|0|0,4|0|6|3|1
191,113|9,745|-0,483|-1516,138|0|0,9|0|0,4|1|6|2|1
191,288|10,171|-0,25|-1517,052|0|1|0|0,1|0|6|-2|1
191,463|10,406|-0,949|-1518,037|0|1|0|0|0|9|-7|1
191,638|10,537|-2,499|-1519,041|0|1|0|0|1|11|-9|1
191,813|10,58|-3,596|-1520,054|0|1|0|0|1|6|-2|1
191,988|10,585|-3,585|-1521,067|0|1|0|0|1|7|3|1
192,163|10,579|-3,123|-1522,08|0|1|0|0|1|6|3|1
192,338|10,57|-2,643|-1523,093|0|1|0|0|1|7|3|1
192,513|10,56|-2,21|-1524,106|0|1|0|0|1|6|3|1
192,688|10,939|-1,764|-1525,036|0|0,9|0|0,3|1|6|3|1
192,863|11,568|-1,282|-1525,829|0|0,9|0|0,4|1|7|3|1
193,038|12,015|-0,841|-1526,722|0|1|0|0,1|1|7|3|1
193,213|12,135|-0,368|-1527,727|0|1|0|0|0|6|2|1
193,388|12,176|-0,433|-1528,739|0|1|0|0|0|7|-4|1
193,563|12,194|-1,212|-1529,752|0|1|0|0|1|6|-2|1
193,738|12,192|-1,147|-1530,766|0|1|0|0|1|7|4|1
193,913|12,185|-0,641|-1531,779|0|1|0|0|1|6|2|1
194,088|12,175|-0,174|-1532,792|0|1|0|0|1|7|3|1
194,263|12,166|0,292|-1533,805|0|1|0|0|1|6|2|1
194,438|12,156|0,753|-1534,818|0|1|0|0|1|6|3|1
194,613|12,132|1,191|-1535,831|0|1|0|0|1|6|3|1
194,788|12,003|1,655|-1536,835|0|1|0|-0,1|1|6|2|1
194,963|11,729|2,11|-1537,81|0|1|0|-0,2|0|6|1|1
195,139|11,353|1,874|-1538,75|0|0,9|0|-0,4|0|7|-5|1
195,314|10,702|0,713|-1539,52|0|-0,8|0|0,6|0|11|-9|1
195,489|9,859|-1,224|-1540,079|0|-0,8|0|0,6|0|15|-13|1
195,664|8,938|-1,953|-1540,186|0|-0,6|0|0,8|0|6|0|1
195,839|8,075|-1,953|-1539,611|0|-0,5|0|0,9|0|6|0|1
196,014|7,772|-1,953|-1539,399|0|-0,5|0|0,9|0|0|0|1
196,189|7,767|-1,953|-1539,396|0|-0,5|0|0,9|0|0|0|1
196,364|7,767|-1,953|-1539,396|0|-0,5|0|0,9|0|0|0|1
196,539|7,767|-1,953|-1539,396|0|-0,5|0|0,9|0|0|0|1
196,714|7,767|-1,953|-1539,396|0|-0,5|0|0,9|0|0|0|1
196,889|7,743|-1,953|-1540,076|0|1|0|-0,3|0|12|10|1
197,064|7,706|-0,698|-1541,093|0|1|0|-0,1|0|6|3|1
197,239|7,67|-0,185|-1542,105|0|1|0|0|1|6|2|1
197,414|7,634|0,252|-1543,118|0|1|0|0|1|6|2|1
197,589|7,597|0,68|-1544,131|0|1|0|0|1|6|3|1
197,764|7,561|1,148|-1545,143|0|1|0|0|1|6|2|1
197,939|7,524|1,569|-1546,156|0|1|0|0|1|6|3|1
198,114|7,488|2,082|-1547,168|0|1|0|0|1|6|2|1
198,289|7,452|2,519|-1548,181|0|1|0|0|1|6|2|1
198,464|7,415|2,96|-1549,193|0|1|0|0|1|6|3|1
198,639|7,379|3,481|-1550,206|0|1|0|0|1|6|2|1
198,814|7,342|3,719|-1551,219|0|1|0|0|0|6|-2|1
198,989|7,306|3,022|-1552,231|0|1|0|0|0|9|-7|1
199,164|7,276|1,475|-1553,244|0|1|0|0|0|13|-11|1
199,339|7,254|-0,785|-1554,257|0|1|0|0|0|16|-15|1
199,514|7,243|-1,953|-1555,28|0|1|0|0|0|6|0|1
199,689|7,237|-1,953|-1556,329|0|1|0|0|0|6|0|1
199,864|7,228|-1,953|-1557,379|0|1|0|0|0|6|0|1
200,039|7,219|-1,953|-1558,429|0|1|0|0|0|6|0|1
200,214|7,209|-1,953|-1559,479|0|1|0|0|0|6|0|1
200,389|7,202|-1,299|-1560,521|0|1|0|0|0|9|7|1
200,564|7,209|-0,508|-1561,534|0|1|0|0|1|7|4|1
200,739|7,243|-0,009|-1562,547|0|1|0|0|1|6|2|1
200,914|7,287|0,446|-1563,559|0|1|0|0|1|6|2|1
201,089|7,333|0,884|-1564,571|0|1|0|0|1|6|2|1
201,264|7,381|1,305|-1565,807|0|1|0|0|1|9|3|1
201,439|7,437|1,759|-1567,486|0|1|0|0|1|11|4|1
201,614|7,503|2,259|-1569,53|0|1|0|0|1|13|2|1
201,789|7,579|2,718|-1571,88|0|1|0|0|1|14|2|1
201,964|7,663|3,152|-1574,485|0|1|0|0|1|16|4|1
202,139|7,75|3,348|-1577,304|0|1|0|0|0|17|-2|1
202,314|7,834|2,547|-1580,302|0|1|0|0|1|18|-5|1
202,489|7,924|2,075|-1583,451|0|1|0|0|1|18|1|1
202,664|8,023|2,447|-1586,724|0|1|0|0|1|19|3|1
202,839|8,129|2,928|-1590,102|0|1|0|0|1|20|3|1
203,014|8,239|3,361|-1593,568|0|1|0|0|0|20|1|1
203,189|8,344|3,049|-1597,108|0|1|0|0|0|21|-5|1
203,364|8,444|2,065|-1600,709|0|1|0|0|1|21|-3|1
203,539|8,552|1,956|-1604,362|0|1|0|0|1|21|3|1
203,714|8,651|2,42|-1608,058|0|1|0|0|1|21|2|1
203,889|8,637|2,861|-1611,792|0|1|0|0|1|22|3|1
204,064|8,438|3,304|-1615,551|0|1|0|-0,1|0|22|0|1
204,239|8,171|2,885|-1619,331|0|1|0|-0,1|0|22|-6|1
204,414|7,888|1,569|-1622,864|0|1|0|-0,1|0|21|-10|1
204,589|7,645|-0,497|-1625,82|0|1|0|-0,1|0|21|-14|1
204,765|7,492|-1,953|-1627,671|0|1|0|-0,1|0|1|0|1
204,94|7,486|-1,953|-1627,745|0|1|0|-0,1|0|0|0|1
205,115|7,387|-1,953|-1628,42|0|1|0|-0,1|0|6|0|1
205,29|7,318|-1,953|-1629,461|0|1|0|0|0|6|0|1
205,465|7,297|-1,953|-1630,511|0|1|0|0|0|6|0|1
205,64|7,28|-1,603|-1631,561|0|1|0|0|0|10|8|1
205,815|7,264|-0,598|-1632,574|0|1|0|0|1|6|3|1
205,99|7,248|-0,116|-1633,587|0|1|0|0|1|7|3|1
206,165|7,232|-0,016|-1634,6|0|1|0|0|0|6|-3|1
206,34|7,216|-0,898|-1635,613|0|1|0|0|1|8|-6|1
206,515|7,2|-1,437|-1636,627|0|1|0|0|1|6|1|1
206,69|7,184|-1,09|-1637,64|0|1|0|0|1|6|3|1
206,865|7,168|-0,568|-1638,653|0|1|0|0|1|6|2|1
207,04|7,152|-0,135|-1639,666|0|1|0|0|1|7|4|1
207,215|7,415|0,36|-1640,628|0|1|0|0,3|1|6|2|1
207,39|7,851|0,78|-1641,534|0|1|0|0,1|1|7|3|1
207,565|7,975|1,238|-1642,538|0|1|0|0|1|7|4|1
207,74|7,996|1,747|-1643,551|0|1|0|0|1|6|2|1
207,915|7,986|2,209|-1644,564|0|1|0|0|1|7|3|1
208,09|7,73|2,668|-1645,524|0|0,9|0|-0,3|1|6|3|1
208,265|6,984|3,159|-1646,2|0|-0,9|0|0,5|1|7|3|1
208,44|6,063|3,643|-1646,617|0|-0,8|0|0,6|1|6|2|1
208,615|5,091|4,073|-1646,902|0|-0,8|0|0,6|1|7|3|1
208,79|4,174|4,439|-1647,307|0|0,9|0|-0,4|0|6|-1|1
208,965|3,411|3,919|-1647,972|0|1|0|-0,3|0|8|-6|1
209,14|2,748|2,76|-1648,737|0|1|0|-0,3|1|7|-4|1
209,315|2,173|2,506|-1649,571|0|1|0|-0,3|1|6|2|1
209,49|1,628|2,94|-1650,426|0|1|0|-0,3|1|7|4|1
209,665|1,091|3,45|-1651,285|0|1|0|-0,3|1|6|2|1
209,84|0,556|3,907|-1652,145|0|1|0|-0,3|1|7|3|1
210,015|0,022|4,042|-1653,006|0|1|0|-0,3|0|6|-3|1
210,19|-0,507|3,189|-1653,871|0|1|0|-0,3|0|10|-8|1
210,365|-0,988|2,295|-1654,762|0|1|0|-0,2|1|6|-1|1
210,54|-1,386|2,476|-1655,693|0|1|0|-0,2|1|6|2|1
210,715|-1,662|2,893|-1656,664|0|1|0|0|1|7|3|1
210,89|-1,352|3,354|-1657,615|0|1|0|0,3|1|6|3|1
211,065|-0,746|3,691|-1658,426|0|1|0|0,2|0|6|-1|1
211,24|-0,26|3,079|-1659,314|0|1|0|0,2|0|9|-7|1
211,415|0,273|1,602|-1660,172|0|0,9|0|0,4|0|12|-11|1
211,59|0,985|-0,598|-1660,891|0|0,9|0|0,5|0|16|-15|1
211,765|1,786|-3,404|-1661,511|0|0,9|0|0,5|0|19|-18|1
211,94|2,643|-5,931|-1662,052|0|0,9|0|0,5|1|11|-10|1
212,115|3,509|-7,117|-1662,573|0|0,9|0|0,4|1|6|-3|1
212,29|4,072|-7,18|-1663,408|0|1|0|0,2|1|7|3|1
212,465|4,446|-6,744|-1664,349|0|1|0|0,2|1|6|3|1
212,64|4,765|-6,263|-1665,311|0|1|0|0,2|1|6|2|1
212,815|5,333|-5,8|-1666,094|0|0,8|0|0,6|1|7|3|1
212,99|6,332|-5,339|-1666,19|0|0,6|0|0,8|1|6|3|1
213,165|7,326|-4,85|-1665,996|0|0,6|0|0,8|1|7|3|1
213,34|8,302|-4,36|-1665,726|0|0,6|0|0,8|1|6|2|1
213,515|9,273|-3,93|-1665,436|0|0,6|0|0,8|1|6|3|1
213,69|10,242|-3,46|-1665,14|0|0,6|0|0,8|1|6|2|1
213,865|11,222|-3,047|-1664,895|0|0,7|0|0,7|1|7|3|1
214,04|12,184|-2,592|-1665,177|0|0,9|0|0,5|1|6|2|1
214,216|12,658|-2,154|-1666,041|0|1|0|0|1|6|2|1
214,391|12,584|-1,714|-1667,046|0|1|0|-0,1|1|6|2|1
214,566|12,256|-1,307|-1668,004|0|1|0|-0,2|1|6|3|1
214,741|11,827|-0,842|-1668,922|0|1|0|-0,2|1|6|3|1
214,916|11,357|-0,638|-1669,819|0|1|0|-0,3|0|6|-2|1
215,091|10,858|-1,401|-1670,701|0|1|0|-0,3|0|9|-7|1
215,266|10,303|-1,953|-1671,559|0|1|0|-0,3|0|6|0|1
215,441|9,654|-1,953|-1672,383|0|0,9|0|-0,3|0|6|0|1
215,616|8,971|-1,953|-1673,18|0|0,9|0|-0,3|0|6|0|1
215,791|8,242|-1,953|-1673,936|0|0,9|0|-0,4|0|6|0|1
215,966|7,438|-1,953|-1674,608|0|0,9|0|-0,4|0|6|0|1
216,141|6,526|-1,953|-1675,123|0|-0,9|0|0,5|0|6|0|1
216,316|5,535|-1,953|-1675,463|0|-0,8|0|0,6|0|6|0|1
216,491|4,498|-1,953|-1675,614|0|-0,8|0|0,7|0|6|0|1
216,666|3,452|-1,953|-1675,562|0|-0,7|0|0,7|0|6|0|1
216,841|2,407|-1,953|-1675,467|0|-0,7|0|0,7|0|6|0|1
217,016|1,348|-1,891|-1675,44|0|-0,7|0|0,7|0|6|2|1
217,191|0,288|-0,688|-1675,417|0|-0,7|0|0,7|0|13|12|1
217,366|-0,623|1,499|-1675,397|0|-0,7|0|0,7|1|14|13|1
217,541|-1,385|3,754|-1675,382|0|-0,7|0|0,7|0|14|13|1
217,716|-1,996|6,091|-1675,31|0|-0,2|0|1|0|14|14|1
217,891|-2,124|8,511|-1674,987|0|0,4|0|0,9|0|14|14|1
218,066|-1,735|10,998|-1674,608|0|0,7|0|0,7|0|15|14|1
218,241|-1,297|13,185|-1674,318|0|0,7|0|0,7|0|9|8|1
218,416|-0,931|14,103|-1674,076|0|0,7|0|0,7|0|3|1|1
218,591|-0,494|13,907|-1673,828|0|0,6|0|0,8|0|6|-4|1
218,766|0,349|12,778|-1673,46|0|0,5|0|0,9|1|9|-7|1
218,941|1,153|12,032|-1672,847|0|0,4|0|0,9|1|6|0|1
219,116|1,892|12,29|-1672,154|0|0,4|0|0,9|1|7|4|1
219,291|2,479|12,785|-1671,345|0|0,1|0|1|1|6|2|1
219,466|2,683|13,207|-1670,354|0|0|0|1|1|6|3|1
219,641|2,758|13,669|-1669,344|0|0|0|1|1|6|2|1
219,816|2,752|13,924|-1668,333|0|-0,2|0|1|0|6|-2|1
219,991|2,399|13,269|-1667,393|0|-0,6|0|0,8|0|9|-7|1
220,166|1,666|11,757|-1666,703|0|-0,7|0|0,7|0|13|-11|1
220,341|1,063|10,547|-1666,334|0|-0,7|0|0,7|0|0|0|1
220,516|1,052|10,547|-1665,84|0|-0,3|0|1|0|6|0|1
220,691|1,079|11,453|-1664,818|0|0|0|1|0|8|6|1
220,866|1,11|12,119|-1663,806|0|0|0|1|1|6|2|1
221,041|1,144|12,552|-1662,793|0|0|0|1|1|6|3|1
221,216|1,179|13,015|-1661,781|0|0|0|1|1|7|3|1
221,391|1,215|13,444|-1660,768|0|0|0|1|1|6|3|1
221,566|1,25|13,91|-1659,755|0|0|0|1|1|6|2|1
221,741|1,286|14,386|-1658,743|0|0|0|1|1|6|2|1
221,916|1,321|14,819|-1657,73|0|0|0|1|1|6|3|1
222,091|1,357|15,289|-1656,718|0|0|0|1|1|7|3|1
222,266|1,392|15,781|-1655,705|0|0|0|1|1|6|2|1
222,441|1,428|16,224|-1654,693|0|0|0|1|1|6|3|1
222,616|1,463|16,736|-1653,68|0|0|0|1|1|6|2|1
222,791|1,499|17,173|-1652,667|0|0|0|1|1|6|2|1
222,966|1,534|17,596|-1651,655|0|0|0|1|1|6|3|1
223,141|1,568|18,063|-1650,642|0|0|0|1|1|6|2|1
223,316|1,235|18,408|-1649,693|0|-0,3|0|1|0|6|-1|1
223,491|0,713|17,899|-1648,825|0|-0,4|0|0,9|0|8|-6|1
223,666|0,115|16,509|-1648,007|0|-0,4|0|0,9|0|12|-11|1
223,842|-0,353|14,947|-1647,129|0|-0,1|0|1|0|6|0|1
224,017|-0,231|14,947|-1646,103|0|0,1|0|1|0|6|0|1
224,192|0,389|15,853|-1645,625|0|0,5|0|0,9|0|8|6|1
224,367|1,397|16,519|-1645,644|0|0,7|0|0,7|1|6|2|1
224,542|2,4|16,952|-1645,784|0|0,8|0|0,6|1|6|3|1
224,717|3,385|17,415|-1646,02|0|0,8|0|0,6|1|7|3|1
224,892|4,358|17,844|-1646,303|0|0,8|0|0,6|1|6|3|1
225,067|5,31|18,31|-1646,602|0|0,8|0|0,6|1|3|2|1
225,242|5,315|18,786|-1647,126|0|0,8|0|0,6|1|5|2|1
225,417|5,605|19,219|-1647,663|0|0,6|0|0,8|1|6|3|1
225,592|6,561|19,689|-1647,436|0|0,5|0|0,9|0|6|1|1
225,767|7,452|19,417|-1646,954|0|0,4|0|0,9|0|8|-5|1
225,942|8,294|19,187|-1646,364|0|0,4|0|0,9|0|6|0|1
226,117|9,116|19,187|-1645,712|0|0,4|0|0,9|0|5|0|1
226,292|9,937|19,051|-1645,641|0|0,5|0|0,8|1|12|10|1
226,467|10,946|20,305|-1645,729|0|0,7|0|0,7|0|6|3|1
226,642|11,954|20,818|-1645,832|0|0,7|0|0,7|1|6|2|1
226,817|12,961|21,255|-1645,943|0|0,7|0|0,7|1|6|2|1
226,992|13,968|21,684|-1646,056|0|0,7|0|0,7|1|6|3|1
227,167|14,975|22,151|-1646,165|0|0,7|0|0,7|1|6|2|1
227,342|15,986|22,572|-1646,237|0|0,7|0|0,7|1|6|3|1
227,517|16,998|23,085|-1646,278|0|0,7|0|0,7|1|6|2|1
227,692|18,012|23,318|-1646,279|0|0,7|0|0,7|0|6|-2|1
227,867|19,024|22,62|-1646,241|0|0,7|0|0,7|0|9|-7|1
228,042|20,037|21,737|-1646,15|0|0,7|0|0,8|0|12|10|1
228,217|21,042|22,992|-1645,981|0|0,6|0|0,8|0|6|3|1
228,392|22,034|23,505|-1645,778|0|0,6|0|0,8|1|6|2|1
228,567|23,02|23,942|-1645,626|0|0,6|0|0,8|1|6|2|1
228,742|23,99|24,37|-1645,626|0|0,2|0|1|1|5|3|1
228,917|24,206|24,838|-1645,636|0|-0,4|0|0,9|1|4|2|1
229,092|23,321|25,259|-1645,809|0|-0,7|0|0,7|1|6|3|1
229,267|22,333|25,326|-1646,034|0|-0,8|0|0,6|0|7|-3|1
229,442|21,35|24,417|-1646,279|0|-0,8|0|0,6|0|10|-8|1
229,617|20,373|22,692|-1646,547|0|-0,8|0|0,6|0|14|-12|1
229,792|19,391|21,737|-1646,836|0|-0,8|0|0,6|0|6|0|1
229,967|18,389|21,737|-1647,147|0|-0,8|0|0,6|0|6|0|1
230,142|17,387|21,737|-1647,459|0|-0,8|0|0,6|0|6|0|1
230,317|16,399|21,531|-1647,765|0|-0,8|0|0,6|0|7|-4|1
230,492|15,43|20,538|-1648,06|0|-0,8|0|0,6|0|10|-9|1
230,667|14,462|18,742|-1648,358|0|-0,8|0|0,6|0|14|-13|1
230,842|13,494|16,275|-1648,657|0|-0,8|0|0,6|0|17|-16|1
231,017|12,526|13,246|-1648,958|0|-0,8|0|0,6|0|20|-19|1
231,192|11,752|10,547|-1649,198|0|-0,8|0|0,6|0|6|0|