0|8,018|35,32|-1692,27|0|1|0|0|0|1|-1|1
0,175|8,018|34,728|-1692,27|0|1|0|0|0|7|-7|1
0,35|8,018|34,32|-1692,27|0|1|0|0|0|0|0|1
0,525|8,018|34,32|-1692,27|0|1|0|0|0|0|0|1
0,7|8,018|34,32|-1692,27|0|1|0|0|0|0|0|1
0,875|8,062|34,32|-1692,379|0|1|0|0,1|0|5|0|1
1,05|8,237|34,32|-1693,334|0|1|0|0|0|6|0|1
1,225|8,179|34,32|-1694,38|0|1|0|0|0|6|0|1
1,4|8,086|34,32|-1695,426|0|1|0|0|0|6|0|1
1,575|7,885|34,32|-1696,454|0|1|0|-0,1|0|6|0|1
1,75|7,63|34,455|-1697,442|0|1|0|-0,1|0|10|8|1
1,925|7,359|35,459|-1698,419|0|1|0|-0,1|1|6|3|1
2,1|7,074|35,942|-1699,391|0|1|0|-0,1|1|7|3|1
2,275|6,782|36,387|-1700,361|0|1|0|-0,1|1|7|3|1
2,45|6,496|36,835|-1701,334|0|1|0|-0,1|1|7|3|1
2,625|6,245|37,265|-1702,315|0|1|0|-0,1|1|6|3|1
2,8|6,034|37,726|-1703,306|0|1|0|-0,1|1|6|3|1
2,975|5,852|38,209|-1704,303|0|1|0|-0,1|1|7|3|1
3,15|5,679|38,657|-1705,301|0|1|0|-0,1|1|7|3|1
3,325|5,521|39,117|-1706,302|0|1|0|-0,1|1|6|3|1
3,5|5,387|39,61|-1707,307|0|1|0|-0,1|1|7|3|1
3,675|5,291|40,098|-1708,315|0|1|0|0|1|6|2|1
3,85|5,256|40,53|-1709,327|0|1|0|0|1|6|3|1
4,025|5,289|40,989|-1710,34|0|1|0|0|1|7|3|1
4,2|5,389|41,417|-1711,348|0|1|0|0,1|1|6|3|1
4,375|5,541|41,884|-1712,35|0|1|0|0,1|1|6|2|1
4,55|5,731|42,36|-1713,345|0|1|0|0,1|1|6|2|1
4,725|5,948|42,792|-1714,335|0|1|0|0,1|1|6|3|1
4,9|6,183|43,243|-1715,321|0|1|0|0,1|1|6|3|1
5,075|6,431|43,705|-1716,303|0|1|0|0,1|1|6|2|1
5,25|6,691|44,13|-1717,282|0|1|0|0,1|1|7|3|1
5,425|6,961|44,565|-1718,259|0|1|0|0,1|1|6|3|1
5,6|7,235|44,637|-1719,235|0|1|0|0,1|0|7|-3|1
5,775|7,51|43,733|-1720,21|0|1|0|0,1|0|10|-8|1
5,95|7,786|42,012|-1721,185|0|1|0|0,1|0|14|-12|1
6,125|8,067|41,378|-1722,176|0|1|0|0,1|0|6|0|1
6,3|8,335|42,223|-1723,119|0|1|0|0,1|0|8|6|1
6,475|8,611|42,889|-1724,093|0|1|0|0,1|1|6|2|1
6,65|8,888|43,322|-1725,068|0|1|0|0,1|1|6|3|1
6,825|9,165|43,785|-1726,043|0|1|0|0,1|1|7|3|1
7|9,428|44,214|-1727,021|0|1|0|0,1|1|6|3|1
7,175|9,626|44,68|-1728,015|0|1|0|0,1|1|6|2|1
7,35|9,737|45,156|-1729,022|0|1|0|0|1|6|2|1
7,525|9,769|45,431|-1730,034|0|1|0|0|0|6|-2|1
7,7|9,767|44,764|-1731,047|0|1|0|0|0|9|-7|1
7,875|9,737|43,242|-1732,06|0|1|0|0|0|13|-11|1
8,05|9,668|41,788|-1733,071|0|1|0|-0,1|1|7|-4|1
8,225|9,552|41,501|-1734,078|0|1|0|-0,1|1|6|2|1
8,4|9,4|41,714|-1735,079|0|1|0|-0,1|0|6|-2|1
8,575|9,226|40,999|-1736,078|0|1|0|-0,1|0|9|-7|1
8,75|8,985|39,435|-1737,059|0|1|0|-0,3|0|13|-11|1
8,925|8,461|37,163|-1737,923|0|0,9|0|-0,5|0|16|-15|1
9,1|7,871|34,32|-1738,745|0|1|0|-0,2|0|6|0|1
9,275|7,521|34,32|-1739,724|0|1|0|-0,2|0|6|0|1
9,45|7,215|34,32|-1740,729|0|1|0|-0,1|0|6|0|1
9,625|6,926|34,974|-1741,73|0|1|0|-0,1|0|9|7|1
9,8|6,668|35,765|-1742,71|0|1|0|-0,1|1|7|4|1
9,975|6,479|36,264|-1743,706|0|1|0|-0,1|1|6|2|1
10,15|6,367|36,718|-1744,712|0|1|0|0|1|6|1|1
10,325|6,325|37,096|-1745,724|0|1|0|0|1|6|1|1
10,5|6,338|37,45|-1746,738|0|1|0|0|1|6|2|1
10,675|6,393|37,885|-1747,749|0|1|0|0|1|6|2|1
10,85|6,473|38,296|-1748,759|0|1|0|0|1|6|2|1
11,025|6,565|38,746|-1749,768|0|1|0|0|1|6|1|1
11,2|6,659|39,137|-1750,777|0|1|0|0|1|6|2|1
11,375|6,755|39,556|-1751,786|0|1|0|0|1|7|3|1
11,55|6,85|39,817|-1752,795|0|1|0|0|0|6|-2|1
11,725|6,939|38,898|-1753,805|0|1|0|0|0|12|-10|1
11,9|6,998|36,63|-1754,816|0|1|0|0|1|16|-15|1
12,075|7|34,779|-1755,627|0|1|0|0|1|12|-11|
12,25|7|34,779|-1755,627|0|1|0|0|1|12|-11|
12,425|7|34,779|-1755,627|0|1|0|0|1|12|-11|
12,6|7|34,779|-1755,627|0|1|0|0|1|12|-11|
12,775|7|34,779|-1755,627|0|1|0|0|1|12|-11|
12,95|7|34,779|-1755,627|0|1|0|0|1|12|-11|
13,125|8,011|35,312|-1692,41|0|1|0|0|0|3|-2|1
13,3|7,974|34,607|-1693,11|0|1|0|0|0|9|-7|1
13,475|7,912|34,32|-1694,131|0|1|0|0|0|6|0|1
13,65|7,82|34,32|-1695,176|0|1|0|0|0|6|0|1
13,825|7,712|34,32|-1696,221|0|1|0|-0,1|0|6|0|1
14|7,596|34,128|-1697,234|0|1|0|-0,1|0|7|-4|1
14,175|7,477|35,091|-1698,241|0|1|0|-0,1|0|7|4|1
14,35|7,361|35,633|-1699,247|0|1|0|-0,1|1|7|3|1
14,525|7,249|36,085|-1700,254|0|1|0|-0,1|1|6|3|1
14,7|7,138|36,556|-1701,261|0|1|0|-0,1|1|6|2|1
14,875|7,028|36,976|-1702,268|0|1|0|-0,1|1|7|3|1
15,05|6,918|37,406|-1703,276|0|1|0|-0,1|1|6|3|1
15,225|6,807|37,9|-1704,283|0|1|0|-0,1|1|7|3|1
15,4|6,696|38,352|-1705,29|0|1|0|-0,1|1|6|3|1
15,575|6,579|38,833|-1706,296|0|1|0|-0,1|1|6|2|1
15,75|6,46|39,298|-1707,303|0|1|0|-0,1|1|7|3|1
15,925|6,345|39,759|-1708,309|0|1|0|-0,1|1|6|3|1
16,1|6,27|40,241|-1709,32|0|1|0|0|1|7|3|1
16,275|6,273|40,686|-1710,333|0|1|0|0|1|7|3|1
16,45|6,354|41,129|-1711,343|0|1|0|0,1|1|7|3|1
16,625|6,485|41,558|-1712,347|0|1|0|0,1|1|6|3|1
16,8|6,646|42,021|-1713,348|0|1|0|0,1|1|6|3|1
16,975|6,827|42,503|-1714,344|0|1|0|0,1|1|7|3|1
17,15|7,018|42,945|-1715,339|0|1|0|0,1|1|7|3|1
17,325|7,211|43,412|-1716,334|0|1|0|0,1|1|6|2|1
17,5|7,4|43,826|-1717,33|0|1|0|0,1|1|7|3|1
17,675|7,583|44,269|-1718,326|0|1|0|0,1|1|7|3|1
17,85|7,761|44,378|-1719,324|0|1|0|0,1|0|6|-3|1
18,025|7,932|43,503|-1720,323|0|1|0|0,1|0|10|-8|1
18,2|8,097|41,807|-1721,322|0|1|0|0,1|0|13|-12|1
18,375|8,26|41,378|-1722,339|0|1|0|0,1|0|6|0|1
18,55|8,396|42,447|-1723,328|0|1|0|0,1|0|7|4|1
18,725|8,497|42,99|-1724,337|0|1|0|0|1|7|3|1
18,9|8,54|43,441|-1725,349|0|1|0|0|1|6|3|1
19,075|8,537|43,912|-1726,362|0|1|0|0|1|6|2|1
19,25|8,496|44,332|-1727,375|0|1|0|0|1|7|3|1
19,425|8,434|44,762|-1728,386|0|1|0|0|1|6|3|1
19,6|8,359|44,997|-1729,396|0|1|0|0|0|6|-2|1
19,775|8,283|44,27|-1730,407|0|1|0|0|0|9|-7|1
19,95|8,204|42,938|-1731,417|0|1|0|0|1|8|-5|1
20,125|8,124|42,539|-1732,427|0|1|0|0|1|6|1|1
20,3|8,044|42,89|-1733,437|0|1|0|0|0|6|0|1
20,475|7,964|42,43|-1734,447|0|1|0|0|0|8|-6|1
20,65|7,883|41,08|-1735,457|0|1|0|0|0|12|-10|1
20,825|7,803|38,986|-1736,467|0|1|0|0|0|15|-14|1
21|7,72|36,269|-1737,477|0|1|0|0|0|18|-17|1
21,175|7,633|34,32|-1738,491|0|1|0|0|0|6|0|1
21,35|7,563|34,32|-1739,536|0|1|0|0|0|6|0|1
21,525|7,491|34,67|-1740,583|0|1|0|0|0|10|8|1
21,7|7,416|35,675|-1741,594|0|1|0|0|1|6|3|1
21,875|7,335|36,157|-1742,604|0|1|0|0|1|7|3|1
22,05|7,252|36,603|-1743,614|0|1|0|0|1|7|3|1
22,225|7,168|37,051|-1744,624|0|1|0|0|1|7|3|1
22,4|7,084|37,395|-1745,633|0|1|0|0|1|6|3|1
22,575|7|37,776|-1746,643|0|1|0|0|1|6|2|1
22,75|6,916|38,219|-1747,652|0|1|0|0|1|6|1|1
22,925|6,831|38,552|-1748,662|0|1|0|0|1|6|3|1
23,1|6,747|38,912|-1749,671|0|1|0|0|1|6|2|1
23,275|6,662|39,348|-1750,681|0|1|0|0|1|6|2|1
23,45|6,578|39,795|-1751,69|0|1|0|0|1|6|2|1
23,625|6,493|40,177|-1752,7|0|1|0|0|1|6|2|1
23,8|6,409|40,638|-1753,709|0|1|0|0|1|6|1|1
23,975|6,325|40,733|-1754,719|0|1|0|0|0|7|-4|1
24,15|6,24|39,61|-1755,728|0|1|0|0|1|9|-7|1
24,325|6,155|38,633|-1756,738|0|1|0|0|1|7|-4|1
24,5|6,071|38,211|-1757,747|0|1|0|0|1|6|-1|1
24,675|5,986|38,253|-1758,757|0|1|0|0|1|6|2|1
24,85|5,902|38,633|-1759,766|0|1|0|0|1|6|2|1
25,025|5,818|38,999|-1760,776|0|1|0|0|1|6|2|1
25,2|5,59|38,693|-1761,758|0|0,9|0|-0,3|0|9|-7|1
25,375|5,106|37,073|-1762,647|0|0,9|0|-0,4|0|13|-12|1
25,55|4,487|34,732|-1763,448|0|0,9|0|-0,4|0|6|0|1
25,725|3,732|34,32|-1764,156|0|0,9|0|-0,4|0|6|0|1
25,9|2,932|34,32|-1764,835|0|0,9|0|-0,4|0|6|0|1
26,075|2,13|34,32|-1765,513|0|0,9|0|-0,4|0|6|0|1
26,25|1,328|34,32|-1766,19|0|0,9|0|-0,4|0|6|0|1
26,425|0,526|34,32|-1766,868|0|0,9|0|-0,4|0|6|0|1
26,6|-0,275|34,32|-1767,546|0|0,9|0|-0,4|0|6|0|1
26,775|-0,509|34,32|-1768,233|0|0,9|0|-0,4|0|5|0|1
26,95|-0,512|34,32|-1769,229|0|1|0|-0,1|0|6|0|1
27,125|-0,477|34,32|-1770,277|0|1|0|0|0|6|0|1
27,3|-0,404|34,32|-1771,324|0|1|0|0|0|6|0|1
27,475|-0,296|34,32|-1772,369|0|1|0|0,1|0|6|0|1
27,65|-0,146|34,32|-1773,408|0|1|0|0,1|0|6|0|1
27,825|0,063|34,32|-1774,437|0|1|0|0,1|0|3|0|1
28|0,099|34,32|-1774,595|0|1|0|0,1|0|0|0|1
28,175|0,1|34,32|-1774,597|0|1|0|0,1|0|0|0|1
28,35|0,1|34,32|-1774,597|0|1|0|0,1|0|0|0|1
28,525|0,46|34,32|-1775,174|0|1|0|0,2|0|6|0|1
28,7|0,802|34,32|-1775,624|0|1|0|0,3|0|0|0|1
28,875|0,81|34,32|-1775,634|0|1|0|0,3|0|0|0|1
29,05|0,81|34,32|-1775,634|0|1|0|0,3|0|0|0|1
29,225|0,81|34,32|-1775,634|0|1|0|0,3|0|0|0|1
29,4|0,81|34,32|-1775,634|0|1|0|0,3|0|0|0|1
29,575|1,474|34,32|-1775,484|0|0,7|0|0,7|0|6|0|1
29,75|2,484|34,32|-1775,223|0|0,6|0|0,8|0|6|0|1
29,925|3,5|34,32|-1774,957|0|0,6|0|0,8|0|6|0|1
30,1|4,526|34,32|-1774,737|0|0,6|0|0,8|0|6|0|1
30,275|5,57|34,32|-1774,631|0|0,7|0|0,7|0|6|0|1
30,45|6,62|34,32|-1774,617|0|0,7|0|0,7|0|6|0|1
30,625|7,669|34,32|-1774,657|0|0,7|0|0,7|0|6|0|1
30,8|8,713|34,32|-1774,763|0|0,7|0|0,7|0|6|0|1
30,975|9,752|34,32|-1774,911|0|0,8|0|0,7|0|6|0|1
31,15|10,791|34,32|-1775,063|0|0,8|0|0,7|0|6|0|1
31,325|11,83|34,32|-1775,214|0|0,8|0|0,7|0|6|0|1
31,5|12,869|34,32|-1775,366|0|0,8|0|0,7|0|6|0|1
31,675|13,908|34,32|-1775,517|0|0,8|0|0,7|0|6|0|1
31,85|14,472|34,32|-1775,61|0|0,8|0|0,6|0|0|0|1
32,025|14,486|34,32|-1775,612|0|0,8|0|0,6|0|0|0|1
32,2|14,486|34,32|-1775,612|0|0,8|0|0,6|0|3|0|1
32,375|14,662|34,32|-1776,48|0|1|0|0,2|0|6|0|1
32,55|14,702|34,32|-1777,525|0|1|0|0|0|6|0|1
32,725|14,628|34,32|-1778,572|0|1|0|0|0|6|0|1
32,9|14,533|34,32|-1779,617|0|1|0|0|0|6|0|1
33,075|14,481|34,32|-1780,186|0|1|0|0|0|0|0|1
33,25|14,479|34,32|-1780,2|0|1|0|0|0|0|0|1
33,425|14,479|34,32|-1780,2|0|1|0|0|0|0|0|1
33,6|14,217|34,32|-1780,6|0|1|0|-0,2|0|2|0|1
33,775|14,132|34,32|-1780,723|0|1|0|-0,2|0|0|0|1
33,95|14,131|34,32|-1780,724|0|1|0|-0,2|0|0|0|1
34,125|14,131|34,32|-1780,724|0|1|0|-0,2|0|0|0|1
34,3|14,131|34,32|-1780,724|0|1|0|-0,2|0|0|0|1
34,475|14,014|34,32|-1780,734|0|0,9|0|-0,4|0|5|0|1
34,65|13,039|34,32|-1780,811|0|-0,8|0|0,6|0|6|0|1
34,825|11,994|34,32|-1780,894|0|-0,7|0|0,7|0|6|0|1
35|10,946|34,32|-1780,962|0|-0,7|0|0,7|0|6|0|1
35,175|9,896|34,32|-1780,983|0|-0,7|0|0,7|0|6|0|1
35,35|8,847|34,32|-1780,955|0|-0,7|0|0,7|0|6|0|1
35,525|7,799|34,32|-1780,89|0|-0,7|0|0,7|0|6|0|1
35,7|6,751|34,32|-1780,824|0|-0,7|0|0,7|0|6|0|1
35,875|5,703|34,32|-1780,766|0|-0,7|0|0,7|0|6|0|1
36,05|4,654|34,32|-1780,719|0|-0,7|0|0,7|0|6|0|1
36,225|3,604|34,32|-1780,683|0|-0,7|0|0,7|0|6|0|1
36,4|2,555|34,32|-1780,66|0|-0,7|0|0,7|0|6|0|1
36,575|1,505|34,32|-1780,662|0|-0,7|0|0,7|0|6|0|1
36,75|0,473|34,32|-1780,833|0|-0,8|0|0,6|0|6|0|1
36,925|-0,463|34,32|-1781,294|0|-0,9|0|0,5|0|4|0|1
37,1|-0,511|34,32|-1782,065|0|0,9|0|-0,3|0|5|0|1
37,275|-0,513|34,32|-1783,04|0|1|0|-0,2|0|6|0|1
37,45|-0,513|34,32|-1784,066|0|1|0|-0,1|0|6|0|1
37,625|-0,513|34,32|-1785,096|0|1|0|-0,1|0|6|0|1
37,8|-0,514|34,32|-1786,136|0|1|0|-0,1|0|6|0|1
37,975|-0,449|34,32|-1787,182|0|1|0|0|0|6|0|1
38,15|-0,186|34,32|-1788,195|0|1|0|0,1|0|6|0|1
38,325|0,265|34,32|-1789,141|0|1|0|0,2|0|6|0|1
38,5|0,788|34,32|-1790,052|0|1|0|0,3|0|6|0|1
38,675|1,344|34,32|-1790,942|0|1|0|0,3|0|6|0|1
38,85|1,916|34,32|-1791,822|0|1|0|0,3|0|6|0|1
39,025|2,49|34,32|-1792,701|0|1|0|0,3|0|6|0|1
39,2|3,073|34,32|-1793,575|0|1|0|0,3|0|12|10|1
39,375|3,643|35,575|-1794,421|0|1|0|0,3|0|6|3|1
39,55|4,21|36,087|-1795,261|0|1|0|0,3|1|6|2|1
39,725|4,776|36,524|-1796,101|0|1|0|0,3|1|6|2|1
39,9|5,328|36,953|-1796,951|0|1|0|0,3|1|6|3|1
40,075|5,83|37,207|-1797,831|0|1|0|0,2|0|6|-2|1
40,25|6,289|36,498|-1798,734|0|1|0|0,2|0|9|-7|1
40,425|6,696|34,941|-1799,662|0|1|0|0,2|0|13|-11|1
40,6|7,033|34,32|-1800,634|0|1|0|0,1|0|6|0|1
40,775|7,312|34,32|-1801,646|0|1|0|0,1|0|6|0|1
40,95|7,571|34,32|-1802,663|0|1|0|0,1|0|6|0|1
41,125|7,79|34,32|-1803,69|0|1|0|0,1|0|6|0|1
41,3|7,773|34,32|-1804,731|0|1|0|0|0|6|0|1
41,475|7,436|35,428|-1805,699|0|1|0|-0,2|0|7|4|1
41,65|7,003|35,971|-1806,615|0|1|0|-0,3|1|7|3|1
41,825|6,503|36,422|-1807,495|0|1|0|-0,3|1|6|3|1
42|6,005|36,893|-1808,615|0|1|0|-0,2|1|9|2|1
42,175|5,533|37,315|-1810,22|0|1|0|-0,2|1|11|3|1
42,35|5,146|37,762|-1812,246|0|1|0|-0,1|1|13|2|1
42,525|4,844|38,19|-1814,629|0|1|0|-0,1|1|15|3|1
42,7|4,607|38,664|-1817,306|0|1|0|0|1|17|3|1
42,875|4,446|39,1|-1820,232|0|1|0|0|1|18|3|1
43,05|4,379|39,577|-1823,337|0|1|0|0|1|17|2|1
43,225|4,429|39,461|-1826,091|0|1|0|0,2|0|15|-4|1
43,4|4,796|38,4|-1828,37|0|0,9|0|0,4|0|15|-9|1
43,575|5,44|36,548|-1830,198|0|0,9|0|0,4|0|16|-13|1
43,75|6,224|34,319|-1831,624|0|0,9|0|0,4|0|7|0|1
43,925|7,027|35,428|-1832,3|0|0,9|0|0,4|0|6|4|1
44,1|8,032|35,972|-1831,813|0|0,9|0|0,4|1|10|3|1
44,275|9,542|36,426|-1831,098|0|0,9|0|0,4|1|10|3|1
44,45|11,004|36,948|-1831,437|0|1|0|0,3|1|8|2|1
44,625|11,78|37,381|-1832,528|0|1|0|0,1|1|9|4|1
44,8|12,055|37,882|-1834,061|0|1|0|0|1|11|2|1
44,975|12,121|38,348|-1836,047|0|1|0|0|1|13|2|1
45,15|12,012|38,776|-1838,39|0|1|0|-0,1|1|15|3|1
45,325|11,696|39,238|-1841,016|0|1|0|-0,1|1|16|2|1
45,5|11,203|39,681|-1843,863|0|1|0|-0,2|1|18|3|1
45,675|10,596|40,152|-1846,892|0|1|0|-0,2|1|18|2|1
45,85|9,93|40,534|-1849,794|0|1|0|-0,2|0|15|0|1
46,025|9,306|40,177|-1852,206|0|1|0|-0,2|0|14|-5|1
46,2|8,748|38,913|-1854,216|0|1|0|-0,2|0|15|-10|1
46,375|8,257|36,891|-1855,89|0|1|0|-0,2|0|16|-14|1
46,55|7,84|34,319|-1857,29|0|1|0|-0,1|0|7|0|1
46,725|7,566|34,32|-1858,353|0|1|0|-0,1|0|12|10|1
46,9|7,328|35,575|-1859,346|0|1|0|-0,1|0|8|5|1
47,075|7,111|36,632|-1860,265|0|1|0|-0,1|1|9|8|1
47,25|6,931|38,162|-1861,034|0|1|0|-0,1|0|11|10|1
47,425|6,8|40,113|-1861,609|0|-0,6|0|0,8|0|12|12|1
47,6|6,802|42,418|-1861,613|0|0|0|1|0|14|14|1
47,775|6,931|45,018|-1861,079|0|0,1|0|1|0|16|16|1
47,95|7,114|47,866|-1860,318|0|0,1|0|1|0|17|17|1
48,125|7,269|50,92|-1859,68|0|0,1|0|1|0|18|18|1
48,3|7,396|54,148|-1859,17|0|-0,4|0|0,9|0|19|19|1
48,475|7,409|57,521|-1859,156|0|1|0|-0,3|0|18|18|1
48,65|7,296|60,011|-1859,682|0|1|0|-0,1|0|10|9|1
48,825|7,087|61,125|-1860,614|0|1|0|-0,1|1|6|2|1
49|6,86|61,551|-1861,601|0|1|0|-0,1|1|7|3|1
49,175|6,632|61,986|-1862,588|0|1|0|-0,1|1|7|3|1
49,35|6,404|62,452|-1863,575|0|1|0|-0,1|1|6|2|1
49,525|6,2|62,681|-1864,568|0|1|0|-0,1|0|6|-2|1
49,7|6,065|61,977|-1865,571|0|1|0|0,1|0|9|-7|1
49,875|6,232|60,423|-1866,566|0|0,9|0|0,3|1|11|-9|1
50,05|6,749|59,321|-1867,433|0|0,9|0|0,4|1|6|-2|1
50,225|7,055|59,329|-1868,392|0|1|0|0,1|1|7|3|1
50,4|7,142|59,474|-1869,401|0|1|0|0|0|6|-3|1
50,575|7,184|58,63|-1870,413|0|1|0|0|0|10|-8|1
50,75|7,201|56,96|-1871,427|0|1|0|0|0|13|-12|1
50,925|7,204|55,61|-1872,444|0|1|0|0|0|6|0|1
51,1|7,182|55,61|-1873,491|0|1|0|0|0|6|0|1
51,275|7,133|55,61|-1874,54|0|1|0|0|0|6|0|1
51,45|7,082|55,61|-1875,589|0|1|0|0|0|6|0|1
51,625|7,048|55,61|-1876,638|0|1|0|0|0|6|0|1
51,8|7,059|55,61|-1877,688|0|1|0|0|0|6|0|1
51,975|7,11|55,61|-1878,736|0|1|0|0|0|6|0|1
52,15|7,178|55,61|-1879,784|0|1|0|0|0|6|0|1
52,325|7,247|55,61|-1880,832|0|1|0|0|0|6|0|1
52,5|7,32|55,61|-1881,88|0|1|0|0|0|6|0|1
52,675|7,396|55,61|-1882,927|0|1|0|0|0|6|0|1
52,85|7,474|55,61|-1883,974|0|1|0|0|0|6|0|1
53,025|7,553|55,61|-1885,021|0|1|0|0|0|6|0|1
53,2|7,632|55,61|-1886,068|0|1|0|0|0|6|0|1
53,375|7,709|55,61|-1887,115|0|1|0|0|0|6|0|1
53,55|7,782|55,61|-1888,162|0|1|0|0|0|12|10|1
53,725|7,852|56,865|-1889,181|0|1|0|0|0|6|3|1
53,9|7,919|57,377|-1890,192|0|1|0|0|1|7|3|1
54,075|7,981|58,006|-1891,427|0|1|0|0|0|10|4|1
54,25|8,034|58,786|-1893,168|0|1|0|0|0|12|5|1
54,425|8,08|59,691|-1895,332|0|1|0|0|0|15|6|1
54,6|8,119|60,701|-1897,85|0|1|0|0|0|17|6|1
54,775|8,153|61,8|-1900,665|0|1|0|0|0|18|7|1
54,95|8,182|62,972|-1903,727|0|1|0|0|0|20|7|1
55,125|8,208|64,206|-1906,997|0|1|0|0|0|21|7|1
55,3|8,231|65,492|-1910,44|0|1|0|0|0|22|8|1
55,475|8,25|66,82|-1914,028|0|1|0|0|0|22|8|1
55,65|8,268|68,186|-1917,739|0|1|0|0|0|23|8|1
55,825|8,284|69,581|-1921,55|0|1|0|0|0|24|8|1
56|8,299|71,001|-1925,447|0|1|0|0|0|24|8|1
56,175|8,312|72,443|-1929,415|0|1|0|0|0|24|8|1
56,35|8,324|73,44|-1933,265|0|1|0|0|0|20|2|1
56,525|8,333|73,318|-1936,513|0|1|0|0|0|17|-4|1
56,7|8,273|72,253|-1939,216|0|0,9|0|-0,4|0|16|-9|1
56,875|7,819|70,396|-1941,269|0|-0,4|0|0,9|0|16|-13|1
57,05|7,193|67,878|-1942,501|0|-0,2|0|1|0|17|-16|1
57,225|6,484|64,807|-1943,015|0|-0,2|0|1|0|4|0|1
57,4|6,089|64,43|-1942,393|0|-0,1|0|1|0|6|0|1
57,575|6,026|64,43|-1942,036|0|-0,1|0|1|0|0|0|1
57,75|6,025|64,43|-1942,03|0|-0,1|0|1|0|0|0|1
57,925|6,432|64,43|-1942,281|0|0,6|0|0,8|0|6|0|1
58,1|7,389|64,43|-1942,668|0|0,8|0|0,6|0|6|0|1
58,275|8,195|64,43|-1943,22|0|0,9|0|0,4|0|6|0|1
58,45|8,759|64,43|-1944,101|0|1|0|0,3|0|6|0|1
58,625|9,317|64,43|-1944,99|0|1|0|0,3|0|6|0|1
58,8|9,206|64,43|-1945,993|0|1|0|0|0|6|0|1
58,975|9,01|64,43|-1947,023|0|1|0|-0,1|0|6|0|1
59,15|8,919|64,43|-1948,068|0|1|0|0|0|6|0|1
59,325|9,008|64,43|-1949,112|0|1|0|0,1|0|6|0|1
59,5|9,191|64,216|-1950,093|0|1|0|0,1|0|7|-5|1
59,675|9,376|63,002|-1951,053|0|1|0|0,1|0|11|-10|1
59,85|9,568|61,022|-1952,048|0|1|0|0,1|0|15|-14|1
60,025|9,761|58,877|-1953,043|0|1|0|0,1|1|10|-8|1
60,2|9,953|57,94|-1954,038|0|1|0|0,1|1|6|-1|1
60,375|10,145|58,086|-1955,033|0|1|0|0,1|1|6|2|1
60,55|10,336|58,531|-1956,028|0|1|0|0,1|1|6|2|1
60,725|10,52|58,963|-1957,025|0|1|0|0,1|1|7|3|1
60,9|10,676|59,412|-1958,026|0|1|0|0,1|1|7|3|1
61,075|10,781|59,875|-1959,033|0|1|0|0|1|6|3|1
61,25|10,838|60,348|-1960,045|0|1|0|0|1|7|3|1
61,425|10,875|60,785|-1961,057|0|1|0|0|1|6|3|1
61,6|10,901|61,237|-1962,07|0|1|0|0|1|6|2|1
61,775|10,908|61,677|-1963,084|0|1|0|0|1|6|3|1
61,95|10,901|62,201|-1964,097|0|1|0|0|1|6|2|1
62,125|10,883|62,445|-1965,11|0|1|0|0|0|6|-2|1
62,3|10,863|61,837|-1966,123|0|1|0|0|1|6|-2|1
62,475|10,834|61,825|-1967,136|0|1|0|0|1|7|3|1
62,65|10,797|62,267|-1968,149|0|1|0|0|1|7|3|1
62,825|10,755|62,724|-1969,161|0|1|0|0|1|6|2|1
63|10,701|63,154|-1970,173|0|1|0|0|1|6|2|1
63,175|10,63|63,587|-1971,184|0|1|0|0|1|7|4|1
63,35|10,529|64,079|-1972,192|0|1|0|-0,1|0|6|2|1
63,525|10,387|63,962|-1973,195|0|1|0|-0,1|0|7|-4|1
63,7|10,173|63,684|-1974,185|0|1|0|-0,1|1|6|2|1
63,875|9,842|64,109|-1975,142|0|1|0|-0,2|1|7|4|1
64,05|9,424|64,618|-1976,064|0|1|0|-0,2|1|6|2|1
64,225|8,922|65,079|-1976,944|0|1|0|-0,3|1|7|3|1
64,4|8,37|65,535|-1977,794|0|1|0|-0,3|1|6|3|1
64,575|7,803|65,99|-1978,634|0|1|0|-0,3|1|7|3|1
64,75|7,246|66,388|-1979,48|0|1|0|-0,3|0|6|-1|1
64,925|6,882|65,898|-1980,417|0|1|0|0,1|0|8|-6|1
65,1|6,898|64,524|-1981,426|0|1|0|0,3|0|6|0|1
65,275|7,002|64,43|-1982,413|0|1|0|0|0|6|0|1
65,45|6,834|64,43|-1983,447|0|1|0|-0,1|0|6|0|1
65,625|6,658|64,78|-1984,482|0|1|0|-0,1|0|10|8|1
65,8|6,488|65,785|-1985,481|0|1|0|-0,1|1|6|3|1
65,975|6,329|66,267|-1986,482|0|1|0|-0,1|1|7|3|1
66,15|6,216|66,713|-1987,488|0|1|0|0|1|7|3|1
66,325|6,156|67,161|-1988,5|0|1|0|0|1|7|3|1
66,5|6,133|67,59|-1989,513|0|1|0|0|1|6|3|1
66,675|6,154|68,051|-1990,526|0|1|0|0|1|6|3|1
66,85|6,223|68,38|-1991,536|0|1|0|0,1|0|6|-1|1
67,025|6,331|67,761|-1992,544|0|1|0|0,1|1|7|-4|1
67,2|6,483|67,442|-1993,546|0|1|0|0,1|1|6|2|1
67,375|6,657|67,865|-1994,544|0|1|0|0,1|1|6|3|1
67,55|6,836|68,336|-1995,541|0|1|0|0,1|0|6|2|1
67,725|7,015|68,221|-1996,539|0|1|0|0,1|0|7|-4|1
67,9|7,178|67,637|-1997,538|0|1|0|0,1|1|6|0|1
68,075|7,299|67,924|-1998,544|0|1|0|0|1|6|3|1
68,25|7,367|68,278|-1999,555|0|1|0|0|0|6|-1|1
68,425|7,414|67,758|-2000,567|0|1|0|0|1|7|-4|1
68,6|7,448|67,522|-2001,58|0|1|0|0|1|6|2|1
68,775|7,475|67,95|-2002,593|0|1|0|0|0|6|1|1
68,95|7,5|67,692|-2003,606|0|1|0|0|0|8|-5|1
69,125|7,521|67,297|-2004,619|0|1|0|0|1|6|1|1
69,3|7,539|67,733|-2005,632|0|1|0|0|1|6|2|1
69,475|7,553|67,634|-2006,646|0|1|0|0|0|7|-4|1
69,65|7,566|66,827|-2007,659|0|1|0|0|1|6|-2|1
69,825|7,575|66,868|-2008,672|0|1|0|0|1|7|4|1
70|7,582|67,041|-2009,685|0|1|0|0|0|6|-3|1
70,175|7,59|66,22|-2010,698|0|1|0|0|1|8|-5|1
70,35|7,597|65,732|-2011,712|0|1|0|0|1|6|1|1
70,525|7,604|66,091|-2012,725|0|1|0|0|1|7|3|1
70,7|7,611|66,567|-2013,738|0|1|0|0|1|6|2|1
70,875|7,618|66,999|-2014,751|0|1|0|0|1|7|4|1
71,05|7,624|67,489|-2015,764|0|1|0|0|0|6|2|1
71,226|7,631|67,371|-2016,777|0|1|0|0|0|7|-4|1
71,401|7,637|66,548|-2017,791|0|1|0|0|1|6|-2|1
71,576|7,643|66,575|-2018,804|0|1|0|0|1|7|3|1
71,751|7,649|67,05|-2019,817|0|1|0|0|1|6|2|1
71,926|7,655|67,299|-2020,83|0|1|0|0|0|6|-2|1
72,101|7,662|66,61|-2021,843|0|1|0|0|0|9|-7|1
72,276|7,668|65,545|-2022,857|0|1|0|0|1|6|-3|1
72,451|7,674|65,513|-2023,87|0|1|0|0|1|7|3|1
72,626|7,68|65,984|-2024,883|0|1|0|0|1|6|2|1
72,801|7,686|66,423|-2025,896|0|1|0|0|1|6|2|1
72,976|7,693|66,867|-2026,909|0|1|0|0|1|7|3|1
73,151|7,699|67,334|-2027,922|0|1|0|0|1|6|2|1
73,326|7,705|67,737|-2028,936|0|1|0|0|1|6|3|1
73,501|7,711|68,252|-2029,949|0|1|0|0|0|6|2|1
73,676|7,717|68,185|-2030,962|0|1|0|0|0|7|-4|1
73,851|7,723|67,166|-2031,975|0|1|0|0|0|10|-9|1
74,026|7,73|65,348|-2032,988|0|1|0|0|0|14|-13|1
74,201|7,736|64,43|-2034,018|0|1|0|0|0|6|0|1
74,376|7,742|64,43|-2035,068|0|1|0|0|0|6|0|1
74,551|7,749|64,43|-2036,118|0|1|0|0|0|6|0|1
74,726|7,755|65,084|-2037,16|0|1|0|0|0|9|7|1
74,901|7,761|65,875|-2038,173|0|1|0|0|1|7|4|1
75,076|7,768|66,374|-2039,187|0|1|0|0|0|6|2|1
75,251|7,774|66,263|-2040,2|0|1|0|0|0|7|-4|1
75,426|7,78|65,205|-2041,213|0|1|0|0|1|9|-7|1
75,601|7,786|64,519|-2042,226|0|1|0|0|1|6|0|1
75,776|7,792|64,792|-2043,239|0|1|0|0|0|6|1|1
75,951|7,798|64,483|-2044,252|0|1|0|0|0|8|-5|1
76,126|7,805|64,045|-2045,266|0|1|0|0|1|6|1|1
76,301|7,811|64,445|-2046,279|0|1|0|0|1|6|2|1
76,476|7,817|64,898|-2047,292|0|1|0|0|1|7|3|1
76,651|7,823|65,358|-2048,305|0|1|0|0|1|6|2|1
76,826|7,829|65,82|-2049,318|0|1|0|0|0|6|1|1
77,001|7,836|65,59|-2050,332|0|1|0|0|0|7|-5|1
77,176|7,842|65,217|-2051,345|0|1|0|0|1|6|1|1
77,351|7,848|65,673|-2052,358|0|1|0|0|1|6|2|1
77,526|7,854|66,113|-2053,371|0|1|0|0|1|6|2|1
77,701|7,859|66,536|-2054,384|0|1|0|0|1|7|3|1
77,876|7,862|67,004|-2055,397|0|1|0|0|0|6|2|1
78,051|7,865|66,943|-2056,411|0|1|0|0|0|7|-4|1
78,226|7,868|66,168|-2057,424|0|1|0|0|1|6|-2|1
78,401|7,871|66,235|-2058,437|0|1|0|0|1|7|4|1
78,576|7,873|66,744|-2059,45|0|1|0|0|1|6|2|1
78,751|7,874|67,205|-2060,463|0|1|0|0|1|7|3|1
78,926|7,875|67,348|-2061,477|0|1|0|0|0|6|-3|1
79,101|7,876|66,501|-2062,49|0|1|0|0|1|8|-5|1
79,276|7,877|65,992|-2063,503|0|1|0|0|1|6|1|1
79,451|7,878|66,295|-2064,516|0|1|0|0|0|6|0|1
79,626|7,879|65,853|-2065,529|0|1|0|0|1|7|-3|1
79,801|7,879|65,683|-2066,542|0|1|0|0|1|6|2|1
79,976|7,88|66,147|-2067,556|0|1|0|0|1|7|3|1
80,151|7,881|66,594|-2068,569|0|1|0|0|1|6|2|1
80,326|7,882|67,028|-2069,582|0|1|0|0|1|6|2|1
80,501|7,883|67,453|-2070,595|0|1|0|0|1|7|3|1
80,676|7,884|67,887|-2071,608|0|1|0|0|1|6|3|1
80,852|7,885|67,956|-2072,622|0|1|0|0|0|7|-3|1
81,027|7,886|67,834|-2073,635|0|1|0|0|1|6|3|1
81,202|7,887|68,305|-2074,648|0|1|0|0|1|7|3|1
81,377|7,887|68,662|-2075,661|0|1|0|0|0|6|-1|1
81,552|7,888|68,229|-2076,674|0|1|0|0|1|6|-2|1
81,727|7,889|68,363|-2077,688|0|1|0|0|1|6|2|1
81,902|7,89|68,69|-2078,701|0|1|0|0|0|6|-1|1
82,077|7,891|68,153|-2079,714|0|1|0|0|1|7|-4|1
82,252|7,892|67,902|-2080,727|0|1|0|0|1|6|2|1
82,427|7,893|68,335|-2081,74|0|1|0|0|1|7|4|1
82,602|7,894|68,522|-2082,753|0|1|0|0|1|6|0|1
82,777|7,895|68,795|-2083,767|0|1|0|0|1|6|3|1
82,952|7,895|69,212|-2084,78|0|1|0|0|0|6|0|1
83,127|7,896|68,846|-2085,793|0|1|0|0|1|6|-1|1
83,302|7,897|69,037|-2086,806|0|1|0|0|1|6|2|1
83,477|7,898|69,264|-2087,819|0|1|0|0|0|6|-2|1
83,652|7,899|68,56|-2088,833|0|1|0|0|1|7|-5|1
83,827|7,9|68,169|-2089,846|0|1|0|0|1|6|1|1
84,002|7,901|68,531|-2090,859|0|1|0|0|0|6|0|1
84,177|7,902|68,083|-2091,872|0|1|0|0|0|8|-6|1
84,352|7,902|66,985|-2092,885|0|1|0|0|1|7|-4|1
84,527|7,903|66,701|-2093,898|0|1|0|0|0|6|-2|1
84,702|7,904|65,931|-2094,912|0|1|0|0|0|9|-7|1
84,877|7,905|64,404|-2095,925|0|1|0|0|1|9|-7|1
85,052|7,906|63,622|-2096,938|0|1|0|0|1|6|-1|1
85,227|7,907|63,656|-2097,951|0|1|0|0|0|6|-2|1
85,402|7,908|63,016|-2098,964|0|1|0|0|1|6|-3|1
85,577|7,906|62,977|-2099,978|0|1|0|0|1|7|3|1
85,752|7,903|63,459|-2100,991|0|1|0|0|1|6|2|1
85,927|7,9|63,716|-2102,004|0|1|0|0|0|6|-2|1
86,102|7,897|63,034|-2103,017|0|1|0|0|0|9|-7|1
86,277|7,893|61,74|-2104,03|0|1|0|0|1|7|-5|1
86,452|7,89|61,373|-2105,043|0|1|0|0|1|6|1|1
86,627|7,886|61,833|-2106,057|0|1|0|0|1|6|2|1
86,802|7,883|62,271|-2107,07|0|1|0|0|1|6|2|1
86,977|7,879|62,718|-2108,083|0|1|0|0|1|6|2|1
87,152|7,875|63,136|-2109,096|0|1|0|0|1|6|3|1
87,327|7,872|63,596|-2110,109|0|1|0|0|1|6|2|1
87,502|7,868|64,017|-2111,123|0|1|0|0|1|7|4|1
87,677|7,865|64,5|-2112,136|0|1|0|0|1|6|2|1
87,852|7,861|64,917|-2113,149|0|1|0|0|1|6|3|1
88,027|7,858|65,387|-2114,162|0|1|0|0|1|6|2|1
88,202|7,854|65,811|-2115,175|0|1|0|0|1|6|3|1
88,377|7,851|66,299|-2116,188|0|1|0|0|1|7|3|1
88,552|7,847|66,74|-2117,202|0|1|0|0|1|7|3|1
88,727|7,844|67,191|-2118,215|0|1|0|0|0|6|2|1
88,902|7,84|67,058|-2119,228|0|1|0|0|0|7|-4|1
89,077|7,837|65,982|-2120,241|0|1|0|0|0|11|-9|1
89,252|7,833|64,429|-2121,254|0|1|0|0|0|6|0|1
89,427|7,829|64,43|-2122,299|0|1|0|0|0|6|0|1
89,602|7,826|64,43|-2123,349|0|1|0|0|0|6|0|1
89,777|7,822|64,43|-2124,398|0|1|0|0|0|6|0|1
89,952|7,818|64,43|-2125,448|0|1|0|0|0|6|0|1
90,127|7,815|64,43|-2126,498|0|1|0|0|0|6|0|1
90,303|7,811|64,43|-2127,548|0|1|0|0|0|6|0|1
90,478|7,807|64,43|-2128,598|0|1|0|0|0|6|0|1
90,653|7,887|64,43|-2129,613|0|1|0|0,1|0|6|0|1
90,828|8,661|64,43|-2130,177|0|0,9|0|0,5|0|6|0|1
91,003|9,7|64,43|-2130,203|0|0,7|0|0,7|0|6|0|1
91,178|10,75|64,43|-2130,207|0|0,7|0|0,7|0|6|0|1
91,353|11,8|64,43|-2130,211|0|0,7|0|0,7|0|6|0|1
91,528|12,85|64,43|-2130,215|0|0,7|0|0,7|0|6|0|1
91,703|13,899|64,43|-2130,244|0|0,7|0|0,7|0|6|0|1
91,878|14,932|64,43|-2130,417|0|0,8|0|0,6|0|6|0|1
92,053|15,901|64,43|-2130,812|0|0,8|0|0,5|0|6|0|1
92,228|16,548|64,43|-2131,215|0|0,9|0|0,5|0|1|0|1
92,403|16,574|64,43|-2131,233|0|0,9|0|0,5|0|0|0|1
92,578|16,574|64,43|-2131,233|0|0,9|0|0,5|0|0|0|1
92,753|16,574|64,43|-2131,233|0|0,9|0|0,5|0|0|0|1
92,928|16,574|64,43|-2131,233|0|0,9|0|0,5|0|0|0|1
93,103|16,574|64,43|-2131,233|0|0,9|0|0,5|0|0|0|1
93,278|16,574|64,43|-2131,233|0|0,9|0|0,5|0|0|0|1
93,453|16,574|64,43|-2131,233|0|0,9|0|0,5|0|0|0|1
93,628|16,574|64,43|-2131,233|0|0,9|0|0,5|0|0|0|1
93,803|16,574|64,43|-2131,233|0|0,9|0|0,5|0|0|0|1
93,978|16,574|64,43|-2131,233|0|0,9|0|0,5|0|0|0|1
94,153|16,574|64,43|-2131,233|0|0,9|0|0,5|0|0|0|1
94,328|16,574|64,43|-2131,233|0|0,9|0|0,5|0|0|0|1
94,503|16,574|64,43|-2131,233|0|0,9|0|0,5|0|0|0|1
94,678|16,574|64,43|-2131,233|0|0,9|0|0,5|0|0|0|1
94,853|16,574|64,43|-2131,233|0|0,9|0|0,5|0|0|0|1
95,028|16,574|64,43|-2131,233|0|0,9|0|0,5|0|0|0|1
95,203|16,574|64,43|-2131,233|0|0,9|0|0,5|0|0|0|1
95,378|16,494|64,43|-2131,148|0|0,6|0|0,8|0|5|0|1
95,553|15,832|64,43|-2130,427|0|-0,2|0|1|0|6|0|1
95,728|15,126|64,43|-2129,652|0|-0,3|0|0,9|0|6|0|1
95,903|14,42|64,43|-2128,874|0|-0,4|0|0,9|0|6|0|1
96,078|13,716|64,43|-2128,095|0|-0,4|0|0,9|0|6|0|1
96,253|13,011|64,43|-2127,316|0|-0,4|0|0,9|0|6|0|1
96,428|12,306|64,43|-2126,537|0|-0,4|0|0,9|0|6|0|1
96,603|11,6|64,43|-2125,761|0|-0,4|0|0,9|0|6|0|1
96,778|10,857|64,43|-2125,019|0|-0,4|0|0,9|0|6|0|1
96,953|10,041|64,43|-2124,36|0|-0,4|0|0,9|0|6|0|1
97,128|9,157|64,43|-2123,796|0|-0,5|0|0,9|0|6|0|1
97,303|8,187|64,43|-2123,404|0|-0,6|0|0,8|0|6|0|1
97,478|7,15|64,43|-2123,339|0|-0,7|0|0,7|0|6|0|1
97,653|6,175|64,43|-2123,695|0|-0,8|0|0,6|0|6|0|1
97,828|5,385|64,43|-2124,375|0|0,9|0|-0,4|0|6|0|1
98,003|4,824|64,43|-2125,257|0|1|0|-0,3|0|6|0|1
98,178|4,485|64,43|-2126,247|0|1|0|-0,2|0|6|0|1
98,353|4,315|64,43|-2127,282|0|1|0|-0,1|0|6|0|1
98,528|4,236|64,43|-2128,328|0|1|0|0|0|6|0|1
98,703|4,265|64,43|-2129,377|0|1|0|0|0|3|0|1
98,878|4,279|64,43|-2129,539|0|1|0|0|0|0|0|1
99,053|4,279|64,43|-2129,541|0|1|0|0|0|0|0|1
99,228|4,279|64,43|-2129,541|0|1|0|0|0|0|0|1
99,403|4,279|64,43|-2129,541|0|1|0|0|0|0|0|1
99,578|4,279|64,43|-2129,541|0|1|0|0|0|0|0|1
99,753|4,279|64,43|-2129,541|0|1|0|0|0|0|0|1
99,929|4,279|64,43|-2129,541|0|1|0|0|0|0|0|1
100,104|4,279|64,43|-2129,541|0|1|0|0|0|0|0|1
100,279|4,279|64,43|-2129,541|0|1|0|0|0|0|0|1