0|2,618|-13,642|91,78|0|1|0|0|0|1|-1|1
0,175|2,618|-14,234|91,78|0|1|0|0|0|7|-7|1
0,35|2,618|-14,635|91,78|0|1|0|0|0|0|0|1
0,525|2,618|-14,635|91,78|0|1|0|0|0|0|0|1
0,7|2,618|-14,635|91,78|0|1|0|0|0|0|0|1
0,875|2,618|-14,635|91,78|0|1|0|0|0|0|0|1
1,05|2,618|-14,635|91,78|0|1|0|0|0|0|0|1
1,225|2,618|-14,635|91,78|0|1|0|0|0|0|0|1
1,4|2,618|-14,635|91,78|0|1|0|0|0|0|0|1
1,575|2,618|-14,635|91,78|0|1|0|0|0|0|0|1
1,75|2,618|-14,635|91,78|0|1|0|0|0|0|0|1
1,925|2,618|-14,635|91,78|0|1|0|0|0|0|0|1
2,1|2,618|-14,635|91,78|0|1|0|0|0|0|0|1
2,275|2,618|-14,635|91,78|0|1|0|0|0|0|0|1
2,45|2,618|-14,635|91,78|0|1|0|0|0|0|0|1
2,625|2,618|-14,635|91,78|0|1|0|0|0|0|0|1
2,8|2,618|-14,635|91,78|0|1|0|0|0|0|0|1
2,975|2,618|-14,635|91,78|0|1|0|0|0|0|0|1
3,15|2,618|-14,635|91,78|0|1|0|0|0|0|0|1
3,325|2,618|-14,635|91,78|0|1|0|0|0|0|0|1
3,5|2,651|-14,635|91,667|0|1|0|0|0|5|0|1
3,675|2,966|-14,635|90,741|0|1|0|0,1|0|6|0|1
3,85|3,325|-14,635|89,756|0|1|0|0,2|0|6|0|1
4,025|3,683|-14,635|88,769|0|1|0|0,2|0|6|0|1
4,2|3,987|-14,635|87,765|0|1|0|0,1|0|6|0|1
4,375|4,151|-14,635|86,729|0|1|0|0,1|0|6|0|1
4,55|4,18|-14,635|85,68|0|1|0|0|0|6|0|1
4,725|4,101|-14,635|84,634|0|1|0|0|0|6|0|1
4,9|3,963|-14,635|83,593|0|1|0|-0,1|0|6|0|1
5,075|3,785|-14,635|82,559|0|1|0|-0,1|0|6|0|1
5,25|3,556|-14,635|81,534|0|1|0|-0,1|0|6|0|1
5,425|3,252|-14,635|80,53|0|1|0|-0,2|0|6|0|1
5,6|2,394|-14,635|80,004|0|0,9|0|-0,5|0|6|0|1
5,775|1,602|-14,635|79,416|0|0,9|0|-0,4|0|6|0|1
5,95|1,218|-14,635|78,448|0|1|0|-0,2|0|3|0|1
6,125|1,161|-14,635|78,296|0|1|0|-0,2|0|3|0|1
6,3|2,014|-14,635|78,055|0|0,9|0|0,5|0|6|0|1
6,475|3,016|-14,635|77,884|0|0,7|0|0,7|0|6|0|1
6,65|3,927|-14,635|78,366|0|0,5|0|0,8|0|6|0|1
6,825|4,536|-14,635|79,12|0|0,3|0|1|0|6|0|1
7|4,788|-14,635|80,135|0|0,1|0|1|0|6|0|1
7,175|4,909|-14,635|81,177|0|0,1|0|1|0|6|0|1
7,35|4,934|-14,635|81,939|0|0|0|1|0|1|0|1
7,525|4,935|-14,635|81,971|0|0|0|1|0|0|0|1
7,7|4,935|-13,982|81,971|0|0|0|1|0|7|7|1
7,875|4,935|-13,191|81,971|0|0|0|1|1|4|4|1
8,05|5,281|-12,692|81,964|0|0,5|0|0,9|1|6|2|1
8,225|6,294|-12,237|81,938|0|0,7|0|0,7|1|6|2|1
8,4|7,306|-11,799|81,9|0|0,7|0|0,7|1|6|2|1
8,575|8,318|-11,378|81,844|0|0,7|0|0,7|1|7|3|1
8,75|9,025|-10,924|81,192|0|1|0|0,1|1|7|4|1
8,925|9,121|-10,424|80,19|0|1|0|-0,1|1|6|2|1
9,1|8,957|-9,965|79,191|0|1|0|-0,1|1|6|2|1
9,275|8,712|-9,531|78,208|0|1|0|-0,1|1|7|4|1
9,45|8,444|-9,021|77,231|0|1|0|-0,1|1|6|2|1
9,625|8,17|-8,563|76,255|0|1|0|-0,1|1|7|3|1
9,8|7,893|-8,112|75,281|0|1|0|-0,1|1|6|3|1
9,975|7,604|-7,646|74,31|0|1|0|-0,1|1|6|2|1
10,15|6,958|-7,226|73,543|0|0,9|0|-0,5|1|7|3|1
10,325|6,112|-6,795|72,987|0|-0,9|0|0,5|1|6|3|1
10,5|5,224|-6,301|72,499|0|-0,9|0|0,5|1|7|3|1
10,675|4,436|-5,85|71,884|0|1|0|-0,3|1|6|3|1
10,85|3,963|-5,395|70,99|0|1|0|-0,2|1|6|2|1
11,025|3,631|-4,971|70,033|0|1|0|-0,1|1|6|3|1
11,2|3,374|-4,583|69,053|0|1|0|-0,1|0|6|0|1
11,375|3,155|-5,063|68,064|0|1|0|-0,1|0|8|-6|1
11,55|2,975|-6,428|67,067|0|1|0|-0,1|0|12|-10|1
11,725|2,872|-6,976|66,043|0|1|0|0|0|6|0|1
11,9|2,835|-6,976|64,994|0|1|0|0|0|6|0|1
12,075|2,801|-6,976|63,945|0|1|0|0|0|6|0|1
12,25|2,767|-6,976|62,896|0|1|0|0|0|6|0|1
12,425|2,733|-6,976|61,846|0|1|0|0|0|6|0|1
12,6|2,699|-6,976|60,797|0|1|0|0|0|6|0|1
12,775|2,665|-6,976|59,747|0|1|0|0|0|6|0|1
12,95|2,631|-6,976|58,698|0|1|0|0|0|6|0|1
13,125|2,597|-6,976|57,648|0|1|0|0|0|6|0|1
13,3|2,564|-6,975|56,599|0|1|0|0|0|6|0|1
13,475|2,53|-6,975|55,549|0|1|0|0|0|6|0|1
13,65|2,496|-6,975|54,5|0|1|0|0|0|6|0|1
13,825|2,472|-6,975|53,45|0|1|0|0|0|6|0|1
14|2,476|-6,975|52,4|0|1|0|0|0|6|0|1
14,175|2,491|-6,975|51,35|0|1|0|0|0|6|0|1
14,35|2,512|-6,975|50,301|0|1|0|0|0|6|0|1
14,525|2,538|-6,975|49,251|0|1|0|0|0|6|0|1
14,7|2,566|-6,975|48,201|0|1|0|0|0|6|0|1
14,875|2,593|-5,867|47,174|0|1|0|0|0|7|4|1
15,05|2,619|-5,325|46,161|0|1|0|0|1|7|3|1
15,225|2,646|-4,873|45,148|0|1|0|0|1|6|3|1
15,4|2,672|-4,402|44,135|0|1|0|0|1|6|2|1
15,575|2,699|-4,06|43,122|0|1|0|0|0|6|-1|1
15,75|2,725|-4,492|42,109|0|1|0|0|1|6|-2|1
15,925|2,752|-4,357|41,096|0|1|0|0|1|6|2|1
16,1|2,778|-3,94|40,083|0|1|0|0|1|7|3|1
16,275|2,805|-3,565|39,07|0|1|0|0|0|6|-1|1
16,45|2,831|-4,048|38,058|0|1|0|0|0|8|-6|1
16,625|2,857|-4,633|37,045|0|1|0|0|1|6|0|1
16,8|2,873|-4,275|36,032|0|1|0|0|1|7|3|1
16,975|2,857|-4,139|35,018|0|1|0|0|0|6|-3|1
17,15|2,81|-4,515|34,006|0|1|0|0|1|6|1|1
17,325|2,731|-4,133|32,996|0|1|0|0|1|6|2|1
17,5|2,64|-3,682|31,987|0|1|0|0|0|6|1|1
17,675|2,547|-3,901|30,978|0|1|0|0|1|6|0|1
17,85|2,452|-3,646|29,969|0|1|0|0|1|7|3|1
18,025|2,357|-3,195|28,961|0|1|0|0|1|6|3|1
18,2|2,264|-3,116|27,951|0|1|0|0|0|7|-3|1
18,375|2,196|-4,013|26,941|0|1|0|0|0|10|-8|1
18,55|2,169|-5,729|25,928|0|1|0|0|0|14|-12|1
18,725|2,179|-6,978|24,905|0|1|0|0|0|6|0|1
18,9|2,218|-6,978|23,857|0|1|0|0|0|6|0|1
19,075|2,258|-6,978|22,807|0|1|0|0|0|6|0|1
19,25|2,288|-6,978|21,758|0|1|0|0|0|6|0|1
19,425|2,251|-6,978|20,709|0|1|0|0|0|6|0|1
19,6|2,153|-6,978|19,664|0|1|0|0|0|6|0|1
19,775|2,013|-6,978|18,623|0|1|0|-0,1|0|6|0|1
19,95|1,833|-6,978|17,589|0|1|0|-0,1|0|6|0|1
20,125|1,621|-6,978|16,561|0|1|0|-0,1|0|6|0|1
20,3|1,378|-6,978|15,539|0|1|0|-0,1|0|6|0|1
20,475|1,119|-6,978|14,521|0|1|0|-0,1|0|6|0|1
20,65|0,674|-6,978|13,642|0|0,9|0|-0,3|0|6|0|1
20,825|-0,218|-6,978|13,105|0|0,9|0|-0,5|0|6|0|1
21|-1,129|-6,978|12,583|0|0,9|0|-0,5|0|6|0|1
21,175|-1,49|-6,978|11,642|0|1|0|-0,2|0|6|0|1
21,35|-1,683|-6,978|10,612|0|1|0|-0,1|0|6|0|1
21,525|-1,822|-6,978|9,571|0|1|0|-0,1|0|6|0|1
21,7|-1,959|-6,978|8,53|0|1|0|-0,1|0|6|0|1
21,875|-2,094|-6,324|7,496|0|1|0|-0,1|0|9|7|1
22,05|-2,225|-5,533|6,491|0|1|0|-0,1|1|7|4|1
22,225|-2,357|-5,034|5,487|0|1|0|-0,1|1|6|2|1
22,4|-2,488|-5,152|4,482|0|1|0|-0,1|0|7|-4|1
22,575|-2,619|-5,975|3,477|0|1|0|-0,1|1|6|-2|1
22,75|-2,751|-5,947|2,473|0|1|0|-0,1|1|7|3|1
22,925|-2,882|-5,553|1,468|0|1|0|-0,1|0|6|-1|1
23,1|-3,013|-6,049|0,463|0|1|0|-0,1|0|8|-6|1
23,275|-3,121|-7,188|-0,544|0|1|0|0|1|7|-4|1
23,45|-3,162|-7,425|-1,556|0|1|0|0|1|6|2|1
23,625|-3,155|-6,997|-2,57|0|1|0|0|1|7|3|1
23,8|-3,112|-6,542|-3,582|0|1|0|0|1|6|2|1
23,975|-3,041|-6,118|-4,593|0|1|0|0|1|6|3|1
24,15|-2,95|-5,658|-5,602|0|1|0|0,1|1|7|4|1
24,325|-2,819|-5,224|-6,606|0|1|0|0,1|0|6|0|1
24,5|-2,635|-5,687|-7,603|0|1|0|0,1|0|8|-6|1
24,675|-2,353|-6,982|-8,575|0|1|0|0,2|0|6|0|1
24,85|-1,693|-6,981|-9,363|0|0,9|0|0,4|0|6|0|1
25,025|-0,748|-6,981|-9,788|0|0,8|0|0,6|0|6|0|1
25,2|0,292|-6,981|-9,858|0|0,7|0|0,7|0|6|0|1
25,375|1,314|-6,981|-9,638|0|0,6|0|0,8|0|6|0|1
25,55|2,262|-6,981|-9,195|0|0,5|0|0,8|0|6|0|1
25,725|3,103|-6,981|-8,57|0|0,4|0|0,9|0|6|0|1
25,9|3,469|-6,327|-7,691|0|0,1|0|1|0|9|7|1
26,075|3,419|-5,536|-6,68|0|-0,1|0|1|1|7|4|1
26,25|3,184|-5,037|-5,696|0|-0,2|0|1|1|6|2|1
26,425|2,833|-4,582|-4,746|0|-0,2|0|1|1|6|2|1
26,6|2,818|-4,144|-3,741|0|0,1|0|1|1|6|2|1
26,775|3,061|-3,723|-2,758|0|0,2|0|1|1|7|3|1
26,95|3,346|-3,635|-1,785|0|0,1|0|1|0|7|-3|1
27,125|3,628|-4,444|-0,812|0|0,1|0|1|1|7|-3|1
27,3|3,8|-4,625|0,17|0|0,1|0|1|1|6|2|1
27,475|3,949|-4,169|1,171|0|0,1|0|1|1|6|3|1
27,65|4,255|-4,092|2,136|0|0,3|0|1|0|7|-3|1
27,825|4,757|-4,992|3,012|0|0,5|0|0,9|0|10|-8|1
28|5,508|-6,709|3,685|0|0,7|0|0,8|0|6|0|1
28,175|6,464|-6,981|3,65|0|0,8|0|0,6|0|6|0|1
28,35|7,358|-6,981|3,113|0|0,9|0|0,5|0|6|0|1
28,525|8,121|-6,981|2,395|0|0,9|0|0,4|0|6|0|1
28,7|8,663|-6,981|1,506|0|1|0|0,2|0|6|0|1
28,875|8,831|-6,981|0,48|0|1|0|0,1|0|6|0|1
29,05|8,73|-6,075|-0,548|0|1|0|-0,1|0|8|6|1
29,225|8,579|-5,41|-1,55|0|1|0|-0,1|1|6|2|1
29,4|8,403|-4,977|-2,548|0|1|0|-0,1|1|6|3|1
29,575|8,22|-4,514|-3,544|0|1|0|-0,1|1|7|3|1
29,75|8,026|-4,083|-4,539|0|1|0|-0,1|0|6|1|1
29,925|7,821|-4,401|-5,531|0|1|0|-0,1|0|8|-5|1
30,1|7,609|-5,155|-6,522|0|1|0|-0,1|1|6|-1|1
30,275|7,391|-4,927|-7,512|0|1|0|-0,1|1|6|2|1
30,45|7,175|-4,5|-8,501|0|1|0|-0,1|0|6|1|1
30,625|6,967|-4,773|-9,493|0|1|0|-0,1|0|8|-5|1
30,8|6,762|-5,965|-10,485|0|1|0|-0,1|0|11|-10|1
30,975|6,558|-6,981|-11,488|0|1|0|-0,1|0|6|0|1
31,15|6,339|-6,981|-12,514|0|1|0|-0,1|0|6|0|1
31,325|6,092|-6,981|-13,534|0|1|0|-0,1|0|6|0|1
31,5|5,838|-6,981|-14,553|0|1|0|-0,1|0|6|0|1
31,675|5,038|-6,981|-15,168|0|0,9|0|-0,4|0|6|0|1
31,85|4,14|-6,981|-15,711|0|0,9|0|-0,5|0|6|0|1
32,025|3,33|-6,981|-16,325|0|0,9|0|-0,4|0|6|0|1
32,2|3,098|-6,981|-17,327|0|1|0|-0,1|0|6|0|1
32,375|2,916|-6,981|-18,361|0|1|0|-0,1|0|6|0|1
32,55|2,75|-6,981|-19,397|0|1|0|-0,1|0|6|0|1
32,725|2,682|-6,981|-20,444|0|1|0|0|0|6|0|1
32,9|2,698|-6,981|-21,494|0|1|0|0|0|6|0|1
33,075|2,725|-6,981|-22,544|0|1|0|0|0|6|0|1
33,25|2,754|-6,981|-23,593|0|1|0|0|0|6|0|1
33,425|2,782|-6,981|-24,643|0|1|0|0|0|6|0|1
33,6|2,788|-6,981|-25,693|0|1|0|0|0|6|0|1
33,775|2,779|-6,981|-26,743|0|1|0|0|0|6|0|1
33,95|2,756|-6,981|-27,792|0|1|0|0|0|12|10|1
34,125|2,732|-5,726|-28,813|0|1|0|0|0|6|3|1
34,3|2,703|-5,213|-29,826|0|1|0|0|1|6|2|1
34,475|2,665|-4,777|-30,838|0|1|0|0|1|6|2|1
34,65|2,62|-4,348|-31,85|0|1|0|0|1|6|3|1
34,825|2,572|-3,881|-32,862|0|1|0|0|1|6|2|1
35|2,523|-3,459|-33,874|0|1|0|0|1|6|3|1
35,175|2,474|-2,946|-34,887|0|1|0|0|1|6|2|1
35,35|2,424|-2,51|-35,899|0|1|0|0|1|6|2|1
35,525|2,38|-2,068|-36,809|0|1|0|0|1|5|3|1
35,7|2,343|-1,547|-37,571|0|1|0|0|1|4|2|1
35,875|2,311|-1,114|-38,209|0|1|0|0|1|5|4|1
36,05|2,285|-0,615|-38,743|0|1|0|0|1|3|2|1
36,225|2,263|-0,164|-39,189|0|1|0|0|1|3|2|1
36,4|2,245|0,272|-39,563|0|1|0|0|1|4|2|1
36,575|2,2|0,692|-40,477|0|1|0|0|1|7|3|1
36,75|2,151|1,148|-41,489|0|1|0|0|1|7|4|1
36,925|2,101|1,646|-42,501|0|1|0|0|1|6|2|1
37,1|2,052|2,093|-43,513|0|1|0|0|1|6|2|1
37,275|2,002|2,515|-44,525|0|1|0|0|0|7|3|1
37,45|1,993|2,899|-44,727|0|1|0|0|0|2|2|1
37,625|1,993|3,249|-44,727|0|1|0|0|0|2|2|1
37,8|1,993|3,599|-44,727|0|1|0|0|0|2|2|1
37,975|1,993|3,949|-44,727|0|1|0|0|0|2|2|1
38,15|1,993|4,299|-44,727|0|1|0|0|0|2|2|1
38,325|1,993|4,649|-44,727|0|1|0|0|0|2|2|1
38,5|1,993|4,999|-44,727|0|1|0|0|0|2|2|1
38,675|1,993|5,349|-44,727|0|1|0|0|0|2|2|1
38,85|1,993|5,7|-44,727|0|1|0|0|0|2|2|1
39,025|1,993|6,05|-44,727|0|1|0|0|0|2|2|1
39,2|1,993|6,4|-44,727|0|1|0|0|0|2|2|1
39,375|1,993|6,75|-44,727|0|1|0|0|0|2|2|1
39,55|1,993|7,1|-44,727|0|1|0|0|0|2|2|1
39,725|1,993|7,45|-44,727|0|1|0|0|0|2|2|1
39,9|1,993|7,8|-44,727|0|1|0|0|0|2|2|1
40,075|1,993|8,15|-44,727|0|1|0|0|0|2|2|1
40,25|1,993|8,5|-44,727|0|1|0|0|0|1|1|1
40,425|1,976|8,316|-45,059|0|1|0|0|0|5|1|1
40,6|1,954|8,327|-46,013|0|1|0|0|0|6|0|1
40,775|1,995|8,327|-47,061|0|1|0|0|0|6|0|1
40,95|2,096|8,677|-48,106|0|1|0|0|0|10|8|1
41,125|2,208|9,681|-49,113|0|1|0|0,1|1|6|3|1
41,3|2,321|10,164|-50,12|0|1|0|0,1|1|7|3|1
41,475|2,424|10,257|-51,128|0|1|0|0|0|7|-3|1
41,65|2,522|9,37|-52,136|0|1|0|0|0|10|-8|1
41,825|2,615|7,663|-53,145|0|1|0|0|1|11|-10|1
42|2,706|6,433|-54,154|0|1|0|0|1|7|-3|1
42,175|2,794|6,333|-55,164|0|1|0|0|1|6|3|1
42,35|2,881|6,722|-56,173|0|1|0|0|0|6|-1|1
42,525|2,964|6,217|-57,183|0|1|0|0|0|8|-6|1
42,7|3,036|4,83|-58,194|0|1|0|0|0|12|-11|1
42,875|3,094|2,705|-59,205|0|1|0|0|0|15|-14|1
43,05|3,133|-0,037|-60,218|0|1|0|0|0|18|-18|1
43,225|3,141|-3,297|-61,231|0|1|0|0|0|21|-20|1
43,4|3,117|-6,981|-62,244|0|1|0|0|0|6|0|1
43,575|3,035|-6,981|-63,285|0|1|0|0|0|6|0|1
43,75|2,937|-6,981|-64,33|0|1|0|0|0|6|0|1
43,925|2,882|-6,981|-65,378|0|1|0|0|0|6|0|1
44,1|2,887|-6,981|-66,428|0|1|0|0|0|6|0|1
44,275|2,903|-6,981|-67,478|0|1|0|0|0|6|0|1
44,45|2,917|-6,981|-68,528|0|1|0|0|0|6|0|1
44,625|2,908|-6,981|-69,578|0|1|0|0|0|6|0|1
44,8|2,872|-6,981|-70,627|0|1|0|0|0|6|0|1
44,975|2,829|-6,981|-71,676|0|1|0|0|0|6|0|1
45,15|2,783|-6,981|-72,725|0|1|0|0|0|6|0|1
45,325|2,736|-6,981|-73,774|0|1|0|0|0|6|0|1
45,5|2,688|-6,981|-74,823|0|1|0|0|0|6|0|1
45,675|2,639|-6,981|-75,872|0|1|0|0|0|6|0|1
45,85|2,59|-6,981|-76,921|0|1|0|0|0|6|0|1
46,025|2,542|-6,981|-77,97|0|1|0|0|0|6|0|1
46,2|2,493|-6,981|-79,019|0|1|0|0|0|6|0|1
46,375|2,445|-6,981|-80,068|0|1|0|0|0|6|0|1
46,55|2,397|-5,873|-81,095|0|1|0|0|0|7|4|1
46,725|2,35|-5,33|-82,107|0|1|0|0|1|7|3|1
46,9|2,304|-4,878|-83,119|0|1|0|0|1|6|3|1
47,075|2,257|-4,407|-84,131|0|1|0|0|1|6|2|1
47,25|2,215|-3,987|-85,143|0|1|0|0|1|7|3|1
47,425|2,184|-3,558|-86,156|0|1|0|0|1|6|3|1
47,6|2,167|-3,063|-87,169|0|1|0|0|1|7|3|1
47,775|2,165|-2,919|-88,183|0|1|0|0|0|6|-3|1
47,95|2,194|-3,763|-89,195|0|1|0|0,1|0|10|-8|1
48,125|2,489|-5,434|-90,16|0|0,9|0|0,4|0|13|-12|1
48,3|3,021|-6,978|-91,02|0|0,9|0|0,4|0|6|0|1
48,475|3,788|-6,978|-91,731|0|0,9|0|0,4|0|6|0|1
48,65|4,565|-6,324|-92,426|0|0,9|0|0,4|0|9|7|1
48,825|5,32|-5,533|-93,101|0|0,9|0|0,4|1|7|4|1
49|6,075|-5,034|-93,777|0|0,9|0|0,4|1|6|2|1
49,175|6,68|-4,58|-94,571|0|1|0|0,2|1|6|2|1
49,35|6,881|-4,141|-95,562|0|1|0|0|1|6|2|1
49,525|6,922|-3,72|-96,574|0|1|0|0|1|7|3|1
49,7|6,881|-3,266|-97,586|0|1|0|0|1|7|4|1
49,875|6,771|-2,767|-98,593|0|1|0|-0,1|1|6|2|1
50,05|6,589|-2,389|-99,59|0|1|0|-0,1|0|6|0|1
50,225|6,359|-2,815|-100,576|0|1|0|-0,2|0|8|-6|1
50,4|5,886|-4,136|-101,466|0|0,9|0|-0,5|0|12|-10|1
50,575|5,174|-6,206|-102,185|0|-0,8|0|0,5|0|15|-14|1
50,75|4,292|-6,978|-102,698|0|-0,8|0|0,6|0|6|0|1
50,925|3,578|-6,978|-103,356|0|0,9|0|-0,3|0|6|0|1
51,1|3,208|-5,87|-104,311|0|1|0|-0,2|0|7|4|1
51,275|2,949|-5,327|-105,289|0|1|0|-0,1|1|7|3|1
51,45|2,842|-4,876|-106,296|0|1|0|0|1|6|3|1
51,625|2,787|-4,405|-107,308|0|1|0|0|1|6|2|1
51,8|2,744|-3,984|-108,32|0|1|0|0|1|7|3|1
51,975|2,685|-3,555|-109,332|0|1|0|0|1|6|3|1
52,15|2,598|-3,06|-110,341|0|1|0|0|1|7|3|1
52,325|2,501|-2,608|-111,35|0|1|0|0|1|6|3|1
52,5|2,4|-2,128|-112,358|0|1|0|-0,1|1|6|2|1
52,675|2,299|-1,663|-113,366|0|1|0|-0,1|1|7|3|1
52,85|2,197|-1,201|-114,374|0|1|0|-0,1|1|6|3|1
53,025|2,096|-1,182|-115,382|0|1|0|-0,1|0|7|-3|1
53,2|2,002|-2,129|-116,391|0|1|0|0|0|10|-8|1
53,375|1,945|-3,887|-117,403|0|1|0|0|0|14|-12|1
53,55|1,92|-6,322|-118,416|0|1|0|0|0|17|-16|1
53,725|1,924|-6,981|-119,446|0|1|0|0|0|6|0|1
53,9|1,951|-6,981|-120,495|0|1|0|0|0|6|0|1
54,075|1,997|-6,981|-121,544|0|1|0|0|0|6|0|1
54,25|2,044|-6,981|-122,593|0|1|0|0|0|6|0|1
54,425|2,092|-6,981|-123,642|0|1|0|0|0|6|0|1
54,6|2,14|-6,981|-124,691|0|1|0|0|0|6|0|1
54,775|2,187|-6,981|-125,74|0|1|0|0|0|6|0|1
54,95|2,218|-6,981|-126,789|0|1|0|0|0|12|10|1
55,125|2,236|-5,726|-127,809|0|1|0|0|0|6|3|1
55,3|2,248|-5,213|-128,823|0|1|0|0|1|6|2|1
55,475|2,257|-4,777|-129,836|0|1|0|0|1|6|2|1
55,65|2,094|-4,348|-130,811|0|0,9|0|-0,4|1|6|3|1
55,825|1,226|-3,881|-131,298|0|-0,8|0|0,7|1|6|2|1
56|0,223|-3,459|-131,438|0|-0,7|0|0,7|1|6|3|1
56,175|-0,787|-2,946|-131,439|0|-0,6|0|0,8|1|6|2|1
56,35|-1,682|-2,51|-130,977|0|-0,4|0|0,9|1|6|2|1
56,525|-2,38|-2,068|-130,259|0|-0,2|0|1|1|6|3|1
56,7|-2,27|-1,547|-129,28|0|0,3|0|1|1|6|2|1
56,875|-1,71|-1,309|-128,437|0|0,4|0|0,9|0|6|-2|1
57,05|-1,071|-2,006|-127,651|0|0,4|0|0,9|0|9|-7|1
57,225|-0,397|-3,554|-126,894|0|0,4|0|0,9|0|13|-11|1
57,4|0,297|-5,813|-126,156|0|0,4|0|0,9|0|16|-15|1
57,575|1,014|-6,981|-125,426|0|0,4|0|0,9|0|6|0|1
57,75|1,773|-6,981|-124,703|0|0,4|0|0,9|0|6|0|1
57,925|2,063|-6,981|-124,255|0|0,3|0|1|0|0|0|1
58,1|2,068|-6,981|-124,244|0|0,3|0|1|0|0|0|1
58,275|2,044|-6,981|-124,529|0|0,8|0|0,6|0|5|0|1
58,45|1,962|-6,981|-125,544|0|1|0|0,1|0|6|0|1
58,625|1,888|-6,981|-126,591|0|1|0|0|0|6|0|1
58,8|1,841|-6,981|-127,64|0|1|0|0|0|6|0|1
58,975|1,821|-6,981|-128,69|0|1|0|0|0|6|0|1
59,15|1,806|-6,981|-129,74|0|1|0|0|0|6|0|1
59,325|1,792|-6,981|-130,789|0|1|0|0|0|6|0|1
59,5|1,777|-6,981|-131,839|0|1|0|0|0|12|10|1
59,675|1,763|-5,726|-132,86|0|1|0|0|0|6|3|1
59,85|1,749|-5,213|-133,873|0|1|0|0|1|6|2|1
60,025|1,734|-4,777|-134,886|0|1|0|0|1|6|2|1
60,2|1,72|-4,348|-135,899|0|1|0|0|1|6|3|1
60,375|1,706|-3,881|-136,913|0|1|0|0|1|6|2|1
60,55|1,692|-3,459|-137,926|0|1|0|0|1|6|3|1
60,725|1,678|-2,946|-138,939|0|1|0|0|1|6|2|1
60,9|1,664|-2,51|-139,952|0|1|0|0|1|6|2|1
61,075|1,65|-2,068|-140,965|0|1|0|0|1|6|3|1
61,25|1,639|-1,547|-141,978|0|1|0|0|1|6|2|1
61,425|1,646|-1,309|-142,992|0|1|0|0|0|6|-2|1
61,6|1,667|-2,006|-144,005|0|1|0|0|0|9|-7|1
61,775|1,696|-3,554|-145,018|0|1|0|0|0|13|-11|1
61,95|1,728|-5,813|-146,03|0|1|0|0|0|16|-15|1
62,125|1,778|-6,983|-147,052|0|1|0|0|0|6|0|1
62,3|1,87|-6,983|-148,097|0|1|0|0|0|6|0|1
62,475|1,962|-6,983|-149,143|0|1|0|0|0|6|0|1
62,65|2,049|-6,983|-150,189|0|1|0|0|0|6|0|1
62,825|2,079|-6,983|-150,557|0|1|0|0|0|0|0|1
63|2,08|-6,983|-150,563|0|1|0|0|0|0|0|1
63,175|2,08|-6,983|-150,563|0|1|0|0|0|0|0|1
63,35|2,08|-6,983|-150,563|0|1|0|0|0|0|0|1
63,525|2,08|-6,983|-150,563|0|1|0|0|0|0|0|1
63,7|2,08|-6,983|-150,563|0|1|0|0|0|0|0|1
63,875|2,08|-6,983|-150,563|0|1|0|0|0|0|0|1
64,05|2,08|-6,983|-150,563|0|1|0|0|0|0|0|1
64,225|2,08|-6,983|-150,563|0|1|0|0|0|0|0|1
64,4|2,127|-6,983|-151,242|0|1|0|0|0|6|0|1
64,575|2,198|-6,983|-152,284|0|1|0|0|0|6|0|1
64,75|2,269|-6,329|-153,324|0|1|0|0|0|9|7|1
64,925|2,335|-5,538|-154,335|0|1|0|0|1|7|4|1
65,1|2,382|-5,039|-155,347|0|1|0|0|1|6|2|1
65,275|2,412|-4,584|-156,36|0|1|0|0|1|6|2|1
65,45|2,426|-4,146|-157,373|0|1|0|0|1|6|2|1
65,625|2,429|-3,725|-158,386|0|1|0|0|1|7|3|1
65,8|2,422|-3,271|-159,399|0|1|0|0|1|7|4|1
65,975|2,409|-2,771|-160,413|0|1|0|0|1|6|2|1
66,15|2,387|-2,312|-161,426|0|1|0|0|1|6|2|1
66,325|2,35|-1,878|-162,438|0|1|0|0|1|7|4|1
66,5|2,306|-1,368|-163,45|0|1|0|0|1|6|2|1
66,675|2,262|-0,91|-164,463|0|1|0|0|1|7|3|1
66,85|2,221|-0,459|-165,475|0|1|0|0|1|6|3|1
67,025|2,181|0,007|-166,488|0|1|0|0|1|6|2|1
67,2|2,144|0,427|-167,5|0|1|0|0|1|7|3|1
67,375|2,11|0,858|-168,513|0|1|0|0|1|6|3|1
67,55|2,077|1,352|-169,526|0|1|0|0|1|7|3|1
67,725|2,045|1,803|-170,538|0|1|0|0|0|6|2|1
67,9|2,013|1,651|-171,551|0|1|0|0|0|7|-4|1
68,075|1,981|0,56|-172,564|0|1|0|0|0|11|-9|1
68,25|1,95|-1,317|-173,577|0|1|0|0|0|14|-13|1
68,425|1,918|-3,853|-174,589|0|1|0|0|0|17|-16|1
68,6|1,897|-6,939|-175,602|0|1|0|0|0|6|0|1
68,775|1,925|-6,981|-176,639|0|1|0|0|0|6|0|1
68,95|1,98|-6,981|-177,687|0|1|0|0|0|6|0|1
69,125|2,039|-6,981|-178,735|0|1|0|0|0|6|0|1
69,3|2,099|-6,981|-179,784|0|1|0|0|0|6|0|1
69,475|2,159|-6,981|-180,832|0|1|0|0|0|6|0|1
69,65|2,22|-6,981|-181,88|0|1|0|0|0|6|0|1
69,825|2,28|-6,981|-182,928|0|1|0|0|0|6|0|1
70|2,341|-6,981|-183,977|0|1|0|0|0|6|0|1
70,175|2,402|-6,981|-185,025|0|1|0|0|0|6|0|1
70,35|2,932|-6,981|-185,846|0|0,9|0|0,3|0|6|0|1
70,525|3,712|-6,981|-186,546|0|0,9|0|0,4|0|6|0|1
70,7|4,497|-6,981|-187,244|0|0,9|0|0,4|0|6|0|1
70,875|5,281|-6,981|-187,942|0|0,9|0|0,4|0|6|0|1
71,05|5,453|-6,981|-188,936|0|1|0|0,1|0|6|0|1
71,226|5,51|-6,981|-189,984|0|1|0|0|0|6|0|1
71,401|5,559|-6,981|-191,033|0|1|0|0|0|6|0|1
71,576|5,604|-6,327|-192,074|0|1|0|0|0|9|7|1
71,751|5,645|-5,536|-193,087|0|1|0|0|1|7|4|1
71,926|5,677|-5,037|-194,099|0|1|0|0|1|6|2|1
72,101|5,69|-4,582|-195,112|0|1|0|0|1|6|2|1
72,276|5,673|-4,144|-196,126|0|1|0|0|1|6|2|1
72,451|5,623|-3,723|-197,138|0|1|0|0|1|7|3|1
72,626|5,53|-3,269|-198,146|0|1|0|-0,1|1|7|4|1
72,801|5,407|-3,078|-199,152|0|1|0|-0,1|0|6|-2|1
72,976|5,267|-3,882|-200,156|0|1|0|-0,1|1|8|-5|1
73,151|5,096|-4,356|-201,154|0|1|0|-0,1|1|6|1|1
73,326|4,904|-3,985|-202,149|0|1|0|-0,1|1|6|3|1
73,501|4,707|-3,534|-203,143|0|1|0|-0,1|1|7|3|1
73,676|4,508|-3,088|-204,137|0|1|0|-0,1|1|6|3|1
73,851|4,309|-2,591|-205,13|0|1|0|-0,1|1|7|3|1
74,026|4,111|-2,48|-206,124|0|1|0|-0,1|0|6|-3|1
74,201|3,922|-3,351|-207,119|0|1|0|-0,1|1|8|-6|1
74,376|3,74|-3,881|-208,116|0|1|0|-0,1|1|6|1|1
74,551|3,66|-3,508|-209,118|0|1|0|0,1|1|7|4|1
74,726|4,034|-2,998|-210,056|0|1|0|0,3|0|6|2|1
74,901|4,337|-3,099|-211,02|0|1|0|0|0|7|-4|1
75,076|4,437|-4,148|-212,027|0|1|0|-0,1|0|11|-9|1
75,251|4,408|-5,75|-213,039|0|1|0|-0,1|1|8|-6|1
75,426|4,276|-6,375|-214,044|0|1|0|-0,1|1|6|0|1
75,601|4,018|-6,051|-215,015|0|1|0|-0,3|1|7|3|1
75,776|3,348|-5,571|-215,77|0|0,9|0|-0,4|1|6|2|1
75,951|2,556|-5,143|-216,402|0|0,9|0|-0,5|1|7|3|1
76,126|1,867|-4,678|-217,126|0|1|0|-0,2|1|6|2|1
76,301|1,522|-4,262|-218,077|0|1|0|-0,1|0|6|1|1
76,476|1,484|-4,566|-219,085|0|1|0|0,2|0|8|-5|1
76,651|1,72|-5,785|-220,068|0|1|0|0,3|0|11|-10|1
76,826|2,042|-6,981|-221,016|0|1|0|0,2|0|6|0|1
77,001|1,9|-6,981|-222,042|0|1|0|0|0|6|0|1
77,176|1,719|-6,981|-223,076|0|1|0|-0,1|0|6|0|1
77,351|1,562|-6,981|-224,114|0|1|0|-0,1|0|6|0|1
77,526|1,511|-6,981|-225,162|0|1|0|0|0|6|0|1
77,701|1,548|-6,981|-226,211|0|1|0|0|0|6|0|1
77,876|1,645|-6,981|-227,256|0|1|0|0|0|6|0|1
78,051|1,801|-6,981|-228,294|0|1|0|0,1|0|6|0|1
78,226|2,028|-6,981|-229,319|0|1|0|0,1|0|6|0|1
78,401|2,306|-6,981|-230,332|0|1|0|0,1|0|6|0|1
78,576|2,625|-6,981|-231,332|0|1|0|0,2|0|6|0|1
78,751|2,957|-6,981|-232,328|0|1|0|0,2|0|6|0|1
78,926|3,287|-6,327|-233,317|0|1|0|0,2|0|9|7|1
79,101|3,607|-5,536|-234,278|0|1|0|0,2|1|7|4|1
79,276|3,928|-5,037|-235,239|0|1|0|0,2|1|6|2|1
79,451|4,249|-4,582|-236,201|0|1|0|0,2|1|6|2|1
79,626|4,568|-4,144|-237,162|0|1|0|0,2|1|6|2|1
79,801|4,874|-3,723|-238,128|0|1|0|0,1|1|7|3|1
79,976|5,144|-3,269|-239,105|0|1|0|0,1|1|7|4|1
80,151|5,342|-2,77|-240,098|0|1|0|0,1|1|6|2|1
80,326|5,398|-2,31|-241,109|0|1|0|0|1|6|2|1
80,501|5,299|-1,876|-242,116|0|1|0|-0,1|1|7|4|1
80,676|5,101|-1,366|-243,11|0|1|0|-0,1|1|6|2|1
80,852|4,862|-0,908|-244,094|0|1|0|-0,1|1|7|3|1
81,027|4,597|-0,457|-245,072|0|1|0|-0,1|1|6|3|1
81,202|4,322|0,008|-246,048|0|1|0|-0,1|1|6|2|1
81,377|4,038|0,429|-247,02|0|1|0|-0,1|1|7|3|1
81,552|3,729|0,86|-247,985|0|1|0|-0,2|1|6|3|1
81,727|3,391|1,354|-248,94|0|1|0|-0,2|1|7|3|1
81,902|3,032|1,805|-249,888|0|1|0|-0,2|1|6|3|1
82,077|2,664|2,259|-250,832|0|1|0|-0,2|1|6|2|1
82,252|2,295|2,215|-251,775|0|1|0|-0,2|0|7|-4|1
82,427|1,925|1,213|-252,719|0|1|0|-0,2|0|10|-9|1
82,602|1,554|-0,59|-253,662|0|1|0|-0,2|0|14|-13|1
82,777|1,104|-3,063|-254,565|0|0,9|0|-0,4|0|6|0|1
82,952|0,264|-3,07|-255,121|0|-0,8|0|0,5|0|6|0|1
83,127|-0,628|-3,07|-255,609|0|0,9|0|-0,4|0|6|0|1
83,302|-1,001|-3,07|-256,566|0|1|0|-0,2|0|6|0|1
83,477|-1,271|-3,07|-257,581|0|1|0|-0,1|0|6|0|1
83,652|-1,501|-3,091|-258,604|0|1|0|-0,1|0|6|-4|1
83,827|-1,673|-2,62|-259,493|0|1|0|-0,1|0|8|6|1
84,002|-1,829|-1,955|-260,494|0|1|0|-0,1|1|6|2|1
84,177|-1,927|-1,522|-261,503|0|1|0|0|1|6|3|1
84,352|-2,002|-1,059|-262,513|0|1|0|0|1|7|3|1
84,527|-2,07|-0,63|-263,524|0|1|0|0|1|6|3|1
84,702|-2,137|-0,164|-264,535|0|1|0|0|1|6|2|1
84,877|-2,203|0,312|-265,546|0|1|0|0|1|6|2|1
85,052|-2,261|0,746|-266,558|0|1|0|0|1|6|3|1
85,227|-2,3|1,216|-267,57|0|1|0|0|1|7|3|1
85,402|-2,314|1,707|-268,583|0|1|0|0|1|6|2|1
85,577|-2,299|2,151|-269,596|0|1|0|0|1|6|3|1
85,752|-2,218|2,663|-270,606|0|1|0|0,1|1|6|2|1
85,927|-2,045|3,1|-271,604|0|1|0|0,1|1|6|2|1
86,102|-1,8|3,523|-272,587|0|1|0|0,1|1|6|3|1
86,277|-1,522|3,99|-273,561|0|1|0|0,1|1|6|2|1
86,452|-1,234|4,413|-274,533|0|1|0|0,1|1|6|3|1
86,627|-0,779|4,925|-275,422|0|0,9|0|0,4|0|6|2|1
86,802|-0,043|4,856|-276,118|0|0,9|0|0,5|0|7|-4|1
86,977|0,766|3,834|-276,727|0|0,9|0|0,5|0|10|-9|1
87,152|1,508|2,014|-277,41|0|1|0|0,2|0|14|-13|1
87,327|2,04|-0,473|-278,27|0|1|0|0,1|0|17|-16|1
87,502|2,41|-3,07|-279,213|0|1|0|0,1|0|6|0|1
87,677|2,537|-3,07|-280,246|0|1|0|0|0|6|0|1
87,852|2,6|-2,72|-281,294|0|1|0|0|0|10|8|1
88,027|2,646|-1,715|-282,306|0|1|0|0|1|6|3|1
88,202|2,677|-1,233|-283,319|0|1|0|0|1|7|3|1
88,377|2,698|-0,787|-284,332|0|1|0|0|1|7|3|1
88,552|2,712|-0,339|-285,345|0|1|0|0|1|7|3|1
88,727|2,718|0,09|-286,358|0|1|0|0|1|6|3|1
88,902|2,722|0,551|-287,371|0|1|0|0|1|6|3|1
89,077|2,725|0,88|-288,385|0|1|0|0|0|6|-1|1
89,252|2,728|0,261|-289,398|0|1|0|0|0|9|-7|1
89,427|2,73|-1,221|-290,411|0|1|0|0|0|12|-11|1
89,602|2,728|-3,426|-291,424|0|1|0|0|0|16|-15|1
89,777|2,717|-6,235|-292,437|0|1|0|0|0|19|-18|1
89,952|2,697|-6,981|-293,467|0|1|0|0|0|6|0|1
90,127|2,681|-6,981|-294,517|0|1|0|0|0|6|0|1
90,303|2,678|-6,981|-295,567|0|1|0|0|0|6|0|1
90,478|2,706|-6,981|-296,616|0|1|0|0|0|6|0|1
90,653|2,777|-6,981|-297,664|0|1|0|0|0|6|0|1
90,828|2,865|-6,981|-298,71|0|1|0|0|0|6|0|1
91,003|2,974|-6,981|-299,754|0|1|0|0,1|0|6|0|1
91,178|3,121|-6,981|-300,794|0|1|0|0,1|0|6|0|1
91,353|3,312|-6,981|-301,826|0|1|0|0,1|0|6|0|1
91,528|3,525|-6,981|-302,854|0|1|0|0,1|0|6|0|1
91,703|3,739|-5,873|-303,86|0|1|0|0,1|0|7|4|1
91,878|3,949|-5,33|-304,851|0|1|0|0,1|1|7|3|1
92,053|4,134|-4,878|-305,847|0|1|0|0,1|1|6|3|1
92,228|4,24|-4,407|-306,854|0|1|0|0|1|6|2|1
92,403|4,26|-3,987|-307,867|0|1|0|0|1|7|3|1
92,578|4,233|-3,558|-308,88|0|1|0|0|0|6|0|1
92,753|4,195|-3,877|-309,893|0|1|0|0|0|8|-5|1
92,928|4,152|-5,109|-310,905|0|1|0|0|0|11|-10|1
93,103|4,073|-5,482|-311,913|0|1|0|0|0|6|1|1
93,278|3,924|-4,7|-312,926|0|1|0|-0,1|0|9|7|1
93,453|3,732|-3,909|-313,921|0|1|0|-0,1|1|7|4|1
93,628|3,467|-3,41|-314,899|0|1|0|-0,1|1|6|2|1
93,803|3,163|-2,955|-315,865|0|1|0|-0,2|1|6|2|1
93,978|2,845|-2,517|-316,828|0|1|0|-0,2|1|6|2|1
94,153|2,524|-2,096|-317,788|0|1|0|-0,2|1|7|3|1
94,328|2,229|-1,642|-318,758|0|1|0|-0,1|0|6|1|1
94,503|2,012|-1,829|-319,747|0|1|0|0|0|7|-4|1
94,678|1,912|-2,101|-320,748|0|1|0|0|0|6|1|1
94,853|1,94|-1,886|-321,773|0|1|0|0|0|12|10|1
95,028|1,978|-0,631|-322,789|0|1|0|0|0|6|3|1
95,203|2,016|-0,118|-323,801|0|1|0|0|1|6|2|1
95,378|2,053|0,319|-324,814|0|1|0|0|1|6|2|1
95,553|2,091|0,747|-325,826|0|1|0|0|1|6|3|1
95,728|2,129|1,215|-326,839|0|1|0|0|1|6|2|1
95,903|2,168|1,555|-327,851|0|1|0|0|0|6|-1|1
96,078|2,206|1,04|-328,864|0|1|0|0|0|8|-6|1
96,253|2,244|-0,356|-329,877|0|1|0|0|0|12|-11|1
96,428|2,282|-0,803|-330,906|0|1|0|0|0|6|0|1
96,603|2,308|-0,453|-331,955|0|1|0|0|0|10|8|1
96,778|2,317|0,552|-332,968|0|1|0|0|1|6|3|1
96,953|2,316|1,034|-333,981|0|1|0|0|1|7|3|1
97,128|2,306|1,48|-334,994|0|1|0|0|1|7|3|1
97,303|2,286|1,928|-336,008|0|1|0|0|1|7|3|1
97,478|2,26|2,023|-337,02|0|1|0|0|0|7|-3|1
97,653|2,231|1,139|-338,033|0|1|0|0|0|10|-8|1
97,828|2,202|-0,566|-339,046|0|1|0|0|0|14|-12|1
98,003|2,171|-1,883|-340,056|0|1|0|0|0|6|-1|1
98,178|2,139|-2,098|-341,082|0|1|0|0|0|6|-1|1
98,353|2,088|-2,313|-342,108|0|1|0|0|0|6|-1|1
98,528|2,019|-2,135|-343,134|0|1|0|0|0|10|8|1
98,703|1,946|-1,131|-344,144|0|1|0|0|1|6|3|1
98,878|1,873|-0,649|-345,155|0|1|0|0|1|7|3|1
99,053|1,799|-0,224|-346,165|0|1|0|0|0|6|0|1
99,228|1,724|-0,561|-347,176|0|1|0|0|0|8|-5|1
99,403|1,65|-1,807|-348,187|0|1|0|0|0|11|-10|1
99,578|1,576|-3,814|-349,197|0|1|0|0|0|15|-14|1
99,753|1,502|-5,539|-350,202|0|1|0|0|0|6|-1|1
99,929|1,445|-5,754|-351,224|0|1|0|0|0|6|-1|1
100,104|1,448|-4,934|-352,246|0|1|0|0|0|8|6|1
100,279|1,475|-4,268|-353,259|0|1|0|0|1|6|2|1
100,454|1,523|-3,836|-354,271|0|1|0|0|1|6|3|1
100,629|1,576|-3,373|-355,283|0|1|0|0|1|7|3|1
100,804|1,631|-2,943|-356,295|0|1|0|0|1|6|3|1
100,979|1,687|-2,477|-357,306|0|1|0|0|1|6|2|1
101,154|1,742|-2,001|-358,318|0|1|0|0|1|6|2|1
101,329|1,798|-1,568|-359,33|0|1|0|0|1|6|3|1
101,504|1,854|-1,328|-360,341|0|1|0|0|0|6|-2|1
101,679|1,909|-2,049|-361,353|0|1|0|0|0|9|-7|1
101,854|1,964|-3,618|-362,365|0|1|0|0|0|13|-12|1
102,029|2,016|-5,894|-363,377|0|1|0|0|0|16|-15|1
102,204|2,056|-6,981|-364,399|0|1|0|0|0|6|0|1
102,379|2,074|-6,981|-365,448|0|1|0|0|0|6|0|1
102,554|2,085|-6,981|-366,498|0|1|0|0|0|6|0|1
102,729|2,092|-6,981|-367,548|0|1|0|0|0|6|0|1
102,904|2,097|-6,981|-368,598|0|1|0|0|0|6|0|1
103,079|2,096|-6,981|-369,648|0|1|0|0|0|6|0|1
103,254|2,094|-6,981|-370,698|0|1|0|0|0|6|0|1
103,429|2,091|-6,981|-371,748|0|1|0|0|0|6|0|1
103,604|2,088|-6,981|-372,798|0|1|0|0|0|6|0|1
103,779|2,085|-7,169|-373,805|0|1|0|0|0|7|-5|1
103,954|2,083|-8,334|-374,799|0|1|0|0|0|11|-9|1
104,129|2,08|-10,274|-375,813|0|1|0|0|0|15|-13|1
104,304|2,077|-12,861|-376,826|0|1|0|0|0|18|-17|1
104,479|2,075|-15,991|-377,839|0|1|0|0|0|20|-20|1
104,654|2,072|-19,574|-378,852|0|1|0|0|0|23|-22|1
104,829|2,07|-23,537|-379,865|0|1|0|0|0|24|-24|1