0|8,018|-0,97|-1626,05|0|1|0|0|0|1|-1|1
0,175|8,018|-1,562|-1626,05|0|1|0|0|0|7|-7|1
0,35|8,018|-1,953|-1626,05|0|1|0|0|0|0|0|1
0,525|8,018|-1,953|-1626,05|0|1|0|0|0|0|0|1
0,7|8,018|-1,953|-1626,05|0|1|0|0|0|0|0|1
0,875|8,018|-1,953|-1626,05|0|1|0|0|0|0|0|1
1,05|8,018|-1,953|-1626,05|0|1|0|0|0|0|0|1
1,225|8,018|-1,953|-1626,05|0|1|0|0|0|0|0|1
1,4|7,938|-1,953|-1626,325|0|1|0|-0,1|0|5|0|1
1,575|7,594|-1,953|-1627,283|0|1|0|-0,2|0|6|0|1
1,75|7,207|-1,953|-1628,258|0|1|0|-0,2|0|6|0|1
1,925|6,822|-1,953|-1629,235|0|1|0|-0,2|0|6|0|1
2,1|6,456|-0,844|-1630,196|0|1|0|-0,2|0|7|4|1
2,275|6,146|-0,302|-1631,16|0|1|0|-0,1|1|7|3|1
2,45|5,915|-0,164|-1632,146|0|1|0|-0,1|0|6|-3|1
2,625|5,715|-1,014|-1633,14|0|1|0|-0,1|0|10|-8|1
2,8|5,536|-2,214|-1634,137|0|1|0|-0,1|1|7|-3|1
2,975|5,373|-2,359|-1635,137|0|1|0|-0,1|1|6|3|1
3,15|5,225|-1,873|-1636,139|0|1|0|-0,1|1|7|3|1
3,325|5,113|-1,406|-1637,146|0|1|0|0|1|6|2|1
3,5|5,04|-0,983|-1638,157|0|1|0|0|1|6|3|1
3,675|4,981|-0,497|-1639,168|0|1|0|0|1|7|3|1
3,85|4,924|-0,049|-1640,18|0|1|0|0|1|6|3|1
4,025|4,804|0,425|-1641,186|0|1|0|-0,1|1|7|3|1
4,2|4,534|0,86|-1642,161|0|1|0|-0,2|1|6|3|1
4,375|4,137|1,34|-1643,093|0|1|0|-0,2|1|6|2|1
4,55|3,696|1,807|-1644,005|0|1|0|-0,2|1|7|3|1
4,725|3,244|2,272|-1644,912|0|1|0|-0,2|1|6|2|1
4,9|2,792|2,736|-1645,819|0|1|0|-0,2|1|7|3|1
5,075|2,346|3,182|-1646,729|0|1|0|-0,2|1|6|2|1
5,25|1,906|3,618|-1647,641|0|1|0|-0,2|1|6|2|1
5,425|1,477|4,052|-1648,559|0|1|0|-0,2|1|7|4|1
5,6|1,064|4,558|-1649,484|0|1|0|-0,2|0|6|2|1
5,775|0,658|4,453|-1650,413|0|1|0|-0,2|0|7|-4|1
5,95|0,255|3,878|-1651,343|0|1|0|-0,2|1|6|0|1
6,125|-0,146|4,172|-1652,273|0|1|0|-0,2|1|7|3|1
6,3|-0,541|4,588|-1653,206|0|1|0|-0,2|0|6|0|1
6,475|-0,922|4,238|-1654,145|0|1|0|-0,2|0|8|-5|1
6,65|-1,27|3,061|-1655,097|0|1|0|-0,1|1|8|-5|1
6,825|-1,511|2,573|-1656,08|0|1|0|-0,1|1|6|1|1
7|-1,415|2,932|-1657,067|0|1|0|0,3|1|7|3|1
7,175|-0,793|3,407|-1657,859|0|0,9|0|0,4|1|6|2|1
7,35|-0,017|3,649|-1658,511|0|0,9|0|0,5|0|6|-2|1
7,525|0,729|2,957|-1659,192|0|1|0|0,2|0|9|-7|1
7,7|1,277|1,414|-1660,043|0|1|0|0,1|0|13|-11|1
7,875|1,763|-0,842|-1660,93|0|0,9|0|0,3|0|16|-15|1
8,05|2,412|-3,694|-1661,706|0|0,9|0|0,5|1|17|-16|1
8,225|3,187|-5,882|-1662,358|0|0,9|0|0,5|1|10|-8|1
8,4|4,012|-6,783|-1662,947|0|0,9|0|0,5|1|6|-1|1
8,575|4,722|-6,608|-1663,65|0|1|0|0,2|1|6|2|1
8,75|5,088|-6,199|-1664,593|0|1|0|0,1|1|6|3|1
8,925|5,33|-5,695|-1665,577|0|1|0|0,1|1|6|2|1
9,1|5,8|-5,289|-1666,457|0|0,9|0|0,4|1|6|3|1
9,275|6,608|-4,833|-1667,045|0|0,8|0|0,6|1|7|3|1
9,45|7,614|-4,376|-1667,121|0|0,7|0|0,7|1|6|2|1
9,625|8,619|-3,955|-1666,998|0|0,6|0|0,8|1|7|3|1
9,8|9,617|-3,521|-1666,821|0|0,6|0|0,8|1|7|3|1
9,975|10,618|-3,031|-1666,73|0|0,8|0|0,6|1|6|2|1
10,15|11,442|-2,59|-1667,258|0|1|0|0,2|1|4|3|1
10,325|11,834|-2,066|-1667,338|0|1|0|0|1|3|2|1
10,5|11,693|-1,953|-1668,136|0|1|0|-0,1|0|6|0|1
10,675|11,262|-1,953|-1669,088|0|1|0|-0,2|0|6|0|1
10,85|10,725|-1,953|-1669,988|0|1|0|-0,3|0|6|0|1
11,025|10,096|-1,953|-1670,829|0|0,9|0|-0,3|0|6|0|1
11,2|9,432|-1,953|-1671,642|0|0,9|0|-0,3|0|6|0|1
11,375|8,74|-1,953|-1672,431|0|0,9|0|-0,4|0|6|0|1
11,55|8,246|-1,953|-1673,286|0|1|0|-0,2|0|6|0|1
11,725|8,273|-1,953|-1674,327|0|1|0|0|0|6|0|1
11,9|8,027|-1,953|-1675,26|0|1|0|-0,2|0|6|0|1
12,075|7,094|-1,953|-1675,676|0|-0,8|0|0,5|0|6|0|1
12,25|6,056|-1,953|-1675,647|0|-0,7|0|0,7|0|6|0|1
12,425|5,049|-1,953|-1675,355|0|-0,6|0|0,8|0|6|0|1
12,6|4,059|-1,953|-1675,007|0|-0,6|0|0,8|0|6|0|1
12,775|3,069|-1,953|-1674,656|0|-0,6|0|0,8|0|6|0|1
12,95|2,079|-1,953|-1674,306|0|-0,6|0|0,8|0|13|12|1
13,125|1,124|0,179|-1673,968|0|-0,6|0|0,8|0|14|12|1
13,3|0,295|2,393|-1673,675|0|-0,6|0|0,8|1|14|13|1
13,475|-0,398|4,688|-1673,43|0|-0,6|0|0,8|0|14|13|1
13,65|-0,977|7,073|-1673,225|0|-0,6|0|0,8|0|14|14|1
13,825|-1,168|9,531|-1673,089|0|0,8|0|0,6|0|14|14|1
14|-0,861|12,052|-1672,703|0|0,6|0|0,8|0|14|13|1
14,175|-0,134|13,747|-1672,14|0|0,5|0|0,8|0|8|5|1
14,35|0,601|14,202|-1671,454|0|0,1|0|1|0|6|-1|1
14,525|0,906|13,859|-1670,503|0|-0,2|0|1|1|6|0|1
14,7|0,761|14,204|-1669,502|0|-0,2|0|1|1|7|3|1
14,875|0,557|14,65|-1668,51|0|-0,1|0|1|1|6|3|1
15,05|0,416|15,146|-1667,507|0|-0,1|0|1|1|7|3|1
15,225|0,313|15,249|-1666,52|0|0|0|1|0|6|-3|1
15,4|0,226|14,37|-1665,675|0|0|0|1|0|9|-8|1
15,575|0,154|12,669|-1664,969|0|0|0|1|0|13|-12|1
15,75|0,122|10,547|-1664,714|0|1|0|-0,2|0|3|0|1
15,925|0,173|10,547|-1665,313|0|1|0|-0,1|0|0|0|1
16,1|0,175|10,547|-1665,341|0|1|0|-0,1|0|0|0|1
16,275|0,175|10,547|-1665,341|0|1|0|-0,1|0|0|0|1
16,45|0,175|10,547|-1665,341|0|1|0|-0,1|0|0|0|1
16,625|0,125|10,547|-1665,059|0|-0,7|0|0,7|0|11|10|1
16,8|-0,052|11,802|-1664,072|0|-0,2|0|1|0|6|3|1
16,975|-0,184|12,315|-1663,068|0|-0,1|0|1|1|6|2|1
17,15|-0,213|12,752|-1662,056|0|0|0|1|1|6|2|1
17,325|-0,2|13,18|-1661,042|0|0|0|1|1|6|3|1
17,5|-0,174|13,648|-1660,029|0|0|0|1|1|6|2|1
17,675|-0,144|14,069|-1659,017|0|0|0|1|1|6|3|1
17,85|-0,114|14,582|-1658,004|0|0|0|1|1|6|2|1
18,025|-0,083|15,019|-1656,992|0|0|0|1|1|6|2|1
18,2|-0,051|15,46|-1655,979|0|0|0|1|1|6|3|1
18,375|-0,017|15,981|-1654,966|0|0|0|1|1|6|2|1
18,55|0,018|16,414|-1653,954|0|0|0|1|1|7|4|1
18,725|0,052|16,913|-1652,941|0|0|0|1|1|6|2|1
18,9|0,086|17,364|-1651,929|0|0|0|1|1|6|2|1
19,075|0,123|17,8|-1650,916|0|0|0|1|1|6|2|1
19,25|0,162|18,22|-1649,904|0|0|0|1|0|6|1|1
19,425|0,157|18,065|-1648,892|0|-0,2|0|1|0|7|-4|1
19,6|-0,122|16,971|-1647,92|0|-0,3|0|0,9|0|11|-9|1
19,775|-0,431|15,091|-1646,958|0|0|0|1|0|6|0|1
19,95|-0,373|14,947|-1645,938|0|0,1|0|1|0|6|0|1
20,125|-0,145|14,947|-1645,634|0|0,1|0|1|0|0|0|1
20,3|-0,126|14,947|-1645,634|0|0,1|0|1|0|0|0|1
20,475|-0,126|14,947|-1645,634|0|0,1|0|1|0|0|0|1
20,65|-0,126|15,601|-1645,634|0|0,1|0|1|0|7|7|1
20,825|-0,126|16,392|-1645,634|0|0,1|0|1|1|4|4|1
21|-0,126|16,891|-1645,634|0|0,1|0|1|1|2|2|1
21,175|-0,126|17,346|-1645,634|0|0,1|0|1|1|2|2|1
21,35|-0,126|17,784|-1645,634|0|0,1|0|1|1|2|2|1
21,525|-0,08|18,205|-1645,978|0|0,9|0|0,5|1|7|3|1
21,7|0,443|18,659|-1646,834|0|0,9|0|0,5|1|7|4|1
21,875|1,38|19,159|-1647,174|0|0,7|0|0,7|1|6|2|1
22,05|2,391|19,618|-1647,141|0|0,7|0|0,8|1|6|2|1
22,225|3,395|20,052|-1647,002|0|0,6|0|0,8|1|7|4|1
22,4|4,394|20,562|-1646,835|0|0,6|0|0,8|1|6|2|1
22,575|5,392|21,021|-1646,66|0|0,6|0|0,8|0|6|1|1
22,75|6,389|20,793|-1646,479|0|0,6|0|0,8|0|7|-5|1
22,925|7,317|19,637|-1646,304|0|0,6|0|0,8|0|11|-9|1
23,1|7,761|19,187|-1646,221|0|0,6|0|0,8|0|0|0|1
23,275|8,24|19,187|-1646,12|0|0,6|0|0,8|0|6|0|1
23,45|9,248|20,093|-1645,951|0|0,7|0|0,7|0|8|6|1
23,625|10,258|20,759|-1645,891|0|0,7|0|0,7|1|6|2|1
23,8|11,266|21,192|-1645,993|0|0,8|0|0,6|1|6|3|1
23,975|12,266|21,655|-1646,154|0|0,8|0|0,6|1|7|3|1
24,15|13,265|22,084|-1646,323|0|0,8|0|0,6|1|6|3|1
24,325|14,269|22,55|-1646,456|0|0,7|0|0,7|1|6|2|1
24,5|15,28|23,026|-1646,532|0|0,7|0|0,7|1|6|2|1
24,675|16,293|23,459|-1646,545|0|0,7|0|0,7|1|6|3|1
24,85|17,305|23,699|-1646,513|0|0,7|0|0,7|0|6|-2|1
25,025|18,249|22,978|-1646,464|0|0,7|0|0,7|0|9|-7|1
25,2|19,039|21,737|-1646,424|0|0,7|0|0,7|0|2|0|1
25,375|19,152|21,737|-1646,418|0|0,7|0|0,7|0|0|0|1
25,55|19,154|21,737|-1646,418|0|0,7|0|0,7|0|0|0|1
25,725|19,154|22,846|-1646,418|0|0,7|0|0,7|0|4|4|1
25,9|19,154|23,388|-1646,418|0|0,7|0|0,7|1|3|3|1
26,075|19,154|23,84|-1646,418|0|0,7|0|0,7|1|3|3|1
26,25|18,839|24,311|-1645,969|0|0|0|1|1|6|2|1
26,425|18,063|24,731|-1645,626|0|-0,5|0|0,9|1|7|3|1
26,6|17,051|25,161|-1645,626|0|-0,6|0|0,8|1|6|3|1
26,775|16,048|25,655|-1645,626|0|-0,5|0|0,9|1|7|3|1
26,95|15,062|26,118|-1645,56|0|-0,3|0|1|1|6|2|1
27,125|14,264|26,558|-1644,952|0|-0,3|0|1|1|6|2|1
27,3|13,646|26,979|-1644,149|0|-0,3|0|1|1|7|3|1
27,475|12,986|27,411|-1643,382|0|-0,4|0|0,9|1|7|3|1
27,65|12,179|27,793|-1642,773|0|-0,5|0|0,9|0|6|0|1
27,825|11,278|27,332|-1642,311|0|-0,6|0|0,8|0|8|-6|1
28|10,301|26,215|-1642,053|0|-0,8|0|0,6|0|6|0|1
28,175|9,317|26,217|-1642,227|0|-0,8|0|0,7|0|6|0|1
28,35|8,283|26,217|-1642,394|0|-0,8|0|0,6|0|6|0|1
28,525|7,249|26,217|-1642,578|0|-0,8|0|0,6|0|6|0|1
28,7|6,216|26,217|-1642,763|0|-0,8|0|0,6|0|6|0|1
28,875|5,462|26,871|-1643,379|0|0,9|0|-0,4|0|9|7|1
29,05|4,901|27,661|-1644,221|0|1|0|-0,2|1|7|4|1
29,225|4,718|28,161|-1645,208|0|1|0|0|1|6|2|1
29,4|4,922|28,615|-1646,198|0|1|0|0,2|1|6|2|1
29,575|5,276|29,053|-1647,147|0|1|0|0,2|1|6|2|1
29,75|5,652|29,475|-1648,088|0|1|0|0,2|1|7|3|1
29,925|5,99|29,928|-1649,043|0|1|0|0,2|1|7|4|1
30,1|6,297|30,428|-1650,009|0|1|0|0,1|1|6|2|1
30,275|6,593|30,618|-1650,978|0|1|0|0,1|0|6|-2|1
30,45|6,887|29,884|-1651,947|0|1|0|0,1|0|9|-7|1
30,625|7,172|28,305|-1652,92|0|1|0|0,1|0|6|1|1
30,8|7,433|28,322|-1653,908|0|1|0|0,1|0|6|1|1
30,975|7,658|28,496|-1654,918|0|1|0|0,1|0|6|1|1
31,15|7,833|28,672|-1655,938|0|1|0|0,1|0|6|1|1
31,325|7,93|29,164|-1656,968|0|1|0|0|0|10|8|1
31,5|7,962|30,168|-1657,98|0|1|0|0|1|6|3|1
31,675|7,923|30,65|-1658,993|0|1|0|0|1|6|2|1
31,85|7,845|31,043|-1660,003|0|1|0|0|1|6|2|1
32,025|7,756|31,498|-1661,013|0|1|0|0|1|6|3|1
32,2|7,664|31,958|-1662,022|0|1|0|0|1|6|2|1
32,375|7,573|32,413|-1663,031|0|1|0|0|1|6|3|1
32,55|7,487|32,86|-1664,04|0|1|0|0|1|6|3|1
32,725|7,411|33,307|-1665,051|0|1|0|0|1|6|2|1
32,9|7,348|33,761|-1666,062|0|1|0|0|1|6|3|1
33,075|7,304|34,218|-1667,075|0|1|0|0|1|6|3|1
33,25|7,269|34,635|-1668,087|0|1|0|0|0|6|0|1
33,425|7,237|34,262|-1669,1|0|1|0|0|0|8|-5|1
33,6|7,206|32,985|-1670,112|0|1|0|0|0|12|-10|1
33,775|7,176|31,177|-1671,124|0|1|0|0|0|6|1|1
33,95|7,631|31,323|-1671,969|0|1|0|0,3|0|6|1|1
34,125|8,346|31,453|-1672,725|0|0,9|0|0,4|0|6|1|1
34,3|8,585|32,198|-1673,659|0|1|0|0,1|0|9|7|1
34,475|8,591|32,989|-1674,672|0|1|0|0|1|7|4|1
34,65|8,549|33,488|-1675,684|0|1|0|0|1|6|2|1
34,825|8,48|33,943|-1676,695|0|1|0|0|1|6|2|1
35|8,404|34,381|-1677,706|0|1|0|0|1|6|1|1
35,175|8,326|34,553|-1678,716|0|1|0|0|1|6|1|1
35,35|8,246|34,827|-1679,726|0|1|0|0|1|6|2|1
35,525|8,167|35,186|-1680,736|0|1|0|0|1|6|2|1
35,7|8,088|35,616|-1681,746|0|1|0|0|1|6|3|1
35,875|8,009|36,059|-1682,756|0|1|0|0|1|6|3|1
36,05|7,939|36,519|-1683,767|0|1|0|0|1|6|3|1
36,225|7,891|36,969|-1684,779|0|1|0|0|1|6|3|1
36,4|7,858|37,433|-1685,792|0|1|0|0|1|6|2|1
36,575|7,834|37,907|-1686,805|0|1|0|0|1|6|2|1
36,75|7,815|38,344|-1687,818|0|1|0|0|0|6|1|1
36,925|7,798|38,031|-1688,831|0|1|0|0|0|8|-5|1
37,1|7,782|36,806|-1689,845|0|1|0|0|0|11|-10|1
37,275|7,766|34,816|-1690,858|0|1|0|0|0|15|-14|1
37,45|7,761|34,32|-1691,888|0|1|0|0|0|6|0|1
37,625|7,785|34,32|-1692,937|0|1|0|0|0|6|0|1
37,8|7,82|34,32|-1693,986|0|1|0|0|0|6|0|1
37,975|7,86|34,32|-1695,035|0|1|0|0|0|12|10|1
38,15|7,9|35,575|-1696,055|0|1|0|0|0|6|3|1
38,325|7,94|36,087|-1697,068|0|1|0|0|1|6|2|1
38,5|7,98|36,524|-1698,08|0|1|0|0|1|6|2|1
38,675|8,019|36,953|-1699,093|0|1|0|0|1|6|3|1
38,85|8,059|37,42|-1700,105|0|1|0|0|1|6|2|1
39,025|8,099|37,842|-1701,118|0|1|0|0|1|6|3|1
39,2|8,138|38,354|-1702,131|0|1|0|0|1|6|2|1
39,375|8,177|38,791|-1703,143|0|1|0|0|1|6|2|1
39,55|8,216|39,232|-1704,156|0|1|0|0|1|6|3|1
39,725|8,252|39,754|-1705,168|0|1|0|0|1|6|2|1
39,9|8,282|40,187|-1706,181|0|1|0|0|1|7|4|1
40,075|8,307|40,685|-1707,194|0|1|0|0|1|6|2|1
40,25|8,33|41,137|-1708,207|0|1|0|0|1|6|2|1
40,425|8,354|41,573|-1709,221|0|1|0|0|1|6|2|1
40,6|8,378|41,992|-1710,234|0|1|0|0|1|7|3|1
40,775|8,403|42,449|-1711,247|0|1|0|0|1|7|4|1
40,95|8,433|42,947|-1712,26|0|1|0|0|1|6|2|1
41,125|8,465|43,393|-1713,272|0|1|0|0|1|6|2|1
41,3|8,497|43,816|-1714,285|0|1|0|0|1|7|3|1
41,475|8,528|44,278|-1715,297|0|1|0|0|1|6|2|1
41,65|8,555|44,716|-1716,31|0|1|0|0|1|6|2|1
41,825|8,577|45,155|-1717,323|0|1|0|0|1|7|3|1
42|8,59|45,556|-1718,336|0|1|0|0|0|6|0|1
42,175|8,598|45,149|-1719,35|0|1|0|0|0|8|-6|1
42,35|8,603|43,844|-1720,363|0|1|0|0|0|12|-10|1
42,525|8,607|41,788|-1721,376|0|1|0|0|0|6|0|1
42,7|8,609|41,728|-1722,413|0|1|0|0|0|10|8|1
42,875|8,611|42,732|-1723,426|0|1|0|0|1|6|3|1
43,05|8,613|43,214|-1724,439|0|1|0|0|1|7|3|1
43,225|8,614|43,66|-1725,453|0|1|0|0|1|7|3|1
43,4|8,616|44,108|-1726,466|0|1|0|0|1|7|3|1
43,575|8,618|44,538|-1727,479|0|1|0|0|1|6|3|1
43,75|8,62|44,999|-1728,492|0|1|0|0|1|6|3|1
43,925|8,622|45,483|-1729,505|0|1|0|0|0|6|1|1
44,1|8,623|45,211|-1730,519|0|1|0|0|0|8|-5|1
44,275|8,621|44,018|-1731,532|0|1|0|0|0|11|-10|1
44,45|8,6|42,297|-1732,545|0|1|0|0|1|9|-7|1
44,625|8,538|41,572|-1733,556|0|1|0|0|1|6|0|1
44,8|8,444|41,418|-1734,565|0|1|0|-0,1|0|7|-4|1
44,975|8,328|40,396|-1735,571|0|1|0|-0,1|0|10|-9|1
45,15|8,193|38,576|-1736,576|0|1|0|-0,1|0|14|-13|1
45,325|8,042|36,089|-1737,578|0|1|0|-0,1|0|17|-16|1
45,5|7,88|34,32|-1738,582|0|1|0|-0,1|0|6|0|1
45,675|7,741|34,32|-1739,62|0|1|0|-0,1|0|6|0|1
45,85|7,653|34,67|-1740,666|0|1|0|0|0|10|8|1
46,025|7,581|35,675|-1741,677|0|1|0|0|1|6|3|1
46,2|7,514|36,157|-1742,688|0|1|0|0|1|7|3|1
46,375|7,448|36,603|-1743,699|0|1|0|0|1|7|3|1
46,55|7,384|37,051|-1744,71|0|1|0|0|1|6|2|1
46,725|7,319|37,493|-1745,722|0|1|0|0|1|6|3|1
46,9|7,254|37,864|-1746,733|0|1|0|0|1|6|2|1
47,075|7,185|38,278|-1747,744|0|1|0|0|1|7|3|1
47,25|7,112|38,647|-1748,755|0|1|0|0|1|6|3|1
47,425|7,037|39,05|-1749,765|0|1|0|0|1|6|2|1
47,6|6,961|39,221|-1750,776|0|1|0|0|0|7|-4|1
47,775|6,887|38,225|-1751,787|0|1|0|0|1|8|-5|1
47,95|6,812|37,573|-1752,798|0|1|0|0|1|6|-2|1
48,125|6,738|37,422|-1753,808|0|1|0|0|1|6|1|1
48,3|6,664|37,692|-1754,819|0|1|0|0|1|6|3|1
48,475|6,591|38,107|-1755,83|0|1|0|0|1|6|2|1
48,65|6,517|38,495|-1756,841|0|1|0|0|1|6|3|1
48,825|6,442|38,933|-1757,851|0|1|0|0|1|6|1|1
49|6,365|39,265|-1758,861|0|1|0|0|1|6|3|1
49,175|6,277|39,569|-1759,871|0|1|0|-0,1|0|6|-2|1
49,35|6,172|38,632|-1760,879|0|1|0|-0,1|0|12|-10|1
49,525|5,914|36,35|-1761,854|0|0,9|0|-0,4|0|18|-17|1
49,7|5,373|34,32|-1762,704|0|0,9|0|-0,4|0|6|0|1
49,875|4,56|34,32|-1763,359|0|0,9|0|-0,4|0|6|0|1
50,05|3,728|34,32|-1764|0|0,9|0|-0,4|0|6|0|1
50,225|2,896|34,32|-1764,641|0|0,9|0|-0,4|0|6|0|1
50,4|2,064|34,32|-1765,282|0|0,9|0|-0,4|0|6|0|1
50,575|1,233|34,32|-1765,923|0|0,9|0|-0,4|0|6|0|1
50,75|0,403|34,32|-1766,566|0|0,9|0|-0,4|0|6|0|1
50,925|0,07|34,32|-1767,477|0|1|0|-0,1|0|6|0|1
51,1|0,031|34,32|-1768,524|0|1|0|0|0|6|0|1
51,275|0,01|34,32|-1769,574|0|1|0|0|0|6|0|1
51,45|0|34,32|-1770,624|0|1|0|0|0|6|0|1
51,625|0,004|34,32|-1771,674|0|1|0|0|0|6|0|1
51,8|0,022|34,32|-1772,723|0|1|0|0|0|6|0|1
51,975|0,059|34,32|-1773,773|0|1|0|0|0|6|0|1
52,15|0,081|34,32|-1774,141|0|1|0|0|0|0|0|1
52,325|0,081|34,32|-1774,147|0|1|0|0|0|0|0|1
52,5|0,081|34,32|-1774,147|0|1|0|0|0|0|0|1
52,675|0,081|34,32|-1774,147|0|1|0|0|0|0|0|1
52,85|0,081|34,32|-1774,147|0|1|0|0|0|0|0|1
53,025|0,081|34,32|-1774,147|0|1|0|0|0|0|0|1
53,2|0,081|34,32|-1774,147|0|1|0|0|0|0|0|1
53,375|0,081|34,32|-1774,147|0|1|0|0|0|0|0|1
53,55|0,081|34,32|-1774,147|0|1|0|0|0|0|0|1
53,725|0,081|34,32|-1774,147|0|1|0|0|0|0|0|1
53,9|0,081|34,32|-1774,147|0|1|0|0|0|0|0|1
54,075|0,081|34,32|-1774,147|0|1|0|0|0|0|0|1
54,25|0,261|34,32|-1774,371|0|1|0|0,2|0|5|0|1
54,425|0,826|34,32|-1775,072|0|1|0|0,3|0|1|0|1
54,6|0,87|34,32|-1775,128|0|1|0|0,3|0|0|0|1
54,775|0,871|34,32|-1775,128|0|1|0|0,3|0|0|0|1
54,95|0,871|34,32|-1775,128|0|1|0|0,3|0|0|0|1
55,125|0,871|34,32|-1775,128|0|1|0|0,3|0|0|0|1
55,3|0,871|34,32|-1775,128|0|1|0|0,3|0|3|0|1
55,475|1,744|34,32|-1775,284|0|0,8|0|0,6|0|6|0|1
55,65|2,781|34,32|-1775,427|0|0,8|0|0,6|0|6|0|1
55,825|3,826|34,32|-1775,527|0|0,7|0|0,7|0|6|0|1
56|4,875|34,32|-1775,574|0|0,7|0|0,7|0|6|0|1
56,175|5,925|34,32|-1775,589|0|0,7|0|0,7|0|6|0|1
56,35|6,975|34,32|-1775,577|0|0,7|0|0,7|0|6|0|1
56,525|8,025|34,32|-1775,557|0|0,7|0|0,7|0|6|0|1
56,7|9,075|34,32|-1775,536|0|0,7|0|0,7|0|6|0|1
56,875|10,124|34,32|-1775,515|0|0,7|0|0,7|0|6|0|1
57,05|11,174|34,32|-1775,494|0|0,7|0|0,7|0|6|0|1
57,225|12,224|34,32|-1775,473|0|0,7|0|0,7|0|6|0|1
57,4|13,264|34,32|-1775,565|0|0,8|0|0,7|0|6|0|1
57,575|14,115|34,32|-1776,134|0|0,9|0|0,4|0|6|0|1
57,75|14,32|34,32|-1776,436|0|0,9|0|0,4|0|0|0|1
57,925|14,323|34,32|-1776,44|0|0,9|0|0,4|0|0|0|1
58,1|14,323|34,32|-1776,44|0|0,9|0|0,4|0|3|0|1
58,275|14,134|34,32|-1777,307|0|1|0|0|0|6|0|1
58,45|13,903|34,32|-1778,328|0|1|0|-0,1|0|6|0|1
58,625|13,671|34,32|-1779,353|0|1|0|-0,1|0|6|0|1
58,8|14,108|34,32|-1780,262|0|1|0|0,2|0|6|0|1
58,975|14,181|34,32|-1780,953|0|1|0|0|0|0|0|1
59,15|14,177|34,32|-1780,983|0|1|0|0|0|0|0|1
59,325|14,177|34,32|-1780,983|0|1|0|0|0|0|0|1
59,5|14,177|34,32|-1780,983|0|1|0|0|0|0|0|1
59,675|14,177|34,32|-1780,983|0|1|0|0|0|0|0|1
59,85|13,504|34,32|-1781,09|0|-0,9|0|0,5|0|6|0|1
60,025|12,471|34,32|-1781,238|0|-0,8|0|0,6|0|6|0|1
60,2|11,425|34,32|-1781,322|0|-0,7|0|0,7|0|6|0|1
60,375|10,376|34,32|-1781,32|0|-0,7|0|0,7|0|6|0|1
60,55|9,331|34,32|-1781,214|0|-0,7|0|0,7|0|6|0|1
60,725|8,289|34,32|-1781,086|0|-0,7|0|0,7|0|6|0|1
60,9|7,247|34,32|-1780,957|0|-0,7|0|0,7|0|6|0|1
61,075|6,205|34,32|-1780,828|0|-0,7|0|0,7|0|6|0|1
61,25|5,162|34,32|-1780,705|0|-0,7|0|0,7|0|6|0|1
61,425|4,115|34,32|-1780,63|0|-0,7|0|0,7|0|6|0|1
61,6|3,066|34,32|-1780,611|0|-0,7|0|0,7|0|6|0|1
61,775|2,016|34,32|-1780,625|0|-0,7|0|0,7|0|6|0|1
61,95|0,969|34,32|-1780,696|0|-0,7|0|0,7|0|6|0|1
62,125|-0,062|34,32|-1780,886|0|-0,8|0|0,6|0|6|0|1
62,3|-0,509|34,32|-1781,396|0|0,9|0|-0,5|0|5|0|1
62,475|-0,513|34,32|-1782,315|0|1|0|-0,2|0|6|0|1
62,65|-0,514|34,32|-1783,359|0|1|0|0|0|6|0|1
62,825|-0,514|34,32|-1784,409|0|1|0|0|0|6|0|1
63|-0,514|34,32|-1785,459|0|1|0|0|0|6|0|1
63,175|-0,468|34,32|-1786,507|0|1|0|0|0|6|0|1
63,35|-0,207|34,32|-1787,519|0|1|0|0,1|0|6|0|1
63,525|0,245|34,32|-1788,465|0|1|0|0,2|0|6|0|1
63,7|0,942|34,32|-1789,147|0|0,9|0|0,5|0|6|0|1
63,875|1,969|34,32|-1789,306|0|0,8|0|0,6|0|6|0|1
64,05|3,01|34,32|-1789,44|0|0,8|0|0,7|0|6|0|1
64,225|3,942|34,32|-1789,765|0|0,9|0|0,5|0|6|0|1
64,4|4,587|34,32|-1790,582|0|0,9|0|0,3|0|6|0|1
64,575|5,153|34,32|-1791,465|0|1|0|0,3|0|6|0|1
64,75|5,611|34,32|-1792,408|0|1|0|0,2|0|12|10|1
64,925|5,967|35,575|-1793,365|0|1|0|0,2|0|6|3|1
65,1|6,24|36,087|-1794,34|0|1|0|0,1|1|6|2|1
65,275|6,421|36,524|-1795,337|0|1|0|0,1|0|6|2|1
65,45|6,557|36,39|-1796,341|0|1|0|0,1|0|7|-4|1
65,625|6,675|35,313|-1797,347|0|1|0|0|0|11|-9|1
65,8|6,781|34,32|-1798,365|0|1|0|0|0|6|0|1
65,975|6,878|34,32|-1799,41|0|1|0|0|0|6|0|1
66,15|6,987|34,32|-1800,454|0|1|0|0,1|0|6|0|1
66,325|7,129|34,32|-1801,494|0|1|0|0,1|0|6|0|1
66,5|7,281|34,32|-1802,533|0|1|0|0,1|0|6|0|1
66,675|7,385|34,32|-1803,577|0|1|0|0|0|6|0|1
66,85|7,333|35,428|-1804,603|0|1|0|-0,1|0|7|4|1
67,025|7,152|35,971|-1805,598|0|1|0|-0,2|1|7|3|1
67,2|6,827|36,422|-1806,557|0|1|0|-0,2|1|6|3|1
67,375|6,464|36,893|-1807,503|0|1|0|-0,2|1|6|2|1
67,55|6,157|37,314|-1808,707|0|1|0|-0,1|1|9|3|1
67,725|5,949|37,743|-1810,413|0|1|0|-0,1|1|12|3|1
67,9|5,831|38,212|-1812,528|0|1|0|0|1|13|2|1
68,075|5,815|38,646|-1814,983|0|1|0|0|1|15|3|1
68,25|5,908|39,113|-1817,719|0|1|0|0,1|1|17|2|1
68,425|6,33|39,54|-1820,659|0|0,9|0|0,3|1|18|3|1
68,6|7,441|39,878|-1823,537|0|0,9|0|0,4|0|16|-1|1
68,775|8,668|39,339|-1825,897|0|0,9|0|0,4|0|15|-6|1
68,95|9,887|37,923|-1827,762|0|0,9|0|0,4|0|16|-11|1
69,125|11,045|35,774|-1829,225|0|0,9|0|0,4|0|17|-14|1
69,3|11,809|34,32|-1830,422|0|1|0|0,2|0|12|10|1
69,475|11,952|35,575|-1831,443|0|1|0|0|0|6|3|1
69,65|12,003|36,087|-1832,455|0|1|0|0|1|7|2|1
69,825|11,932|36,524|-1833,817|0|1|0|-0,1|1|10|2|1
70|11,742|36,948|-1835,629|0|1|0|-0,1|1|12|3|1
70,175|11,448|37,451|-1837,812|0|1|0|-0,1|1|14|2|1
70,35|11,083|37,885|-1840,305|0|1|0|-0,1|1|15|2|1
70,525|10,668|38,321|-1843,057|0|1|0|-0,1|1|17|3|1
70,7|10,222|38,806|-1846,028|0|1|0|-0,1|1|18|3|1
70,875|9,793|39,271|-1849,017|0|1|0|-0,1|1|16|3|1
71,05|9,427|39,31|-1851,543|0|1|0|-0,1|0|13|-3|1
71,226|9,127|38,379|-1853,657|0|1|0|-0,1|0|14|-8|1
71,401|8,886|36,635|-1855,428|0|1|0|-0,1|0|15|-12|1
71,576|8,696|34,319|-1856,911|0|1|0|-0,1|0|7|0|1
71,751|8,575|34,32|-1858,007|0|1|0|-0,1|0|12|10|1
71,926|8,462|35,575|-1859,023|0|1|0|-0,1|0|6|3|1
72,101|8,356|36,416|-1859,961|0|1|0|-0,1|1|9|7|1
72,276|8,27|37,882|-1860,747|0|1|0|-0,1|0|11|10|1
72,451|8,204|39,78|-1861,38|0|0,9|0|-0,5|0|12|12|1
72,626|8,2|42,04|-1861,487|0|-0,1|0|1|0|14|14|1
72,801|8,224|44,602|-1861,366|0|-0,1|0|1|0|16|16|1
72,976|8,246|47,419|-1861,264|0|-0,1|0|1|0|17|17|1
73,151|8,251|50,447|-1861,316|0|-0,9|0|0,5|0|18|18|1
73,326|8,195|53,653|-1861,886|0|1|0|-0,1|0|19|19|1
73,501|8,094|57,008|-1862,85|0|1|0|-0,1|0|19|18|1
73,676|7,982|59,482|-1863,857|0|1|0|-0,1|0|11|9|1
73,851|7,867|60,573|-1864,864|0|1|0|-0,1|1|6|2|1
74,026|7,745|61,009|-1865,87|0|1|0|-0,1|1|7|3|1
74,201|7,624|61,449|-1866,876|0|1|0|-0,1|1|7|3|1
74,376|7,509|61,564|-1867,882|0|1|0|-0,1|0|6|-3|1
74,551|7,399|60,696|-1868,89|0|1|0|-0,1|0|10|-8|1
74,726|7,293|59,005|-1869,897|0|1|0|-0,1|0|13|-12|1
74,901|7,19|56,625|-1870,905|0|1|0|0|0|17|-16|1
75,076|7,144|55,61|-1871,933|0|1|0|0|0|6|0|1
75,251|7,218|55,61|-1872,98|0|1|0|0|0|6|0|1
75,426|7,321|55,61|-1874,025|0|1|0|0|0|6|0|1
75,601|7,41|55,61|-1875,071|0|1|0|0|0|6|0|1
75,776|7,489|55,61|-1876,118|0|1|0|0|0|6|0|1
75,951|7,567|55,61|-1877,165|0|1|0|0|0|6|0|1
76,126|7,643|55,61|-1878,213|0|1|0|0|0|6|0|1
76,301|7,713|55,61|-1879,26|0|1|0|0|0|6|0|1
76,476|7,781|55,61|-1880,308|0|1|0|0|0|6|0|1
76,651|7,843|55,61|-1881,356|0|1|0|0|0|6|0|1
76,826|7,903|55,61|-1882,405|0|1|0|0|0|6|0|1
77,001|7,96|55,61|-1883,453|0|1|0|0|0|6|0|1
77,176|8,011|55,61|-1884,502|0|1|0|0|0|6|0|1
77,351|8,055|55,61|-1885,551|0|1|0|0|0|6|0|1
77,526|8,095|55,96|-1886,6|0|1|0|0|0|10|8|1
77,701|8,131|56,965|-1887,613|0|1|0|0|1|6|3|1
77,876|8,164|57,447|-1888,626|0|1|0|0|1|7|3|1
78,051|8,194|57,893|-1889,638|0|1|0|0|1|7|3|1
78,226|8,217|58,541|-1890,734|0|1|0|0|1|9|5|1
78,401|8,24|59,417|-1892,316|0|1|0|0|1|12|5|1
78,576|8,266|60,403|-1894,347|0|1|0|0|1|14|6|1
78,751|8,297|61,482|-1896,754|0|1|0|0|1|16|6|1
78,926|8,32|62,637|-1899,474|0|1|0|0|1|18|7|1
79,101|8,332|63,857|-1902,459|0|1|0|0|0|19|7|1
79,276|8,339|65,13|-1905,663|0|1|0|0|0|20|7|1
79,451|8,344|66,449|-1909,052|0|1|0|0|1|21|8|1
79,626|8,344|67,806|-1912,594|0|1|0|0|1|22|8|1
79,801|8,332|69,194|-1916,266|0|1|0|0|0|23|8|1
79,976|8,309|70,609|-1920,046|0|1|0|0|0|23|8|1
80,151|8,282|72,046|-1923,916|0|1|0|0|0|24|8|1
80,326|8,252|73,501|-1927,861|0|1|0|0|0|24|8|1
80,501|8,218|74,839|-1931,84|0|1|0|0|0|22|4|1
80,676|8,17|75,16|-1935,33|0|1|0|0|0|18|-2|1
80,852|8,115|74,465|-1938,251|0|1|0|0|0|17|-7|1
81,027|8,076|72,919|-1940,626|0|0,7|0|0,7|0|16|-11|1
81,202|8,087|70,66|-1942,126|0|0,2|0|1|0|16|-15|1
81,377|8,148|67,806|-1942,833|0|0,1|0|1|0|18|-18|1
81,552|8,25|64,453|-1942,876|0|0,1|0|1|0|2|0|1
81,727|8,357|64,43|-1942,09|0|0|0|1|0|6|0|1
81,902|8,401|64,43|-1941,62|0|-0,7|0|0,7|0|5|0|1
82,077|8,406|64,43|-1942,572|0|1|0|-0,1|0|6|0|1
82,252|9,086|64,43|-1943,341|0|1|0|0,3|0|6|0|1
82,427|9,839|64,43|-1944,071|0|0,9|0|0,4|0|6|0|1
82,602|10,595|64,43|-1944,8|0|0,9|0|0,4|0|6|0|1
82,777|11,347|64,43|-1945,533|0|0,9|0|0,4|0|6|0|1
82,952|11,46|64,43|-1946,535|0|1|0|0,1|0|6|0|1
83,127|11,458|64,43|-1947,584|0|1|0|0|0|6|0|1
83,302|11,453|64,43|-1948,634|0|1|0|0|0|6|0|1
83,477|11,448|64,43|-1949,684|0|1|0|0|0|6|0|1
83,652|11,444|63,732|-1950,676|0|1|0|0|0|9|-7|1
83,827|11,44|62,638|-1951,689|0|1|0|0|1|6|-3|1
84,002|11,434|62,581|-1952,702|0|1|0|0|1|7|3|1
84,177|11,425|63,013|-1953,715|0|1|0|0|1|6|3|1
84,352|11,416|63,501|-1954,729|0|1|0|0|1|6|2|1
84,527|11,406|63,938|-1955,742|0|1|0|0|0|6|1|1
84,702|11,396|63,671|-1956,755|0|1|0|0|0|8|-5|1
84,877|11,387|62,725|-1957,768|0|1|0|0|1|6|-3|1
85,052|11,376|62,648|-1958,781|0|1|0|0|1|6|3|1
85,227|11,358|63,091|-1959,794|0|1|0|0|0|6|2|1
85,402|11,334|62,945|-1960,808|0|1|0|0|0|7|-4|1
85,577|11,303|61,94|-1961,82|0|1|0|0|1|7|-4|1
85,752|11,266|61,595|-1962,833|0|1|0|0|1|6|2|1
85,927|11,226|61,993|-1963,845|0|1|0|0|0|6|0|1
86,102|11,186|61,57|-1964,858|0|1|0|0|1|7|-3|1
86,277|11,144|61,416|-1965,87|0|1|0|0|1|6|3|1
86,452|11,102|61,894|-1966,883|0|1|0|0|1|7|3|1
86,627|11,059|61,989|-1967,896|0|1|0|0|0|7|-3|1
86,802|11,014|61,581|-1968,908|0|1|0|0|1|6|1|1
86,977|10,958|61,939|-1969,92|0|1|0|0|1|7|3|1
87,152|10,868|62,373|-1970,929|0|1|0|-0,1|1|6|3|1
87,327|10,729|62,867|-1971,932|0|1|0|-0,1|1|6|2|1
87,502|10,518|63,282|-1972,923|0|1|0|-0,1|1|6|3|1
87,677|10,206|63,765|-1973,887|0|1|0|-0,2|1|6|2|1
87,852|9,783|64,222|-1974,807|0|1|0|-0,2|1|7|3|1
88,027|9,287|64,671|-1975,691|0|1|0|-0,3|1|7|3|1
88,202|8,77|65,16|-1976,562|0|1|0|-0,3|1|6|2|1
88,377|8,288|65,606|-1977,453|0|1|0|-0,2|1|6|3|1
88,552|7,922|66,106|-1978,397|0|1|0|-0,1|1|6|2|1
88,727|7,658|66,499|-1979,375|0|1|0|-0,1|0|6|0|1
88,902|7,434|66,161|-1980,363|0|1|0|-0,1|0|8|-5|1
89,077|7,258|64,913|-1981,361|0|1|0|0|0|11|-10|1
89,252|7,171|64,43|-1982,386|0|1|0|0|0|6|0|1
89,427|7,155|64,43|-1983,435|0|1|0|0|0|12|10|1
89,602|7,143|65,685|-1984,455|0|1|0|0|0|6|3|1
89,777|7,132|66,197|-1985,469|0|1|0|0|1|6|2|1
89,952|7,121|66,586|-1986,482|0|1|0|0|0|6|0|1
90,127|7,111|66,233|-1987,495|0|1|0|0|0|8|-5|1
90,303|7,101|65,055|-1988,508|0|1|0|0|1|8|-5|1
90,478|7,091|64,565|-1989,521|0|1|0|0|1|6|1|1
90,653|7,081|64,923|-1990,535|0|1|0|0|1|7|3|1
90,828|7,072|65,386|-1991,548|0|1|0|0|1|6|2|1
91,003|7,062|65,823|-1992,561|0|1|0|0|1|7|3|1
91,178|7,052|66,31|-1993,574|0|1|0|0|1|6|2|1
91,353|7,042|66,738|-1994,587|0|1|0|0|1|6|3|1
91,528|7,049|66,995|-1995,6|0|1|0|0,1|1|6|0|1
91,703|7,433|67,37|-1996,532|0|1|0|0,2|1|7|3|1
91,878|7,625|67,834|-1997,524|0|1|0|0|1|6|2|1
92,053|7,67|68,303|-1998,536|0|1|0|0|1|7|3|1
92,228|7,676|68,633|-1999,549|0|1|0|0|0|6|-1|1
92,403|7,674|68,091|-2000,563|0|1|0|0|0|9|-6|1
92,578|7,668|67,457|-2001,576|0|1|0|0|1|6|0|1
92,753|7,659|67,774|-2002,589|0|1|0|0|1|7|3|1
92,928|7,649|68,184|-2003,602|0|1|0|0|0|6|0|1
93,103|7,639|67,807|-2004,615|0|1|0|0|0|8|-5|1
93,278|7,629|67,003|-2005,628|0|1|0|0|1|6|-1|1
93,453|7,618|67,19|-2006,642|0|1|0|0|1|6|2|1
93,628|7,608|67,63|-2007,655|0|1|0|0|1|6|2|1
93,803|7,597|67,541|-2008,668|0|1|0|0|0|7|-4|1
93,978|7,587|67,287|-2009,681|0|1|0|0|1|6|2|1
94,153|7,576|67,721|-2010,694|0|1|0|0|1|7|4|1
94,328|7,565|67,925|-2011,708|0|1|0|0|0|6|-2|1
94,503|7,555|67,214|-2012,721|0|1|0|0|1|7|-3|1
94,678|7,544|67,114|-2013,734|0|1|0|0|1|6|3|1
94,853|7,534|67,589|-2014,747|0|1|0|0|1|6|2|1
95,028|7,523|67,845|-2015,76|0|1|0|0|0|6|-2|1
95,203|7,512|67,165|-2016,773|0|1|0|0|0|9|-7|1
95,378|7,502|66,108|-2017,787|0|1|0|0|1|6|-3|1
95,553|7,491|66,083|-2018,8|0|1|0|0|1|7|3|1
95,728|7,481|66,206|-2019,813|0|1|0|0|0|6|-3|1
95,903|7,47|65,586|-2020,826|0|1|0|0|1|6|-1|1
96,078|7,459|65,783|-2021,839|0|1|0|0|1|6|2|1
96,253|7,449|66,22|-2022,853|0|1|0|0|1|6|2|1
96,428|7,438|66,655|-2023,866|0|1|0|0|1|7|3|1
96,603|7,428|67,113|-2024,879|0|1|0|0|1|6|2|1
96,778|7,417|67,589|-2025,892|0|1|0|0|1|6|2|1
96,953|7,406|68,02|-2026,905|0|1|0|0|1|6|3|1
97,128|7,396|68,458|-2027,918|0|1|0|0|1|6|3|1
97,303|7,385|68,898|-2028,932|0|1|0|0|0|6|1|1
97,478|7,374|68,582|-2029,945|0|1|0|0|0|8|-5|1
97,653|7,364|67,353|-2030,958|0|1|0|0|0|11|-10|1
97,828|7,353|65,36|-2031,971|0|1|0|0|0|15|-14|1
98,003|7,342|64,43|-2033,001|0|1|0|0|0|6|0|1
98,178|7,332|64,43|-2034,051|0|1|0|0|0|6|0|1
98,353|7,322|64,43|-2035,1|0|1|0|0|0|6|0|1
98,528|7,32|64,43|-2036,15|0|1|0|0|0|6|0|1
98,703|7,329|64,43|-2037,2|0|1|0|0|0|6|0|1
98,878|7,341|65,336|-2038,235|0|1|0|0|0|8|6|1
99,053|7,352|66,001|-2039,248|0|1|0|0|1|6|2|1
99,228|7,365|66,434|-2040,262|0|1|0|0|1|6|3|1
99,403|7,378|66,897|-2041,275|0|1|0|0|1|7|3|1
99,578|7,392|67,326|-2042,288|0|1|0|0|1|6|3|1
99,753|7,405|67,585|-2043,301|0|1|0|0|0|6|-2|1
99,929|7,418|66,884|-2044,314|0|1|0|0|1|7|-5|1
100,104|7,432|66,497|-2045,328|0|1|0|0|1|6|1|1
100,279|7,445|66,939|-2046,341|0|1|0|0|1|6|2|1
100,454|7,458|67,348|-2047,354|0|1|0|0|0|6|1|1
100,629|7,471|67,036|-2048,367|0|1|0|0|0|8|-5|1
100,804|7,485|66,287|-2049,38|0|1|0|0|1|6|-1|1
100,979|7,498|66,519|-2050,393|0|1|0|0|1|6|2|1
101,154|7,511|66,78|-2051,406|0|1|0|0|0|6|-2|1
101,329|7,524|66,105|-2052,42|0|1|0|0|1|7|-5|1
101,504|7,538|65,739|-2053,433|0|1|0|0|1|6|1|1
101,679|7,551|66,2|-2054,446|0|1|0|0|0|6|2|1
101,854|7,564|66,128|-2055,459|0|1|0|0|0|7|-4|1
102,029|7,577|65,58|-2056,472|0|1|0|0|1|6|0|1
102,204|7,591|65,898|-2057,486|0|1|0|0|1|7|3|1
102,379|7,604|66,235|-2058,499|0|1|0|0|0|6|-1|1
102,554|7,617|65,695|-2059,512|0|1|0|0|1|7|-4|1
102,729|7,63|65,442|-2060,525|0|1|0|0|1|6|2|1
102,904|7,644|65,875|-2061,538|0|1|0|0|1|7|4|1
103,079|7,657|66,381|-2062,552|0|1|0|0|1|6|2|1
103,254|7,67|66,693|-2063,565|0|1|0|0|0|6|-1|1
103,429|7,684|66,21|-2064,578|0|1|0|0|1|6|-2|1
103,604|7,697|66,303|-2065,591|0|1|0|0|1|7|3|1
103,779|7,71|66,789|-2066,604|0|1|0|0|1|6|2|1
103,954|7,723|67,217|-2067,617|0|1|0|0|0|6|0|1
104,129|7,737|67,375|-2068,631|0|1|0|0|1|7|4|1
104,304|7,75|67,888|-2069,644|0|1|0|0|1|6|2|1
104,479|7,763|68,091|-2070,657|0|1|0|0|0|6|-2|1
104,654|7,776|67,367|-2071,67|0|1|0|0|0|9|-7|1
104,829|7,79|66,581|-2072,683|0|1|0|0|1|6|-1|1
105,004|7,803|66,852|-2073,697|0|1|0|0|0|6|2|1
105,179|7,816|66,846|-2074,71|0|1|0|0|0|7|-3|1
105,354|7,829|65,957|-2075,723|0|1|0|0|1|7|-4|1
105,529|7,842|65,71|-2076,736|0|1|0|0|1|6|2|1
105,704|7,854|66,111|-2077,749|0|1|0|0|0|6|0|1
105,879|7,867|65,77|-2078,762|0|1|0|0|1|6|-3|1
106,054|7,879|65,683|-2079,776|0|1|0|0|1|6|3|1
106,229|7,892|66,168|-2080,789|0|1|0|0|1|6|2|1
106,404|7,904|66,062|-2081,802|0|1|0|0|0|7|-4|1
106,579|7,916|65,01|-2082,815|0|1|0|0|1|9|-7|1
106,754|7,929|64,327|-2083,828|0|1|0|0|1|6|0|1
106,929|7,941|64,605|-2084,842|0|1|0|0|0|6|1|1
107,104|7,954|64,305|-2085,855|0|1|0|0|0|8|-5|1
107,279|7,966|63,331|-2086,868|0|1|0|0|1|7|-3|1
107,454|7,978|63,232|-2087,881|0|1|0|0|1|6|3|1
107,629|7,991|63,7|-2088,894|0|1|0|0|1|6|2|1
107,804|8,003|64,166|-2089,907|0|1|0|0|1|7|3|1
107,979|8,015|64,631|-2090,921|0|1|0|0|1|6|2|1
108,154|8,028|65,069|-2091,934|0|1|0|0|1|6|2|1
108,329|8,04|65,259|-2092,947|0|1|0|0|0|6|-2|1
108,504|8,053|64,523|-2093,96|0|1|0|0|0|9|-7|1
108,679|8,065|63,42|-2094,973|0|1|0|0|1|6|-3|1
108,854|8,077|63,355|-2095,987|0|1|0|0|1|7|3|1
109,03|8,09|63,793|-2097|0|1|0|0|1|6|3|1
109,205|8,102|64,236|-2098,013|0|1|0|0|1|6|3|1
109,38|8,114|64,719|-2099,026|0|1|0|0|1|7|3|1
109,555|8,127|65,149|-2100,039|0|1|0|0|1|6|3|1
109,73|8,139|65,608|-2101,052|0|1|0|0|1|7|3|1
109,905|8,152|66,062|-2102,066|0|1|0|0|1|6|2|1
110,08|8,164|66,501|-2103,079|0|1|0|0|1|7|3|1
110,255|8,176|66,938|-2104,092|0|1|0|0|1|6|3|1
110,43|8,189|67,398|-2105,105|0|1|0|0|1|6|2|1
110,605|8,201|67,838|-2106,118|0|1|0|0|1|6|2|1
110,78|8,214|68,269|-2107,132|0|1|0|0|1|7|3|1
110,955|8,226|68,716|-2108,145|0|1|0|0|1|7|3|1
111,13|8,238|69,172|-2109,158|0|1|0|0|1|6|3|1
111,305|8,251|69,641|-2110,171|0|1|0|0|1|6|2|1
111,48|8,263|70,083|-2111,184|0|1|0|0|1|7|3|1
111,655|8,275|70,43|-2112,198|0|1|0|0|0|6|-1|1
111,83|8,288|69,898|-2113,211|0|1|0|0|0|8|-6|1
112,005|8,3|68,489|-2114,224|0|1|0|0|0|12|-11|1
112,18|8,313|66,345|-2115,237|0|1|0|0|0|16|-14|1
112,355|8,325|63,587|-2116,25|0|1|0|0|0|18|-18|1
112,53|8,339|60,314|-2116,38|0|1|0|0|0|20|-20|1
112,705|8,358|56,61|-2116,927|0|1|0|0|0|23|-22|1
112,88|8,379|52,547|-2117,888|0|1|0|0|0|25|-24|1
113,055|8,398|48,182|-2118,901|0|1|0|0|0|26|-26|1
113,23|8,413|43,565|-2119,893|0|1|0|0|0|28|-27|1
113,405|8,426|38,737|-2120,742|0|1|0|0|0|29|-28|1
113,58|8,437|33,732|-2121,453|0|1|0|0|0|29|-29|1