0|2,618|-13,642|91,78|0|1|0|0|0|1|-1|1
0,175|2,618|-14,234|91,78|0|1|0|0|0|7|-7|1
0,35|2,618|-14,635|91,78|0|1|0|0|0|0|0|1
0,525|2,618|-14,635|91,78|0|1|0|0|0|0|0|1
0,7|2,618|-14,635|91,78|0|1|0|0|0|0|0|1
0,875|2,618|-14,635|91,78|0|1|0|0|0|0|0|1
1,05|2,618|-14,635|91,78|0|1|0|0|0|0|0|1
1,225|2,618|-14,635|91,78|0|1|0|0|0|0|0|1
1,4|2,618|-14,635|91,78|0|1|0|0|0|0|0|1
1,575|2,618|-14,635|91,78|0|1|0|0|0|0|0|1
1,75|2,628|-14,635|91,897|0|0,9|0|0,4|0|5|0|1
1,925|2,747|-14,635|92,868|0|0,2|0|1|0|6|0|1
2,1|3,225|-14,635|93,71|0|0,4|0|0,9|0|6|0|1
2,275|4,079|-14,635|94,313|0|0,4|0|0,9|0|6|0|1
2,45|4,96|-14,635|94,884|0|0,5|0|0,9|0|6|0|1
2,625|5,884|-14,635|95,23|0|0,6|0|0,8|0|3|0|1
2,8|6,039|-14,635|95,218|0|0,6|0|0,8|0|0|0|1
2,975|6,041|-14,635|95,218|0|0,6|0|0,8|0|0|0|1
3,15|6,041|-14,635|95,218|0|0,6|0|0,8|0|0|0|1
3,325|6,041|-14,635|95,218|0|0,6|0|0,8|0|0|0|1
3,5|6,041|-14,635|95,218|0|0,6|0|0,8|0|0|0|1
3,675|6,041|-14,635|95,218|0|0,6|0|0,8|0|0|0|1
3,85|6,041|-14,635|95,218|0|0,6|0|0,8|0|0|0|1
4,025|6,041|-14,635|95,218|0|0,6|0|0,8|0|0|0|1
4,2|6,041|-14,635|95,218|0|0,6|0|0,8|0|0|0|1
4,375|5,936|-14,635|94,751|0|1|0|0,2|0|6|0|1
4,55|5,709|-14,635|93,74|0|1|0|-0,1|0|6|0|1
4,725|5,479|-14,635|92,716|0|1|0|-0,1|0|6|0|1
4,9|5,249|-14,635|91,692|0|1|0|-0,1|0|6|0|1
5,075|5,019|-14,635|90,667|0|1|0|-0,1|0|6|0|1
5,25|4,789|-14,635|89,642|0|1|0|-0,1|0|6|0|1
5,425|4,559|-14,635|88,618|0|1|0|-0,1|0|6|0|1
5,6|4,329|-14,635|87,593|0|1|0|-0,1|0|6|0|1
5,775|4,1|-14,635|86,569|0|1|0|-0,1|0|6|0|1
5,95|3,888|-14,635|85,541|0|1|0|-0,1|0|6|0|1
6,125|3,722|-13,982|84,511|0|1|0|-0,1|0|9|7|1
6,3|3,57|-13,191|83,509|0|1|0|-0,1|1|7|4|1
6,475|3,519|-12,692|82,506|0|1|0|0,1|1|6|2|1
6,65|3,918|-12,237|81,578|0|1|0|0,3|1|6|2|1
6,825|4,47|-11,799|80,729|0|1|0|0,3|1|6|2|1
7|5,059|-11,378|79,904|0|1|0|0,3|1|7|3|1
7,175|5,626|-10,924|79,065|0|1|0|0,3|1|7|4|1
7,35|6,162|-10,424|78,21|0|0,9|0|0,4|1|6|2|1
7,525|6,894|-9,965|77,509|0|0,9|0|0,4|1|6|2|1
7,7|7,579|-9,531|76,764|0|0,9|0|0,3|1|7|4|1
7,875|8,15|-9,021|75,928|0|1|0|0,3|1|6|2|1
8,05|8,577|-8,563|75,01|0|1|0|0,2|1|7|3|1
8,225|8,803|-8,112|74,025|0|1|0|0|1|6|3|1
8,4|8,791|-7,646|73,014|0|1|0|-0,1|1|6|2|1
8,575|8,58|-7,226|72,024|0|1|0|-0,2|1|7|3|1
8,75|8,234|-6,795|71,072|0|1|0|-0,2|1|6|3|1
8,925|7,777|-6,301|70,169|0|1|0|-0,3|1|7|3|1
9,1|7,219|-5,85|69,323|0|0,9|0|-0,3|1|6|3|1
9,275|6,592|-5,395|68,527|0|0,9|0|-0,3|1|6|2|1
9,45|5,937|-4,971|67,754|0|0,9|0|-0,3|1|6|3|1
9,625|5,271|-4,583|66,991|0|0,9|0|-0,4|0|6|0|1
9,8|4,601|-5,063|66,231|0|0,9|0|-0,4|0|8|-6|1
9,975|3,927|-6,428|65,474|0|0,9|0|-0,4|0|12|-10|1
10,15|3,303|-6,976|64,659|0|1|0|-0,3|0|6|0|1
10,325|3,152|-6,976|64,325|0|1|0|-0,3|0|0|0|1
10,5|2,777|-6,976|64,617|0|-0,7|0|0,7|0|6|0|1
10,675|1,86|-6,976|65,095|0|-0,6|0|0,8|0|6|0|1
10,85|0,998|-6,976|65,45|0|-0,6|0|0,8|0|3|0|1
11,025|0,723|-6,976|64,613|0|1|0|-0,3|0|6|0|1
11,2|0,605|-6,976|63,574|0|1|0|-0,1|0|6|0|1
11,375|0,607|-6,976|62,525|0|1|0|0|0|6|0|1
11,55|0,67|-6,976|61,477|0|1|0|0|0|6|0|1
11,725|0,763|-6,976|60,431|0|1|0|0|0|6|0|1
11,9|0,869|-6,976|59,387|0|1|0|0,1|0|6|0|1
12,075|0,98|-6,976|58,343|0|1|0|0,1|0|6|0|1
12,25|1,095|-6,976|57,299|0|1|0|0,1|0|6|0|1
12,425|1,212|-6,975|56,255|0|1|0|0,1|0|6|0|1
12,6|1,328|-6,975|55,212|0|1|0|0,1|0|6|0|1
12,775|1,443|-6,975|54,168|0|1|0|0,1|0|6|0|1
12,95|1,556|-6,975|53,124|0|1|0|0,1|0|6|0|1
13,125|1,665|-6,975|52,08|0|1|0|0,1|0|6|0|1
13,3|1,773|-6,975|51,036|0|1|0|0,1|0|6|0|1
13,475|1,88|-6,975|49,991|0|1|0|0,1|0|6|0|1
13,65|1,987|-6,975|48,947|0|1|0|0,1|0|6|0|1
13,825|2,091|-6,975|47,902|0|1|0|0|0|6|0|1
14|2,186|-6,975|46,856|0|1|0|0|0|6|0|1
14,175|2,265|-6,322|45,816|0|1|0|0|0|9|7|1
14,35|2,335|-5,531|44,806|0|1|0|0|1|7|4|1
14,525|2,399|-5,032|43,794|0|1|0|0|1|6|2|1
14,7|2,452|-4,577|42,782|0|1|0|0|1|6|2|1
14,875|2,496|-4,139|41,77|0|1|0|0|1|6|2|1
15,05|2,527|-3,799|40,757|0|1|0|0|0|6|-1|1
15,225|2,549|-4,317|39,744|0|1|0|0|0|8|-6|1
15,4|2,565|-5,475|38,731|0|1|0|0|1|7|-4|1
15,575|2,572|-5,728|37,718|0|1|0|0|1|6|2|1
15,75|2,571|-5,294|36,705|0|1|0|0|1|7|4|1
15,925|2,567|-4,788|35,692|0|1|0|0|1|6|2|1
16,1|2,563|-4,329|34,678|0|1|0|0|1|7|3|1
16,275|2,558|-3,881|33,665|0|1|0|0|1|7|3|1
16,45|2,552|-3,555|32,652|0|1|0|0|0|6|-1|1
16,625|2,546|-4,104|31,639|0|1|0|0|0|9|-6|1
16,8|2,54|-5,287|30,625|0|1|0|0|1|7|-4|1
16,975|2,533|-5,561|29,612|0|1|0|0|1|6|2|1
17,15|2,525|-5,121|28,599|0|1|0|0|1|6|2|1
17,325|2,517|-4,725|27,586|0|1|0|0|0|6|0|1
17,5|2,508|-5,059|26,572|0|1|0|0|0|8|-5|1
17,675|2,498|-6,303|25,559|0|1|0|0|0|11|-10|1
17,85|2,488|-6,978|24,529|0|1|0|0|0|6|0|1
18,025|2,476|-6,978|23,48|0|1|0|0|0|6|0|1
18,2|2,464|-6,978|22,43|0|1|0|0|0|6|0|1
18,375|2,452|-6,978|21,38|0|1|0|0|0|6|0|1
18,55|2,44|-6,978|20,33|0|1|0|0|0|6|0|1
18,725|2,425|-6,978|19,28|0|1|0|0|0|6|0|1
18,9|2,39|-6,978|18,231|0|1|0|0|0|6|0|1
19,075|2,325|-6,978|17,183|0|1|0|0|0|6|0|1
19,25|2,253|-6,978|16,135|0|1|0|0|0|6|0|1
19,425|2,181|-6,978|15,088|0|1|0|0|0|6|0|1
19,6|1,5|-6,978|14,343|0|0,9|0|-0,4|0|6|0|1
19,775|0,708|-6,978|13,655|0|0,9|0|-0,4|0|6|0|1
19,95|-0,087|-6,978|12,97|0|0,9|0|-0,4|0|6|0|1
20,125|-0,886|-6,978|12,287|0|0,9|0|-0,4|0|6|0|1
20,3|-1,684|-6,978|11,605|0|0,9|0|-0,4|0|6|0|1
20,475|-2,018|-6,978|10,687|0|1|0|-0,1|0|6|0|1
20,65|-2,105|-6,978|9,642|0|1|0|-0,1|0|6|0|1
20,825|-2,187|-6,978|8,596|0|1|0|0|0|6|0|1
21|-2,27|-6,978|7,549|0|1|0|0|0|6|0|1
21,175|-2,351|-6,072|6,517|0|1|0|0|0|8|6|1
21,35|-2,43|-5,407|5,507|0|1|0|0|1|6|2|1
21,525|-2,51|-4,974|4,496|0|1|0|0|1|6|3|1
21,7|-2,589|-4,511|3,486|0|1|0|0|1|7|3|1
21,875|-2,669|-4,082|2,476|0|1|0|0|1|6|3|1
22,05|-2,747|-3,616|1,466|0|1|0|0|1|6|2|1
22,225|-2,815|-3,14|0,455|0|1|0|0|1|6|2|1
22,4|-2,849|-2,706|-0,558|0|1|0|0|1|6|3|1
22,575|-2,826|-2,236|-1,57|0|1|0|0|1|7|3|1
22,75|-2,727|-1,745|-2,579|0|1|0|0,1|1|6|2|1
22,925|-2,55|-1,301|-3,576|0|1|0|0,1|1|6|3|1
23,1|-2,299|-0,867|-4,558|0|1|0|0,2|0|6|0|1
23,275|-2,008|-1,295|-5,528|0|1|0|0,1|0|8|-6|1
23,45|-1,889|-2,617|-6,533|0|1|0|-0,1|0|12|-10|1
23,625|-1,857|-4,688|-7,545|0|1|0|0|0|15|-14|1
23,8|-1,757|-6,981|-8,553|0|1|0|0,1|0|6|0|1
23,975|-1,198|-6,981|-9,411|0|0,9|0|0,3|0|6|0|1
24,15|-0,357|-6,981|-10,027|0|0,9|0|0,5|0|5|0|1
24,325|0,567|-6,981|-9,692|0|0,6|0|0,8|0|6|0|1
24,5|1,364|-6,981|-9,016|0|0,4|0|0,9|0|6|0|1
24,675|2,003|-6,981|-8,187|0|0,3|0|0,9|0|6|0|1
24,85|2,52|-6,981|-7,274|0|0,2|0|1|0|6|0|1
25,025|2,891|-5,872|-6,317|0|0,2|0|1|0|7|4|1
25,2|3,17|-5,33|-5,343|0|0,1|0|1|1|7|3|1
25,375|3,31|-4,878|-4,34|0|0|0|1|1|6|3|1
25,55|3,367|-4,407|-3,329|0|0|0|1|1|6|2|1
25,725|3,39|-3,987|-2,316|0|0|0|1|1|7|3|1
25,9|3,405|-3,558|-1,303|0|0|0|1|1|6|3|1
26,075|3,47|-3,063|-0,292|0|0,1|0|1|0|6|1|1
26,25|3,65|-3,298|0,704|0|0,2|0|1|0|7|-5|1
26,425|3,983|-4,459|1,66|0|0,3|0|1|0|11|-9|1
26,6|4,496|-6,395|2,532|0|0,4|0|0,9|0|15|-13|1
26,775|5,298|-6,981|3,117|0|0,5|0|0,8|0|6|0|1
26,95|6,329|-6,981|3,187|0|0,7|0|0,7|0|6|0|1
27,125|7,274|-6,981|2,77|0|0,8|0|0,5|0|6|0|1
27,3|7,945|-6,981|1,978|0|0,9|0|0,3|0|6|0|1
27,475|8,344|-6,981|1,011|0|1|0|0,2|0|6|0|1
27,65|8,623|-6,631|-0,001|0|1|0|0,1|0|10|8|1
27,825|8,821|-5,626|-0,994|0|1|0|0,1|1|6|3|1
28|8,876|-5,144|-2,005|0|1|0|0|1|7|3|1
28,175|8,792|-4,698|-3,014|0|1|0|-0,1|1|7|3|1
28,35|8,616|-4,25|-4,011|0|1|0|-0,1|1|7|3|1
28,525|8,371|-3,821|-4,995|0|1|0|-0,1|1|6|3|1
28,7|8,084|-3,359|-5,966|0|1|0|-0,2|1|6|3|1
28,875|7,782|-2,877|-6,934|0|1|0|-0,2|1|7|3|1
29,05|7,477|-2,428|-7,9|0|1|0|-0,2|1|7|3|1
29,225|7,171|-2,277|-8,866|0|1|0|-0,2|0|6|-3|1
29,4|6,865|-3,114|-9,832|0|1|0|-0,2|0|10|-8|1
29,575|6,559|-4,78|-10,797|0|1|0|-0,2|0|13|-12|1
29,75|6,249|-6,981|-11,762|0|1|0|-0,2|0|6|0|1
29,925|5,913|-6,981|-12,751|0|1|0|-0,2|0|6|0|1
30,1|5,573|-6,981|-13,744|0|1|0|-0,2|0|6|0|1
30,275|5,233|-6,981|-14,738|0|1|0|-0,2|0|6|0|1
30,45|4,893|-6,981|-15,731|0|1|0|-0,2|0|6|0|1
30,625|4,553|-6,981|-16,724|0|1|0|-0,2|0|6|0|1
30,8|4,213|-6,981|-17,718|0|1|0|-0,2|0|6|0|1
30,975|3,874|-6,981|-18,712|0|1|0|-0,2|0|6|0|1
31,15|3,566|-6,981|-19,715|0|1|0|-0,1|0|6|0|1
31,325|3,329|-6,981|-20,738|0|1|0|-0,1|0|6|0|1
31,5|3,192|-6,981|-21,778|0|1|0|-0,1|0|6|0|1
31,675|3,176|-6,981|-22,827|0|1|0|0|0|6|0|1
31,85|3,204|-6,981|-23,877|0|1|0|0|0|6|0|1
32,025|3,221|-6,981|-24,927|0|1|0|0|0|6|0|1
32,2|3,202|-6,981|-25,976|0|1|0|0|0|6|0|1
32,375|3,13|-6,981|-27,023|0|1|0|0|0|6|0|1
32,55|3,013|-5,873|-28,045|0|1|0|-0,1|0|7|4|1
32,725|2,882|-5,33|-29,049|0|1|0|-0,1|1|7|3|1
32,9|2,727|-4,878|-30,051|0|1|0|-0,1|1|6|3|1
33,075|2,56|-4,407|-31,05|0|1|0|-0,1|1|6|2|1
33,25|2,389|-3,987|-32,049|0|1|0|-0,1|1|7|3|1
33,425|2,215|-3,558|-33,047|0|1|0|-0,1|1|6|3|1
33,6|2,041|-3,063|-34,045|0|1|0|-0,1|1|7|3|1
33,775|1,874|-2,611|-35,002|0|1|0|-0,1|1|6|3|1
33,95|1,733|-2,13|-35,81|0|1|0|-0,1|1|5|2|1
34,125|1,615|-1,666|-36,485|0|1|0|-0,1|1|5|3|1
34,3|1,517|-1,204|-37,05|0|1|0|-0,1|1|4|3|1
34,475|1,434|-0,722|-37,523|0|1|0|-0,1|1|4|3|1
34,65|1,365|-0,278|-37,919|0|1|0|-0,1|1|4|3|1
34,825|1,307|0,166|-38,25|0|1|0|-0,1|1|3|3|1
35|1,265|0,594|-38,586|0|1|0|0|1|5|3|1
35,175|1,318|1,058|-39,56|0|1|0|0|1|6|3|1
35,35|1,41|1,54|-40,569|0|1|0|0|1|7|3|1
35,525|1,511|1,981|-41,578|0|1|0|0,1|1|7|3|1
35,7|1,615|2,449|-42,586|0|1|0|0,1|1|6|2|1
35,875|1,718|2,863|-43,594|0|1|0|0,1|1|7|3|1
36,05|1,82|3,305|-44,602|0|1|0|0,1|0|7|3|1
36,225|1,841|3,696|-44,803|0|1|0|0,1|0|2|2|1
36,4|1,841|4,046|-44,803|0|1|0|0,1|0|2|2|1
36,575|1,841|4,396|-44,803|0|1|0|0,1|0|2|2|1
36,75|1,841|4,746|-44,803|0|1|0|0,1|0|2|2|1
36,925|1,841|5,096|-44,803|0|1|0|0,1|0|2|2|1
37,1|1,841|5,446|-44,803|0|1|0|0,1|0|2|2|1
37,275|1,841|5,796|-44,803|0|1|0|0,1|0|2|2|1
37,45|1,841|6,146|-44,803|0|1|0|0,1|0|2|2|1
37,625|1,841|6,496|-44,803|0|1|0|0,1|0|2|2|1
37,8|1,841|6,846|-44,803|0|1|0|0,1|0|2|2|1
37,975|1,841|7,196|-44,803|0|1|0|0,1|0|2|2|1
38,15|1,841|7,546|-44,803|0|1|0|0,1|0|2|2|1
38,325|1,841|7,896|-44,803|0|1|0|0,1|0|2|2|1
38,5|1,841|8,246|-44,803|0|1|0|0,1|0|2|2|1
38,675|1,84|8,552|-44,827|0|1|0|0|0|1|0|1
38,85|1,833|8,334|-45,305|0|1|0|0|0|5|0|1
39,025|1,806|8,327|-46,32|0|1|0|0|0|6|0|1
39,2|1,771|8,327|-47,369|0|1|0|0|0|6|0|1
39,375|1,742|8,981|-48,411|0|1|0|0|0|9|7|1
39,55|1,718|9,771|-49,424|0|1|0|0|1|7|4|1
39,725|1,703|10,271|-50,437|0|1|0|0|1|6|2|1
39,9|1,696|10,153|-51,45|0|1|0|0|0|7|-4|1
40,075|1,692|9,089|-52,463|0|1|0|0|0|11|-9|1
40,25|1,689|7,235|-53,477|0|1|0|0|0|14|-13|1
40,425|1,686|4,719|-54,49|0|1|0|0|0|17|-16|1
40,6|1,684|2,434|-55,503|0|1|0|0|1|10|-8|1
40,775|1,682|1,45|-56,516|0|1|0|0|1|6|-2|1
40,95|1,687|1,557|-57,53|0|1|0|0|1|6|3|1
41,125|1,716|2,052|-58,542|0|1|0|0|1|7|3|1
41,3|1,765|2,457|-59,554|0|1|0|0|0|6|0|1
41,475|1,822|2,061|-60,566|0|1|0|0|0|8|-5|1
41,65|1,888|0,766|-61,577|0|1|0|0|0|12|-10|1
41,825|1,96|-1,283|-62,588|0|1|0|0|0|15|-14|1
42|2,04|-3,961|-63,598|0|1|0|0|0|18|-17|1
42,175|2,127|-6,981|-64,607|0|1|0|0|0|6|0|1
42,35|2,208|-6,981|-65,649|0|1|0|0|0|6|0|1
42,525|2,257|-6,981|-66,697|0|1|0|0|0|6|0|1
42,7|2,28|-6,981|-67,747|0|1|0|0|0|6|0|1
42,875|2,298|-6,981|-68,797|0|1|0|0|0|6|0|1
43,05|2,32|-6,981|-69,847|0|1|0|0|0|6|0|1
43,225|2,345|-6,981|-70,896|0|1|0|0|0|6|0|1
43,4|2,37|-6,981|-71,946|0|1|0|0|0|6|0|1
43,575|2,381|-6,981|-72,996|0|1|0|0|0|6|0|1
43,75|2,356|-6,981|-74,046|0|1|0|0|0|6|0|1
43,925|2,313|-6,981|-75,095|0|1|0|0|0|6|0|1
44,1|2,261|-6,981|-76,143|0|1|0|0|0|6|0|1
44,275|2,208|-6,981|-77,192|0|1|0|0|0|6|0|1
44,45|2,154|-6,981|-78,241|0|1|0|0|0|6|0|1
44,625|2,1|-6,981|-79,289|0|1|0|0|0|6|0|1
44,8|2,046|-6,981|-80,338|0|1|0|0|0|6|1|1
44,975|1,992|-6,978|-81,385|0|1|0|0|0|6|0|1
45,15|1,939|-5,87|-82,411|0|1|0|0|0|7|4|1
45,325|1,889|-5,327|-83,423|0|1|0|0|1|7|3|1
45,5|1,852|-4,876|-84,436|0|1|0|0|1|6|3|1
45,675|1,827|-4,405|-85,449|0|1|0|0|1|6|2|1
45,85|1,805|-3,984|-86,462|0|1|0|0|1|7|3|1
46,025|1,784|-3,555|-87,475|0|1|0|0|1|6|3|1
46,2|1,763|-3,32|-88,488|0|1|0|0|0|6|-2|1
46,375|1,743|-4,047|-89,501|0|1|0|0|0|9|-7|1
46,55|1,933|-5,62|-90,492|0|1|0|0,3|0|13|-12|1
46,725|2,383|-6,978|-91,397|0|0,9|0|0,4|0|6|0|1
46,9|3,092|-6,978|-92,164|0|0,9|0|0,4|0|6|0|1
47,075|3,819|-6,978|-92,921|0|0,9|0|0,4|0|12|10|1
47,25|4,526|-5,723|-93,657|0|0,9|0|0,4|0|6|3|1
47,425|5,228|-5,211|-94,388|0|0,9|0|0,4|1|6|2|1
47,6|5,93|-4,774|-95,119|0|0,9|0|0,4|1|6|2|1
47,775|6,632|-4,345|-95,85|0|0,9|0|0,4|1|6|3|1
47,95|7,331|-3,878|-96,583|0|0,9|0|0,4|1|6|2|1
48,125|7,909|-3,456|-97,402|0|1|0|0,1|1|6|3|1
48,3|7,993|-2,944|-98,406|0|1|0|-0,1|1|6|2|1
48,475|7,853|-2,507|-99,409|0|1|0|-0,1|1|6|2|1
48,65|7,636|-2,066|-100,399|0|1|0|-0,1|1|6|3|1
48,825|7,132|-1,544|-101,258|0|0,9|0|-0,4|1|6|2|1
49|6,347|-1,302|-101,898|0|0,9|0|-0,5|0|6|-2|1
49,175|5,421|-1,992|-102,296|0|-0,7|0|0,7|0|9|-7|1
49,35|4,417|-3,535|-102,421|0|-0,6|0|0,8|0|13|-11|1
49,525|3,406|-5,79|-102,377|0|-0,6|0|0,8|0|16|-15|1
49,7|2,398|-6,978|-102,209|0|-0,6|0|0,8|0|6|0|1
49,875|1,767|-6,324|-102,839|0|0,9|0|-0,3|0|9|7|1
50,05|1,472|-5,533|-103,807|0|1|0|-0,1|1|7|4|1
50,225|1,326|-5,034|-104,809|0|1|0|0|1|6|2|1
50,4|1,259|-4,58|-105,82|0|1|0|0|1|6|2|1
50,575|1,217|-4,141|-106,833|0|1|0|0|1|6|2|1
50,75|1,183|-3,72|-107,845|0|1|0|0|1|7|3|1
50,925|1,15|-3,266|-108,858|0|1|0|0|1|7|4|1
51,1|1,118|-2,767|-109,871|0|1|0|0|1|6|2|1
51,275|1,087|-2,307|-110,883|0|1|0|0|1|6|2|1
51,45|1,064|-1,874|-111,896|0|1|0|0|1|7|4|1
51,625|1,052|-1,364|-112,91|0|1|0|0|1|6|2|1
51,8|1,049|-0,905|-113,923|0|1|0|0|1|7|3|1
51,975|1,05|-0,532|-114,936|0|1|0|0|0|6|-1|1
52,15|1,053|-1,043|-115,949|0|1|0|0|0|8|-6|1
52,325|1,056|-2,434|-116,963|0|1|0|0|0|12|-11|1
52,5|1,059|-4,563|-117,976|0|1|0|0|0|16|-14|1
52,675|1,063|-6,981|-118,989|0|1|0|0|0|6|0|1
52,85|1,068|-6,981|-120,033|0|1|0|0|0|6|0|1
53,025|1,073|-6,981|-121,083|0|1|0|0|0|6|0|1
53,2|1,077|-6,981|-122,133|0|1|0|0|0|6|0|1
53,375|1,082|-6,981|-123,183|0|1|0|0|0|6|0|1
53,55|1,169|-6,981|-124,199|0|1|0|0,1|0|6|0|1
53,725|1,864|-6,981|-124,959|0|0,9|0|0,3|0|6|0|1
53,9|2,609|-6,981|-125,699|0|0,9|0|0,4|0|6|0|1
54,075|3,355|-6,981|-126,438|0|0,9|0|0,4|0|6|0|1
54,25|4,1|-6,981|-127,177|0|0,9|0|0,4|0|6|0|1
54,425|4,218|-6,981|-128,179|0|1|0|0,1|0|6|0|1
54,6|4,215|-6,981|-129,228|0|1|0|0|0|6|0|1
54,775|4,204|-6,981|-130,278|0|1|0|0|0|6|0|1
54,95|4,185|-6,327|-131,321|0|1|0|0|0|9|7|1
55,125|4,161|-5,536|-132,334|0|1|0|0|1|7|4|1
55,3|4,112|-5,037|-133,346|0|1|0|0|1|6|2|1
55,475|4,041|-4,582|-134,288|0|1|0|0|1|5|2|1
55,65|3,479|-4,144|-134,943|0|-0,8|0|0,6|1|6|2|1
55,825|2,478|-3,723|-135,056|0|-0,7|0|0,7|1|7|3|1
56|1,558|-3,269|-134,686|0|-0,4|0|0,9|1|7|4|1
56,175|1,189|-2,77|-133,764|0|0|0|1|1|6|2|1
56,35|1,219|-2,31|-132,753|0|0,1|0|1|1|6|2|1
56,525|1,362|-1,876|-131,75|0|0,1|0|1|1|7|4|1
56,7|1,523|-1,366|-130,749|0|0,1|0|1|0|6|2|1
56,875|1,678|-1,468|-129,748|0|0,1|0|1|0|7|-4|1
57,05|1,818|-2,518|-128,814|0|0,1|0|1|0|10|-9|1
57,225|2,074|-4,361|-128,044|0|0,5|0|0,8|0|14|-13|1
57,4|2,807|-6,868|-127,453|0|0,7|0|0,7|0|6|0|1
57,575|3,804|-6,981|-127,355|0|0,7|0|0,7|0|6|0|1
57,75|4,171|-6,981|-127,384|0|0,7|0|0,7|0|0|0|1
57,925|4,177|-6,981|-127,385|0|0,7|0|0,7|0|0|0|1
58,1|4,177|-6,981|-127,385|0|0,7|0|0,7|0|0|0|1
58,275|4,177|-6,981|-127,385|0|0,7|0|0,7|0|0|0|1
58,45|4,177|-6,981|-127,385|0|0,7|0|0,7|0|3|0|1
58,625|4,085|-6,981|-128,267|0|1|0|0,1|0|6|0|1
58,8|3,976|-6,981|-129,309|0|1|0|0|0|6|0|1
58,975|3,87|-5,873|-130,331|0|1|0|0|0|7|4|1
59,15|3,765|-5,33|-131,339|0|1|0|-0,1|1|7|3|1
59,325|3,659|-4,878|-132,346|0|1|0|-0,1|1|6|3|1
59,5|3,554|-4,407|-133,354|0|1|0|-0,1|1|6|2|1
59,675|3,446|-3,987|-134,362|0|1|0|-0,1|1|7|3|1
59,85|3,331|-3,558|-135,368|0|1|0|-0,1|1|6|3|1
60,025|3,211|-3,063|-136,374|0|1|0|-0,1|1|7|3|1
60,2|3,091|-2,611|-137,381|0|1|0|-0,1|1|6|3|1
60,375|2,97|-2,13|-138,387|0|1|0|-0,1|1|6|2|1
60,55|2,849|-1,666|-139,393|0|1|0|-0,1|1|7|3|1
60,725|2,728|-1,204|-140,399|0|1|0|-0,1|1|6|3|1
60,9|2,615|-0,722|-141,406|0|1|0|-0,1|1|7|3|1
61,075|2,521|-0,278|-142,414|0|1|0|0|1|7|3|1
61,25|2,442|0,166|-143,425|0|1|0|0|1|7|3|1
61,425|2,38|0,594|-144,436|0|1|0|0|1|6|3|1
61,6|2,331|1,058|-145,448|0|1|0|0|0|6|2|1
61,775|2,286|0,916|-146,46|0|1|0|0|0|7|-4|1
61,95|2,242|-0,168|-147,472|0|1|0|0|0|11|-9|1
62,125|2,2|-2,039|-148,485|0|1|0|0|0|14|-13|1
62,3|2,158|-4,57|-149,497|0|1|0|0|0|17|-16|1
62,475|2,118|-6,983|-150,514|0|1|0|0|0|6|0|1
62,65|2,091|-6,983|-151,561|0|1|0|0|0|6|0|1
62,825|2,068|-6,983|-152,611|0|1|0|0|0|6|0|1
63|2,045|-6,983|-153,66|0|1|0|0|0|3|0|1
63,175|2,042|-6,983|-153,823|0|1|0|0|0|0|0|1
63,35|2,042|-6,983|-153,825|0|1|0|0|0|0|0|1
63,525|2,042|-6,329|-153,825|0|1|0|0|0|7|7|1
63,7|2,042|-5,538|-153,825|0|1|0|0|1|4|4|1
63,875|2,042|-5,039|-153,825|0|1|0|0|1|2|2|1
64,05|2,042|-4,584|-153,825|0|1|0|0|1|2|2|1
64,225|2,042|-4,146|-153,825|0|1|0|0|1|2|2|1
64,4|2,042|-3,725|-153,825|0|1|0|0|1|3|3|1
64,575|2,042|-3,271|-153,825|0|1|0|0|1|4|4|1
64,75|2,038|-2,771|-154,001|0|1|0|0|1|5|2|1
64,925|2,017|-2,312|-154,982|0|1|0|0|1|6|2|1
65,1|1,995|-2,076|-155,974|0|1|0|0|0|6|-2|1
65,275|1,976|-2,774|-156,823|0|1|0|0|0|8|-7|1
65,45|1,961|-4,324|-157,533|0|1|0|0|0|12|-11|1
65,625|1,955|-6,585|-157,789|0|-0,3|0|1|0|1|0|1
65,8|1,971|-6,983|-157,068|0|0|0|1|0|6|0|1
65,975|1,994|-6,983|-156,023|0|0|0|1|0|6|0|1
66,15|2,017|-6,983|-154,974|0|0|0|1|0|6|0|1
66,325|2,04|-6,633|-153,924|0|0|0|1|0|10|8|1
66,5|2,062|-5,628|-152,918|0|0|0|1|1|6|3|1
66,675|2,081|-5,146|-152,038|0|0|0|1|1|5|3|1
66,85|2,097|-4,7|-151,302|0|0|0|1|1|5|3|1
67,025|2,11|-4,252|-150,686|0|0|0|1|1|3|3|1
67,2|2,103|-3,823|-151,017|0|1|0|-0,3|1|6|3|1
67,375|2,081|-3,361|-152,03|0|1|0|-0,1|1|6|3|1
67,55|2,059|-2,879|-153,043|0|1|0|0|1|7|3|1
67,725|2,037|-2,43|-154,056|0|1|0|0|1|7|3|1
67,9|2,016|-1,971|-155,028|0|1|0|0|1|6|3|1
68,075|1,998|-1,939|-155,847|0|1|0|0|0|5|-3|1
68,25|1,983|-2,878|-156,532|0|1|0|0|0|9|-8|1
68,425|2,072|-4,627|-156,92|0|-0,1|0|1|0|13|-12|1
68,6|2,53|-6,983|-156,857|0|0,3|0|1|0|5|0|1
68,775|3,263|-6,983|-156,209|0|0,4|0|0,9|0|6|0|1
68,95|3,983|-6,983|-155,685|0|0,5|0|0,9|0|1|0|1
69,125|4,046|-6,983|-155,664|0|0,5|0|0,9|0|0|0|1
69,3|4,046|-6,983|-155,664|0|0,5|0|0,9|0|0|0|1
69,475|4,046|-6,983|-155,664|0|0,5|0|0,9|0|0|0|1
69,65|4,046|-6,983|-155,664|0|0,5|0|0,9|0|0|0|1
69,825|4,046|-6,983|-155,664|0|0,5|0|0,9|0|0|0|1
70|4,036|-6,983|-156,142|0|0,9|0|0,4|0|6|0|1
70,175|4,015|-6,983|-157,178|0|1|0|0,1|0|6|0|1
70,35|3,993|-6,983|-158,228|0|1|0|0|0|6|0|1
70,525|3,971|-6,077|-159,263|0|1|0|0|0|8|6|1
70,7|3,95|-5,411|-160,276|0|1|0|0|1|6|2|1
70,875|3,929|-4,978|-161,289|0|1|0|0|1|6|3|1
71,05|3,907|-4,515|-162,302|0|1|0|0|1|7|3|1
71,226|3,886|-4,086|-163,315|0|1|0|0|1|6|3|1
71,401|3,865|-3,62|-164,328|0|1|0|0|1|6|2|1
71,576|3,827|-3,144|-165,34|0|1|0|0|1|6|2|1
71,751|3,718|-2,711|-166,347|0|1|0|-0,1|1|6|3|1
71,926|3,542|-2,241|-167,345|0|1|0|-0,1|1|7|3|1
72,101|3,341|-1,749|-168,338|0|1|0|-0,1|1|6|2|1
72,276|3,134|-1,306|-169,33|0|1|0|-0,1|1|6|3|1
72,451|2,93|-0,794|-170,323|0|1|0|-0,1|1|6|2|1
72,626|2,745|-0,869|-171,319|0|1|0|-0,1|0|7|-4|1
72,801|2,578|-1,897|-172,318|0|1|0|-0,1|0|10|-9|1
72,976|2,422|-3,721|-173,319|0|1|0|-0,1|0|14|-13|1
73,151|2,282|-6,212|-174,323|0|1|0|-0,1|0|17|-16|1
73,326|2,188|-6,981|-175,348|0|1|0|0|0|6|0|1
73,501|2,168|-6,981|-176,397|0|1|0|0|0|6|0|1
73,676|2,179|-6,981|-177,447|0|1|0|0|0|6|0|1
73,851|2,194|-6,981|-178,497|0|1|0|0|0|6|0|1
74,026|2,214|-6,981|-179,547|0|1|0|0|0|6|0|1
74,201|2,238|-6,981|-180,596|0|1|0|0|0|6|0|1
74,376|2,263|-6,981|-181,646|0|1|0|0|0|6|0|1
74,551|2,289|-6,981|-182,696|0|1|0|0|0|6|0|1
74,726|2,935|-6,981|-183,47|0|0,9|0|0,3|0|6|0|1
74,901|3,694|-6,981|-184,195|0|0,9|0|0,4|0|6|0|1
75,076|4,454|-6,981|-184,919|0|0,9|0|0,4|0|6|0|1
75,251|5,215|-6,981|-185,644|0|0,9|0|0,4|0|6|0|1
75,426|5,775|-6,981|-186,456|0|1|0|0,2|0|6|0|1
75,601|5,822|-6,981|-187,496|0|1|0|0|0|6|0|1
75,776|5,848|-6,981|-188,546|0|1|0|0|0|6|0|1
75,951|5,874|-6,981|-189,596|0|1|0|0|0|6|0|1
76,126|5,898|-6,327|-190,638|0|1|0|0|0|9|7|1
76,301|5,916|-5,536|-191,651|0|1|0|0|1|7|4|1
76,476|5,915|-5,037|-192,664|0|1|0|0|1|6|2|1
76,651|5,897|-4,582|-193,677|0|1|0|0|1|6|2|1
76,826|5,851|-4,144|-194,69|0|1|0|0|1|6|2|1
77,001|5,772|-3,723|-195,7|0|1|0|0|1|7|3|1
77,176|5,657|-3,269|-196,706|0|1|0|-0,1|1|7|4|1
77,351|5,518|-2,77|-197,71|0|1|0|-0,1|1|6|2|1
77,526|5,36|-2,31|-198,711|0|1|0|-0,1|1|6|2|1
77,701|5,174|-2,378|-199,707|0|1|0|-0,1|0|7|-4|1
77,876|4,963|-3,399|-200,698|0|1|0|-0,1|0|10|-9|1
78,051|4,718|-4,433|-201,681|0|1|0|-0,1|1|6|-2|1
78,226|4,452|-4,369|-202,659|0|1|0|-0,1|1|7|4|1
78,401|4,18|-3,863|-203,635|0|1|0|-0,1|1|6|2|1
78,576|3,914|-3,399|-204,612|0|1|0|-0,1|1|7|3|1
78,751|3,694|-2,94|-205,601|0|1|0|-0,1|1|6|3|1
78,926|3,72|-2,451|-206,598|0|1|0|0,2|1|7|3|1
79,101|4,165|-2,118|-207,507|0|1|0|0,2|0|6|-1|1
79,276|4,46|-2,662|-208,474|0|1|0|0|0|9|-6|1
79,451|4,582|-4,082|-209,479|0|1|0|0|1|10|-8|1
79,626|4,556|-5,071|-210,491|0|1|0|-0,1|1|6|-2|1
79,801|4,453|-4,969|-211,499|0|1|0|-0,1|1|6|3|1
79,976|4,325|-4,455|-212,504|0|1|0|-0,1|1|6|2|1
80,151|4,189|-4,022|-213,508|0|1|0|-0,1|1|6|3|1
80,326|4,051|-3,547|-214,512|0|1|0|-0,1|1|7|3|1
80,501|3,913|-3,067|-215,516|0|1|0|-0,1|1|6|2|1
80,676|3,775|-2,64|-216,52|0|1|0|-0,1|1|7|3|1
80,852|3,637|-2,156|-217,523|0|1|0|-0,1|1|6|2|1
81,027|3,498|-2,198|-218,527|0|1|0|-0,1|0|7|-4|1
81,202|3,36|-3,198|-219,531|0|1|0|-0,1|0|10|-9|1
81,377|3,226|-4,999|-220,535|0|1|0|-0,1|0|14|-13|1
81,552|3,107|-6,981|-221,541|0|1|0|0|0|6|0|1
81,727|3,029|-6,981|-222,583|0|1|0|0|0|6|0|1
81,902|2,969|-6,981|-223,631|0|1|0|0|0|6|0|1
82,077|2,921|-6,981|-224,68|0|1|0|0|0|6|0|1
82,252|2,877|-6,981|-225,729|0|1|0|0|0|6|0|1
82,427|2,833|-6,981|-226,778|0|1|0|0|0|6|0|1
82,602|2,789|-6,981|-227,827|0|1|0|0|0|6|0|1
82,777|2,745|-6,981|-228,876|0|1|0|0|0|6|0|1
82,952|2,701|-6,981|-229,925|0|1|0|0|0|6|0|1
83,127|2,657|-6,981|-230,974|0|1|0|0|0|6|0|1
83,302|2,613|-6,981|-232,023|0|1|0|0|0|6|0|1
83,477|2,57|-5,873|-233,05|0|1|0|0|0|7|4|1
83,652|2,528|-5,33|-234,062|0|1|0|0|1|7|3|1
83,827|2,486|-4,878|-235,075|0|1|0|0|1|6|3|1
84,002|2,443|-4,407|-236,087|0|1|0|0|1|6|2|1
84,177|2,401|-3,987|-237,1|0|1|0|0|1|7|3|1
84,352|2,358|-3,558|-238,112|0|1|0|0|1|6|3|1
84,527|2,316|-3,063|-239,124|0|1|0|0|1|7|3|1
84,702|2,273|-2,611|-240,137|0|1|0|0|1|6|3|1
84,877|2,231|-2,13|-241,149|0|1|0|0|1|6|2|1
85,052|2,189|-1,666|-242,161|0|1|0|0|1|7|3|1
85,227|2,146|-1,204|-243,174|0|1|0|0|1|6|3|1
85,402|2,104|-0,722|-244,186|0|1|0|0|1|7|3|1
85,577|2,061|-0,278|-245,198|0|1|0|0|1|7|3|1
85,752|2,019|0,166|-246,211|0|1|0|0|1|7|3|1
85,927|1,971|0,594|-247,223|0|1|0|0|1|6|3|1
86,102|1,912|1,058|-248,234|0|1|0|0|1|6|3|1
86,277|1,84|1,54|-249,245|0|1|0|0|1|7|3|1
86,452|1,764|1,981|-250,255|0|1|0|0|1|7|3|1
86,627|1,685|2,101|-251,266|0|1|0|0|0|6|-3|1
86,802|1,591|1,237|-252,274|0|1|0|-0,2|0|10|-8|1
86,977|1,247|-0,451|-253,224|0|0,9|0|-0,4|0|13|-12|1
87,152|0,717|-2,828|-254,086|0|1|0|-0,3|0|6|0|1
87,327|0,493|-3,07|-255,078|0|1|0|-0,1|0|6|0|1
87,502|0,408|-3,07|-256,124|0|1|0|0|0|6|0|1
87,677|0,328|-1,962|-257,148|0|1|0|0|0|7|4|1
87,852|0,248|-1,419|-258,159|0|1|0|0|1|7|3|1
88,027|0,169|-0,968|-259,169|0|1|0|0|1|6|3|1
88,202|0,09|-0,497|-260,179|0|1|0|0|1|6|2|1
88,377|0,015|-0,076|-261,189|0|1|0|0|1|7|3|1
88,552|-0,046|0,353|-262,201|0|1|0|0|1|6|3|1
88,727|-0,098|0,848|-263,213|0|1|0|0|1|7|3|1
88,902|-0,137|1,3|-264,225|0|1|0|0|1|6|3|1
89,077|-0,16|1,78|-265,238|0|1|0|0|1|6|2|1
89,252|-0,164|2,245|-266,251|0|1|0|0|1|7|3|1
89,427|-0,147|2,707|-267,264|0|1|0|0|1|6|3|1
89,602|-0,113|3,189|-268,277|0|1|0|0|1|7|3|1
89,777|-0,066|3,633|-269,289|0|1|0|0|1|7|3|1
89,952|-0,007|4,076|-270,301|0|1|0|0|1|7|3|1
90,127|0,063|4,505|-271,312|0|1|0|0|1|6|3|1
90,303|0,143|4,763|-272,322|0|1|0|0|0|6|-2|1
90,478|0,226|4,059|-273,331|0|1|0|0|0|9|-7|1
90,653|0,517|2,505|-274,298|0|0,9|0|0,4|0|13|-11|1
90,828|1,036|0,241|-275,166|0|0,9|0|0,4|0|16|-15|1
91,003|1,599|-2,619|-276,007|0|1|0|0,2|0|6|0|1
91,178|1,814|-3,07|-277,005|0|1|0|0,1|0|6|0|1
91,353|1,906|-3,07|-278,05|0|1|0|0|0|6|0|1
91,528|1,995|-3,07|-279,097|0|1|0|0|0|6|0|1
91,703|2,083|-1,962|-280,121|0|1|0|0|0|7|4|1
91,878|2,17|-1,419|-281,13|0|1|0|0|1|7|3|1
92,053|2,256|-0,968|-282,14|0|1|0|0|1|6|3|1
92,228|2,343|-0,497|-283,149|0|1|0|0|1|6|2|1
92,403|2,429|-0,076|-284,159|0|1|0|0|1|7|3|1
92,578|2,51|0,353|-285,169|0|1|0|0|1|6|3|1
92,753|2,579|0,848|-286,18|0|1|0|0|1|7|3|1
92,928|2,633|1,3|-287,192|0|1|0|0|1|6|3|1
93,103|2,676|1,702|-288,204|0|1|0|0|0|6|0|1
93,278|2,715|1,239|-289,216|0|1|0|0|0|8|-6|1
93,453|2,744|-0,113|-290,229|0|1|0|0|0|12|-10|1
93,628|2,758|-2,208|-291,242|0|1|0|0|0|15|-14|1
93,803|2,759|-4,927|-292,256|0|1|0|0|0|18|-17|1
93,978|2,754|-6,981|-293,273|0|1|0|0|0|6|0|1
94,153|2,754|-6,981|-294,32|0|1|0|0|0|6|0|1
94,328|2,759|-6,981|-295,37|0|1|0|0|0|6|0|1
94,503|2,765|-6,981|-296,42|0|1|0|0|0|6|0|1
94,678|2,772|-6,981|-297,47|0|1|0|0|0|6|0|1
94,853|2,775|-6,981|-298,52|0|1|0|0|0|6|0|1
95,028|2,767|-6,981|-299,57|0|1|0|0|0|6|0|1
95,203|2,758|-6,981|-300,62|0|1|0|0|0|6|0|1
95,378|2,749|-6,981|-301,67|0|1|0|0|0|6|0|1
95,553|2,741|-6,981|-302,72|0|1|0|0|0|6|0|1
95,728|2,734|-6,981|-303,77|0|1|0|0|0|6|0|1
95,903|2,727|-6,327|-304,813|0|1|0|0|0|9|7|1
96,078|2,72|-5,536|-305,826|0|1|0|0|1|7|4|1
96,253|2,713|-5,037|-306,839|0|1|0|0|1|6|2|1
96,428|2,706|-4,582|-307,852|0|1|0|0|1|6|2|1
96,603|2,698|-4,144|-308,865|0|1|0|0|1|6|2|1
96,778|2,689|-3,723|-309,878|0|1|0|0|1|7|3|1
96,953|2,674|-3,269|-310,892|0|1|0|0|1|7|4|1
97,128|2,652|-2,77|-311,905|0|1|0|0|1|6|2|1
97,303|2,619|-2,31|-312,917|0|1|0|0|1|6|2|1
97,478|2,583|-1,876|-313,93|0|1|0|0|1|7|4|1
97,653|2,545|-1,366|-314,942|0|1|0|0|1|6|2|1
97,828|2,508|-0,908|-315,955|0|1|0|0|1|7|3|1
98,003|2,47|-0,77|-316,968|0|1|0|0|0|6|-3|1
98,178|2,432|-1,621|-317,98|0|1|0|0|0|10|-8|1
98,353|2,394|-2,47|-318,987|0|1|0|0|0|6|1|1
98,528|2,355|-2,255|-320,01|0|1|0|0|0|6|1|1
98,703|2,317|-2,04|-321,036|0|1|0|0|0|6|1|1
98,878|2,278|-1,825|-322,063|0|1|0|0|0|6|1|1
99,053|2,24|-0,673|-323,082|0|1|0|0|0|7|4|1
99,228|2,202|-0,131|-324,094|0|1|0|0|1|7|3|1
99,403|2,164|0,321|-325,107|0|1|0|0|1|6|3|1
99,578|2,126|0,792|-326,119|0|1|0|0|0|6|2|1
99,753|2,089|0,677|-327,132|0|1|0|0|0|7|-4|1
99,929|2,052|-0,383|-328,145|0|1|0|0|0|11|-9|1
100,104|2,014|-0,803|-329,174|0|1|0|0|0|6|0|1
100,279|1,975|-0,803|-330,223|0|1|0|0|0|6|0|1
100,454|1,937|-0,803|-331,272|0|1|0|0|0|6|0|1
100,629|1,909|-0,453|-332,322|0|1|0|0|0|10|8|1
100,804|1,895|0,552|-333,335|0|1|0|0|1|6|3|1
100,979|1,901|1,034|-334,348|0|1|0|0|0|6|1|1
101,154|1,923|0,755|-335,361|0|1|0|0|0|8|-5|1
101,329|1,955|-0,444|-336,374|0|1|0|0|0|11|-10|1
101,504|1,994|-2,411|-337,386|0|1|0|0|0|15|-14|1
101,679|2,04|-4,545|-338,042|0|1|0|0|1|8|-8|1
101,854|2,128|-5,473|-338,59|0|1|0|0|1|6|-1|1
102,029|2,208|-6,104|-339,6|0|1|0|0|0|9|-7|1
102,204|2,274|-7,596|-340,611|0|1|0|0|0|13|-11|1
102,379|2,333|-9,809|-341,623|0|1|0|0|0|16|-15|1
102,554|2,387|-12,626|-342,635|0|1|0|0|0|19|-18|1
102,729|2,439|-15,948|-343,647|0|1|0|0|0|21|-20|1
102,904|2,489|-19,692|-344,658|0|1|0|0|0|23|-23|1
103,079|2,539|-23,789|-345,67|0|1|0|0|0|25|-24|1
103,254|2,559|-25,514|-346,075|0|1|0|0|0|26|-25|
103,429|2,559|-25,514|-346,075|0|1|0|0|0|26|-25|
103,604|2,559|-25,514|-346,075|0|1|0|0|0|26|-25|
103,779|2,559|-25,514|-346,075|0|1|0|0|0|26|-25|
103,954|2,559|-25,514|-346,075|0|1|0|0|0|26|-25|
104,129|2,559|-25,514|-346,075|0|1|0|0|0|26|-25|
104,304|2,629|-6,37|-297,378|0|1|0|0|0|6|-6|1
104,479|2,666|-6,981|-298,148|0|1|0|0|0|6|0|1
104,654|2,683|-6,981|-298,508|0|1|0|0|0|0|0|1
104,829|2,684|-6,981|-298,513|0|1|0|0|0|0|0|1
105,004|2,684|-6,981|-298,513|0|1|0|0|0|0|0|1
105,179|2,716|-6,981|-299,193|0|1|0|0|0|6|0|1
105,354|2,766|-6,981|-300,236|0|1|0|0|0|6|0|1
105,529|2,817|-6,981|-301,284|0|1|0|0|0|6|0|1
105,704|2,867|-6,981|-302,333|0|1|0|0|0|6|0|1
105,879|2,918|-6,981|-303,382|0|1|0|0|0|6|0|1
106,054|2,968|-6,327|-304,423|0|1|0|0|0|9|7|1
106,229|3,016|-5,536|-305,435|0|1|0|0|1|7|4|1
106,404|3,064|-5,037|-306,448|0|1|0|0|1|6|2|1
106,579|3,111|-4,706|-307,46|0|1|0|0|0|6|-1|1
106,754|3,158|-5,238|-308,472|0|1|0|0|0|8|-6|1
106,929|3,205|-5,992|-309,479|0|1|0|0|0|6|1|1
107,104|3,252|-5,778|-310,501|0|1|0|0|0|6|1|1
107,279|3,3|-5,562|-311,528|0|1|0|0|0|6|1|1
107,454|3,347|-4,57|-312,549|0|1|0|0|0|8|6|1
107,629|3,391|-3,905|-313,561|0|1|0|0|1|6|2|1
107,804|3,414|-3,472|-314,574|0|1|0|0|1|6|3|1
107,979|3,424|-3,009|-315,587|0|1|0|0|1|7|3|1
108,154|3,429|-2,58|-316,6|0|1|0|0|1|6|3|1
108,329|3,432|-2,114|-317,613|0|1|0|0|1|6|2|1
108,504|3,431|-1,638|-318,627|0|1|0|0|0|6|2|1
108,679|3,424|-1,66|-319,64|0|1|0|0|0|7|-4|1
108,854|3,41|-2,122|-320,647|0|1|0|0|0|6|1|1
109,03|3,378|-1,907|-321,671|0|1|0|0|0|6|1|1
109,205|3,321|-1,692|-322,697|0|1|0|0|0|6|1|1
109,38|3,237|-0,541|-323,712|0|1|0|0|0|7|4|1
109,555|3,144|0,002|-324,721|0|1|0|-0,1|1|7|3|1
109,73|3,041|0,453|-325,729|0|1|0|-0,1|1|6|3|1
109,905|2,933|0,924|-326,737|0|1|0|-0,1|0|6|2|1
110,08|2,823|0,81|-327,744|0|1|0|-0,1|0|7|-4|1
110,255|2,72|-0,25|-328,752|0|1|0|0|0|11|-9|1
110,43|2,656|-0,803|-329,78|0|1|0|0|0|6|0|1
110,605|2,636|-0,803|-330,829|0|1|0|0|0|6|0|1
110,78|2,624|-0,149|-331,872|0|1|0|0|0|9|7|1
110,955|2,613|0,642|-332,885|0|1|0|0|1|7|4|1
111,13|2,599|1,141|-333,898|0|1|0|0|1|6|2|1
111,305|2,583|1,596|-334,911|0|1|0|0|1|6|2|1
111,48|2,567|2,034|-335,924|0|1|0|0|1|6|2|1
111,655|2,55|1,912|-336,937|0|1|0|0|0|7|-4|1
111,83|2,534|0,846|-337,951|0|1|0|0|0|11|-9|1
112,005|2,517|-1,011|-338,964|0|1|0|0|0|14|-13|1
112,18|2,5|-1,866|-339,975|0|1|0|0|0|6|-1|1
112,355|2,483|-2,082|-341,002|0|1|0|0|0|6|-1|1
112,53|2,466|-2,297|-342,03|0|1|0|0|0|12|10|1
112,705|2,449|-1,042|-343,046|0|1|0|0|0|6|3|1
112,88|2,428|-0,53|-344,059|0|1|0|0|1|6|2|1
113,055|2,405|-0,093|-345,072|0|1|0|0|0|6|2|1
113,23|2,382|-0,227|-346,085|0|1|0|0|0|7|-4|1
113,405|2,358|-1,304|-347,098|0|1|0|0|0|11|-9|1
113,58|2,334|-3,17|-348,111|0|1|0|0|0|14|-13|1
113,755|2,31|-4,911|-349,124|0|1|0|0|0|10|-8|1
113,93|2,287|-5,525|-350,136|0|1|0|0|0|6|-1|1
114,105|2,262|-5,741|-351,162|0|1|0|0|0|6|-1|1
114,28|2,238|-5,956|-352,19|0|1|0|0|0|12|10|1
114,455|2,214|-4,701|-353,206|0|1|0|0|0|6|3|1
114,63|2,19|-4,189|-354,219|0|1|0|0|1|6|2|1
114,805|2,166|-3,96|-355,232|0|1|0|0|0|6|-2|1
114,98|2,143|-4,665|-356,245|0|1|0|0|0|9|-7|1
115,155|2,119|-6,22|-357,258|0|1|0|0|0|13|-11|1
115,33|2,094|-6,981|-358,287|0|1|0|0|0|6|0|1
115,505|2,07|-6,981|-359,337|0|1|0|0|0|6|0|1
115,68|2,045|-6,981|-360,386|0|1|0|0|0|6|0|1
115,855|2,027|-6,981|-361,436|0|1|0|0|0|6|0|1
116,03|2,028|-6,981|-362,486|0|1|0|0|0|6|0|1
116,205|2,037|-6,981|-363,536|0|1|0|0|0|6|0|1
116,38|2,047|-6,981|-364,586|0|1|0|0|0|6|0|1
116,555|2,057|-6,981|-365,636|0|1|0|0|0|6|0|1
116,73|2,067|-6,981|-366,686|0|1|0|0|0|6|0|1
116,905|2,078|-6,981|-367,736|0|1|0|0|0|6|0|1
117,08|2,083|-6,981|-368,786|0|1|0|0|0|6|0|1
117,255|2,081|-6,981|-369,836|0|1|0|0|0|6|0|1
117,43|2,074|-6,981|-370,886|0|1|0|0|0|6|0|1
117,605|2,064|-6,981|-371,936|0|1|0|0|0|6|0|1
117,78|2,059|-6,981|-372,986|0|1|0|0|0|6|0|1
117,955|2,064|-7,288|-373,988|0|1|0|0|0|8|-5|1
118,13|2,072|-8,553|-375,002|0|1|0|0|0|12|-10|1
118,305|2,084|-10,494|-376,015|0|1|0|0|1|11|-9|1
118,48|2,1|-11,622|-377,028|0|1|0|0|1|6|-2|1
118,656|2,119|-11,637|-378,041|0|1|0|0|1|7|3|1
118,831|2,138|-11,193|-379,054|0|1|0|0|0|6|2|1
119,006|2,157|-11,347|-380,067|0|1|0|0|0|7|-4|1
119,181|2,177|-12,441|-381,08|0|1|0|0|0|11|-9|1
119,356|2,196|-14,32|-382,093|0|1|0|0|0|14|-13|1
119,531|2,216|-15,273|-383,116|0|1|0|0|0|6|0|1
119,706|2,236|-15,273|-384,165|0|1|0|0|0|6|0|1
119,881|2,254|-14,367|-385,2|0|1|0|0|0|8|6|1
120,056|2,274|-13,701|-386,213|0|1|0|0|1|6|2|1
120,231|2,308|-13,268|-387,226|0|1|0|0|1|6|3|1
120,406|2,348|-12,805|-388,238|0|1|0|0|1|7|3|1
120,581|2,377|-12,376|-389,251|0|1|0|0|1|6|3|1
120,756|2,4|-11,91|-390,264|0|1|0|0|1|6|2|1
120,931|2,421|-11,434|-391,277|0|1|0|0|1|6|2|1
121,106|2,442|-11,001|-392,29|0|1|0|0|1|6|3|1
121,281|2,46|-10,531|-393,262|0|1|0|0|1|6|3|1
121,456|2,476|-10,039|-394,081|0|1|0|0|1|5|2|1
121,631|2,489|-9,596|-394,766|0|1|0|0|1|5|3|1
121,806|2,5|-9,084|-395,34|0|1|0|0|1|4|2|1
121,981|2,513|-8,647|-396,102|0|1|0|0|1|6|2|1
122,156|2,348|-8,224|-397,088|0|1|0|-0,2|1|6|3|1
122,331|1,782|-7,757|-397,926|0|0,9|0|-0,4|1|6|2|1
122,506|1,461|-7,334|-398,879|0|1|0|-0,1|1|6|3|1
122,681|1,383|-6,822|-399,889|0|1|0|0|1|6|2|1
122,856|1,377|-6,385|-400,902|0|1|0|0|1|6|2|1
123,031|1,4|-5,956|-401,915|0|1|0|0|1|7|3|1
123,206|1,437|-5,506|-402,927|0|1|0|0|1|6|2|1
123,381|1,487|-5,083|-403,939|0|1|0|0|1|6|3|1
123,556|1,552|-4,629|-404,95|0|1|0|0|1|7|3|1
123,731|1,632|-4,477|-405,961|0|1|0|0|0|6|-3|1
123,906|1,719|-5,316|-406,97|0|1|0|0|0|10|-8|1
124,081|1,812|-6,982|-407,979|0|1|0|0,1|0|6|0|1
124,256|1,916|-6,981|-409,018|0|1|0|0,1|0|6|0|1
124,431|2,021|-6,981|-410,063|0|1|0|0,1|0|6|0|1
124,606|2,125|-6,981|-411,108|0|1|0|0|0|6|0|1
124,781|2,215|-6,981|-412,154|0|1|0|0|0|6|0|1
124,956|2,265|-6,981|-413,202|0|1|0|0|0|6|0|1
125,131|2,29|-6,981|-414,252|0|1|0|0|0|6|0|1
125,306|2,303|-6,981|-415,302|0|1|0|0|0|6|0|1
125,481|2,312|-6,981|-416,352|0|1|0|0|0|6|0|1
125,656|2,322|-6,981|-417,402|0|1|0|0|0|6|0|1
125,831|2,331|-6,981|-418,452|0|1|0|0|0|6|0|1
126,006|2,34|-6,981|-419,502|0|1|0|0|0|6|0|1
126,181|2,349|-6,981|-420,552|0|1|0|0|0|6|0|1
126,356|2,358|-6,983|-421,602|0|1|0|0|0|6|0|1
126,531|2,367|-6,983|-422,652|0|1|0|0|0|6|0|1
126,706|2,377|-6,983|-423,702|0|1|0|0|0|6|0|1
126,881|2,386|-6,983|-424,752|0|1|0|0|0|6|0|1
127,056|2,395|-6,633|-425,802|0|1|0|0|0|10|8|1
127,231|2,398|-6,077|-426,207|0|1|0|0|0|8|6|
127,406|2,398|-6,077|-426,207|0|1|0|0|0|8|6|
127,581|2,398|-6,077|-426,207|0|1|0|0|0|8|6|
127,756|2,398|-6,077|-426,207|0|1|0|0|0|8|6|
127,931|2,398|-6,077|-426,207|0|1|0|0|0|8|6|
128,106|2,398|-6,077|-426,207|0|1|0|0|0|8|6|
128,282|2,62|-6,37|-410,398|0|1|0|0|0|6|-6|1
128,457|2,627|-6,981|-411,169|0|1|0|0|0|6|0|1
128,632|2,635|-6,981|-412,21|0|1|0|0|0|6|0|1
128,807|2,643|-6,981|-413,26|0|1|0|0|0|6|0|1
128,982|2,651|-6,981|-414,31|0|1|0|0|0|6|0|1
129,157|2,66|-6,981|-415,36|0|1|0|0|0|6|0|1
129,332|2,669|-6,981|-416,409|0|1|0|0|0|6|0|1
129,507|2,678|-6,981|-417,459|0|1|0|0|0|6|0|1
129,682|2,687|-6,981|-418,509|0|1|0|0|0|6|0|1
129,857|2,696|-6,981|-419,559|0|1|0|0|0|6|0|1
130,032|2,705|-6,981|-420,609|0|1|0|0|0|6|0|1
130,207|2,714|-6,983|-421,659|0|1|0|0|0|6|0|1
130,382|2,723|-6,983|-422,709|0|1|0|0|0|6|0|1
130,557|2,722|-6,983|-423,759|0|1|0|0|0|6|0|1
130,732|2,708|-6,077|-424,794|0|1|0|0|0|8|6|1
130,907|2,687|-5,411|-425,807|0|1|0|0|1|6|2|1
131,082|2,655|-4,978|-426,82|0|1|0|0|1|6|3|1
131,257|2,611|-4,515|-427,832|0|1|0|0|1|7|3|1
131,432|2,55|-4,086|-428,844|0|1|0|0|1|6|3|1
131,607|2,473|-3,62|-429,854|0|1|0|0|1|6|2|1
131,782|2,39|-3,144|-430,864|0|1|0|0|1|6|2|1
131,957|2,305|-2,711|-431,874|0|1|0|0|1|6|3|1
132,132|2,22|-2,241|-432,883|0|1|0|0|1|7|3|1
132,307|2,134|-2,134|-433,893|0|1|0|0|0|6|-3|1
132,482|2,048|-3,009|-434,903|0|1|0|0|0|10|-8|1
132,657|1,963|-4,706|-435,912|0|1|0|0|0|13|-12|1
132,832|1,887|-6,983|-436,923|0|1|0|0|0|6|0|1
133,007|1,879|-6,983|-437,967|0|1|0|0|0|12|10|1
133,182|1,906|-5,728|-438,987|0|1|0|0|0|6|3|1
133,357|1,936|-5,215|-439,999|0|1|0|0|1|6|2|1
133,532|1,968|-4,778|-441,012|0|1|0|0|1|6|2|1
133,707|2,001|-4,35|-442,025|0|1|0|0|1|6|3|1
133,882|2,034|-3,882|-443,038|0|1|0|0|1|6|2|1
134,057|2,066|-3,461|-444,05|0|1|0|0|1|6|3|1
134,232|2,099|-2,948|-445,063|0|1|0|0|1|6|2|1
134,407|2,132|-2,559|-446,076|0|1|0|0|0|6|0|1
134,582|2,164|-2,912|-447,089|0|1|0|0|0|8|-5|1
134,757|2,197|-4,171|-448,101|0|1|0|0|0|11|-10|1
134,932|2,23|-6,189|-449,114|0|1|0|0|0|15|-14|1
135,107|2,263|-6,329|-450,137|0|1|0|0|0|9|7|1
135,282|2,296|-5,538|-451,149|0|1|0|0|1|7|4|1
135,457|2,328|-5,039|-452,162|0|1|0|0|1|6|2|1
135,632|2,361|-4,584|-453,175|0|1|0|0|1|6|2|1
135,807|2,394|-4,146|-454,188|0|1|0|0|1|6|2|1
135,982|2,426|-3,725|-455,2|0|1|0|0|1|7|3|1
136,157|2,458|-3,271|-456,213|0|1|0|0|1|7|4|1
136,332|2,49|-2,771|-457,226|0|1|0|0|1|6|2|1
136,507|2,522|-2,312|-458,239|0|1|0|0|1|6|2|1
136,682|2,554|-1,878|-459,251|0|1|0|0|1|7|4|1
136,857|2,586|-1,447|-460,264|0|1|0|0|0|6|0|1
137,032|2,618|-1,908|-461,277|0|1|0|0|0|8|-6|1
137,207|2,649|-3,258|-462,289|0|1|0|0|0|12|-10|1
137,382|2,68|-5,352|-463,302|0|1|0|0|0|15|-14|1
137,557|2,71|-6,981|-464,319|0|1|0|0|0|6|0|1
137,733|2,76|-6,981|-465,365|0|1|0|0|0|6|0|1
137,908|2,819|-6,981|-466,414|0|1|0|0|0|6|0|1
138,083|2,88|-6,981|-467,462|0|1|0|0|0|6|0|1
138,258|2,939|-6,981|-468,51|0|1|0|0|0|6|0|1
138,433|2,988|-6,981|-469,559|0|1|0|0|0|6|0|1
138,608|3,023|-6,981|-470,609|0|1|0|0|0|6|0|1
138,783|3,054|-6,981|-471,658|0|1|0|0|0|6|0|1
138,958|3,084|-6,981|-472,708|0|1|0|0|0|6|0|1
139,133|3,113|-6,981|-473,757|0|1|0|0|0|6|0|1
139,308|3,139|-6,981|-474,807|0|1|0|0|0|6|0|1
139,483|3,166|-6,981|-475,857|0|1|0|0|0|6|0|1
139,658|3,191|-6,631|-476,906|0|1|0|0|0|10|8|1
139,833|3,215|-5,626|-477,919|0|1|0|0|1|6|3|1
140,008|3,233|-5,144|-478,932|0|1|0|0|1|7|3|1
140,183|3,247|-4,698|-479,945|0|1|0|0|1|7|3|1
140,358|3,256|-4,25|-480,959|0|1|0|0|1|7|3|1
140,533|3,242|-3,821|-481,972|0|1|0|0|1|6|3|1
140,708|3,17|-3,359|-482,982|0|1|0|-0,1|1|6|3|1
140,883|3,007|-2,877|-483,982|0|1|0|-0,1|1|7|3|1
141,058|2,771|-2,428|-484,967|0|1|0|-0,1|1|7|3|1
141,233|2,473|-1,969|-485,935|0|1|0|-0,2|1|6|3|1
141,408|2,09|-1,475|-486,873|0|1|0|-0,2|1|7|3|1
141,583|1,609|-0,987|-487,764|0|1|0|-0,3|1|6|2|1
141,758|1,047|-0,555|-488,607|0|0,9|0|-0,3|1|6|3|1
141,933|0,399|-0,096|-489,385|0|0,9|0|-0,4|1|7|3|1
142,108|-0,335|0,228|-490,083|0|-0,9|0|0,5|0|6|-1|1
142,283|-1,233|-0,322|-490,542|0|-0,7|0|0,7|0|9|-6|1
142,458|-2,191|-1,451|-490,87|0|-0,9|0|0,5|0|6|0|1
142,633|-2,882|-1,45|-491,625|0|0,9|0|-0,3|0|6|0|1
142,808|-2,703|-0,544|-492,536|0|1|0|0,2|0|6|6|1
142,983|-1,936|0,121|-492,604|0|0,8|0|0,6|1|6|2|1
143,158|-1,039|0,554|-492,17|0|0,4|0|0,9|1|6|3|1
143,333|-0,36|1,017|-491,419|0|0,3|0|1|1|7|3|1
143,508|0,306|1,446|-490,665|0|0,5|0|0,9|1|6|3|1
143,683|1,245|1,912|-490,3|0|0,6|0|0,8|1|6|2|1
143,858|2,253|2,388|-490,224|0|0,7|0|0,7|1|6|2|1
144,033|3,26|2,822|-490,333|0|0,8|0|0,6|1|6|3|1
144,208|4,247|3,292|-490,56|0|0,8|0|0,6|1|7|3|1
144,383|5,194|3,398|-490,894|0|0,9|0|0,5|0|6|-3|1
144,558|6,005|2,523|-491,236|0|0,9|0|0,5|0|9|-8|1
144,733|6,615|1,31|-491,494|0|0,9|0|0,5|0|1|0|1
144,908|6,659|1,31|-491,513|0|0,9|0|0,5|0|0|0|1
145,083|6,66|2,216|-491,513|0|0,9|0|0,5|0|6|6|1
145,258|6,66|2,881|-491,513|0|0,9|0|0,5|1|2|2|1
145,433|6,607|3,314|-491,486|0|1|0|0|1|4|3|1
145,608|5,821|3,777|-491,058|0|-0,7|0|0,8|1|7|3|1
145,783|4,955|4,206|-490,533|0|-0,5|0|0,9|1|6|3|1
145,958|4,106|4,672|-489,979|0|-0,5|0|0,9|1|6|2|1
146,133|3,269|5,148|-489,408|0|-0,5|0|0,9|1|6|2|1
146,308|2,288|5,582|-489,199|0|-0,7|0|0,7|1|6|3|1
146,483|1,278|6,052|-489,273|0|-0,8|0|0,7|1|7|3|1
146,658|0,373|6,543|-489,689|0|0,9|0|-0,4|1|6|2|1
146,833|-0,325|6,828|-490,421|0|0,9|0|-0,3|0|6|-2|1
147,008|-0,957|6,17|-491,186|0|1|0|-0,3|0|9|-7|1
147,183|-1,494|4,879|-491,844|0|1|0|-0,3|0|2|0|1
147,359|-1,571|4,88|-491,939|0|1|0|-0,3|0|0|0|1
147,534|-1,573|5,786|-491,941|0|1|0|-0,3|0|6|6|1
147,709|-1,597|6,451|-492,115|0|1|0|-0,2|1|5|2|1
147,884|-1,654|6,893|-492,634|0|1|0|0|1|4|3|1
148,059|-1,526|7,377|-493,445|0|1|0|0,1|1|6|2|1
148,234|-1,299|7,8|-494,433|0|1|0|0,1|1|6|3|1
148,409|-1,049|7,862|-495,415|0|1|0|0,1|0|7|-3|1
148,584|-0,794|7,054|-496,395|0|1|0|0,1|0|6|0|1
148,759|-0,526|7,056|-497,405|0|1|0|0,1|0|6|0|1
148,934|-0,273|7,056|-498,423|0|1|0|0,1|0|6|0|1
149,109|-0,084|7,056|-499,456|0|1|0|0,1|0|6|0|1
149,284|0,066|7,056|-500,495|0|1|0|0,1|0|6|0|1
149,459|0,213|7,056|-501,535|0|1|0|0,1|0|6|0|1
149,634|0,344|7,056|-502,577|0|1|0|0,1|0|6|0|1
149,809|0,456|7,056|-503,621|0|1|0|0,1|0|6|0|1
149,984|0,551|7,056|-504,666|0|1|0|0|0|6|0|1
150,159|0,63|7,056|-505,713|0|1|0|0|0|6|0|1
150,334|0,699|7,056|-506,761|0|1|0|0|0|6|0|1
150,509|0,764|7,056|-507,809|0|1|0|0|0|6|0|1
150,684|0,825|7,056|-508,857|0|1|0|0|0|6|0|1
150,859|0,884|7,406|-509,906|0|1|0|0|0|10|8|1
151,034|0,938|8,411|-510,917|0|1|0|0|1|6|3|1
151,209|0,991|8,893|-511,929|0|1|0|0|1|7|3|1
151,384|1,044|9,222|-512,941|0|1|0|0|0|6|-1|1
151,559|1,096|8,675|-513,953|0|1|0|0|0|9|-6|1
151,734|1,148|7,253|-514,965|0|1|0|0|0|12|-11|1
151,909|1,201|5,098|-515,977|0|1|0|0|0|16|-15|1
152,084|1,258|2,33|-516,989|0|1|0|0|0|19|-18|1
152,259|1,331|-0,95|-517,999|0|1|0|0|0|21|-20|1
152,434|1,43|-1,953|-519,024|0|1|0|0,1|0|6|0|1
152,609|1,53|-1,953|-520,069|0|1|0|0|0|6|0|1
152,784|1,626|-1,953|-521,115|0|1|0|0|0|6|0|1
152,959|1,727|-1,953|-522,16|0|1|0|0|0|6|0|1
153,134|1,829|-1,953|-523,205|0|1|0|0|0|6|0|1
153,309|1,932|-1,953|-524,25|0|1|0|0|0|6|0|1
153,484|2,034|-1,953|-525,295|0|1|0|0|0|6|0|1
153,659|2,133|-1,953|-526,34|0|1|0|0|0|6|0|1
153,834|2,182|-1,953|-527,388|0|1|0|0|0|6|0|1
154,009|2,178|-1,299|-528,431|0|1|0|0|0|9|7|1
154,184|2,162|-0,508|-529,444|0|1|0|0|1|7|4|1
154,359|2,145|-0,009|-530,457|0|1|0|0|1|6|2|1
154,534|2,124|0,446|-531,47|0|1|0|0|1|6|2|1
154,709|2,091|0,884|-532,483|0|1|0|0|1|6|2|1
154,884|2,052|1,305|-533,495|0|1|0|0|1|7|3|1
155,059|2,011|1,759|-534,508|0|1|0|0|1|7|4|1
155,234|1,97|2,259|-535,52|0|1|0|0|1|6|2|1
155,409|1,928|2,718|-536,532|0|1|0|0|1|6|2|1
155,584|2,241|3,152|-537,455|0|0,9|0|0,5|1|7|4|1
155,759|3,153|3,662|-537,874|0|0,8|0|0,7|1|6|2|1
155,934|4,154|4,12|-538,021|0|0,7|0|0,7|1|7|3|1
156,109|5,165|4,571|-538,091|0|0,7|0|0,7|1|6|3|1
156,284|6,075|5,037|-538,142|0|0,7|0|0,7|1|5|2|1
156,459|6,837|5,457|-538,185|0|0,7|0|0,7|1|5|3|1
156,634|7,467|5,888|-538,396|0|0,9|0|0,4|1|6|3|1
156,809|7,78|6,382|-539,349|0|1|0|0|1|7|3|1
156,985|7,777|6,833|-540,361|0|1|0|-0,1|1|6|3|1
157,16|7,629|7,288|-541,363|0|1|0|-0,1|1|6|2|1
157,335|7,375|7,712|-542,344|0|1|0|-0,1|1|6|3|1
157,51|7,069|8,178|-543,309|0|1|0|-0,2|1|6|2|1
157,685|6,684|8,609|-544,246|0|1|0|-0,2|1|6|2|1
157,86|6,23|9,056|-545,152|0|1|0|-0,2|1|6|3|1
158,035|5,754|9,552|-546,046|0|1|0|-0,2|1|6|2|1
158,21|5,275|9,956|-546,939|0|1|0|-0,2|0|6|0|1
158,385|4,796|9,633|-547,832|0|1|0|-0,2|0|8|-5|1
158,56|4,317|8,397|-548,725|0|1|0|-0,2|0|11|-10|1
158,735|3,839|6,399|-549,618|0|1|0|-0,2|0|15|-14|1
158,91|3,36|4,547|-550,511|0|1|0|-0,2|1|8|-6|1
159,085|2,883|3,927|-551,405|0|1|0|-0,2|1|6|0|1
159,26|2,433|4,254|-552,313|0|1|0|-0,2|1|7|3|1
159,435|2,09|4,729|-553,265|0|1|0|-0,1|1|6|2|1
159,61|1,902|5,163|-554,26|0|1|0|0|1|7|3|1
159,785|1,831|5,639|-555,27|0|1|0|0|1|6|2|1
159,96|1,811|6,068|-556,283|0|1|0|0|1|7|3|1
160,135|1,806|6,208|-557,296|0|1|0|0|0|6|-3|1
160,31|1,805|5,361|-558,309|0|1|0|0|0|10|-8|1
160,485|1,806|3,688|-559,323|0|1|0|0|0|13|-12|1
160,66|1,808|1,323|-560,336|0|1|0|0|0|17|-16|1
160,835|1,811|-1,62|-561,349|0|1|0|0|0|6|0|1
161,01|1,814|-1,953|-562,386|0|1|0|0|0|6|0|1
161,185|1,832|-1,953|-563,436|0|1|0|0|0|6|0|1
161,36|1,856|-1,953|-564,485|0|1|0|0|0|6|0|1
161,535|1,882|-1,953|-565,535|0|1|0|0|0|6|0|1
161,71|1,909|-1,953|-566,585|0|1|0|0|0|6|0|1
161,885|1,934|-1,953|-567,635|0|1|0|0|0|6|0|1
162,06|1,954|-0,844|-568,663|0|1|0|0|0|7|4|1
162,235|1,972|-0,302|-569,676|0|1|0|0|1|7|3|1
162,41|1,988|0,15|-570,689|0|1|0|0|1|6|3|1
162,585|2,004|0,621|-571,702|0|1|0|0|1|6|2|1
162,76|2,02|1,041|-572,715|0|1|0|0|1|7|3|1
162,935|2,036|1,47|-573,729|0|1|0|0|1|6|3|1
163,11|2,052|1,965|-574,742|0|1|0|0|1|7|3|1
163,285|2,068|2,417|-575,755|0|1|0|0|1|6|3|1
163,46|2,084|2,816|-576,768|0|1|0|0|0|6|0|1
163,635|2,1|2,347|-577,781|0|1|0|0|0|8|-6|1
163,81|2,116|0,99|-578,795|0|1|0|0|0|12|-10|1
163,985|2,13|-0,053|-579,688|0|1|0|0|0|6|4|1
164,16|2,141|0,671|-580,417|0|1|0|0|0|6|4|1
164,335|2,152|1,41|-581,162|0|1|0|0|0|6|4|1
164,51|2,163|2,149|-581,907|0|1|0|0|0|6|4|1
164,685|2,174|2,889|-582,652|0|1|0|0|0|6|4|1
164,86|2,184|3,629|-583,397|0|1|0|0|0|6|4|1
165,035|2,195|4,368|-584,143|0|1|0|0|0|6|4|1
165,21|2,205|5,108|-584,888|0|1|0|0|0|6|4|1
165,385|2,215|5,848|-585,633|0|1|0|0|0|6|4|1
165,56|2,219|6,587|-586,378|0|1|0|0|0|6|4|1
165,735|2,221|7,327|-587,124|0|1|0|0|0|6|4|1
165,91|2,223|8,066|-587,869|0|1|0|0|0|6|4|1
166,085|2,225|8,806|-588,614|0|1|0|0|0|6|4|1
166,26|2,227|9,546|-589,359|0|1|0|0|0|6|4|1
166,436|2,229|10,755|-590,136|0|1|0|0|0|8|6|1
166,611|2,232|11,42|-591,143|0|1|0|0|1|6|2|1
166,786|2,234|11,853|-592,157|0|1|0|0|1|6|3|1
166,961|2,237|12,316|-593,17|0|1|0|0|1|7|3|1
167,136|2,245|12,745|-594,183|0|1|0|0|1|6|3|1
167,311|2,27|13,211|-595,196|0|1|0|0|0|6|2|1
167,486|2,307|13,089|-596,208|0|1|0|0|0|7|-4|1
167,661|2,346|12,023|-597,221|0|1|0|0|0|11|-9|1
167,836|2,384|10,166|-598,234|0|1|0|0|0|14|-13|1
168,011|2,421|7,648|-599,246|0|1|0|0|0|17|-16|1
168,186|2,458|4,577|-600,259|0|1|0|0|0|20|-19|1
168,361|2,495|1,826|-601,271|0|1|0|0|1|12|-11|1
168,536|2,531|0,454|-602,284|0|1|0|0|1|7|-4|1
168,711|2,567|0,235|-603,296|0|1|0|0|1|6|2|1
168,886|2,604|0,659|-604,309|0|1|0|0|1|6|3|1
169,061|2,64|1,109|-605,322|0|1|0|0|1|7|3|1
169,236|2,676|1,582|-606,334|0|1|0|0|1|6|2|1
169,411|2,712|2,018|-607,347|0|1|0|0|1|6|3|1
169,586|2,748|2,493|-608,359|0|1|0|0|1|7|3|1
169,761|2,783|2,97|-609,372|0|1|0|0|0|6|2|1
169,936|2,819|2,914|-610,384|0|1|0|0|0|7|-4|1
170,111|2,853|1,903|-611,397|0|1|0|0|0|10|-9|1
170,286|2,873|1,605|-612,308|0|1|0|0|0|6|3|1
170,461|2,874|2,17|-613,19|0|1|0|0|0|6|3|1
170,636|2,753|2,365|-613,494|0|1|0|-0,2|0|5|0|1
170,811|1,937|2,465|-613,649|0|0,9|0|-0,4|0|5|3|1
170,986|1,815|3,005|-614,493|0|1|0|-0,1|0|3|1|1
171,161|1,804|3,092|-614,63|0|1|0|-0,1|0|0|0|1
171,336|1,804|3,093|-614,632|0|1|0|-0,1|0|3|-2|1
171,511|1,854|2,616|-613,886|0|-0,2|0|1|0|6|-3|1
171,686|1,913|2,052|-613,005|0|0|0|1|0|6|-3|1
171,861|1,973|1,487|-612,122|0|0|0|1|0|6|-3|1
172,036|2,215|0,964|-611,306|0|0,2|0|1|0|6|-2|1
172,211|2,893|0,67|-610,847|0|0,5|0|0,9|0|1|0|1
172,386|2,955|0,66|-610,831|0|0,5|0|0,9|0|0|0|1
172,561|2,949|0,723|-610,929|0|0,7|0|0,7|0|5|3|1
172,736|2,893|1,25|-611,752|0|1|0|0,1|0|6|3|1
172,911|2,834|1,814|-612,634|0|1|0|0|0|6|3|1
173,086|2,775|2,379|-613,517|0|1|0|0|0|6|3|1
173,261|2,715|2,945|-614,4|0|1|0|0|0|6|3|1
173,436|2,667|3,51|-615,283|0|1|0|0|0|6|3|1
173,611|2,635|4,076|-616,167|0|1|0|0|0|6|3|1
173,786|2,606|4,642|-617,051|0|1|0|0|0|6|3|1
173,961|2,578|5,208|-617,935|0|1|0|0|0|6|3|1
174,136|2,549|5,774|-618,819|0|1|0|0|0|6|3|1
174,311|2,521|6,34|-619,703|0|1|0|0|0|6|3|1
174,486|2,493|6,817|-620,615|0|1|0|0|0|6|-3|1
174,661|2,465|7,755|-621,611|0|1|0|0|0|7|4|1
174,836|2,439|8,298|-622,624|0|1|0|0|1|7|3|1
175,011|2,415|8,749|-623,637|0|1|0|0|1|6|3|1
175,186|2,39|9,22|-624,65|0|1|0|0|1|6|2|1
175,361|2,366|9,407|-625,663|0|1|0|0|0|6|-2|1
175,536|2,349|8,67|-626,676|0|1|0|0|0|9|-7|1
175,711|2,343|7,088|-627,689|0|1|0|0|0|13|-12|1
175,886|2,344|4,8|-628,702|0|1|0|0|0|6|-3|1
176,062|2,355|4,227|-629,558|0|1|0|0|0|6|-3|1
176,237|2,368|3,662|-630,441|0|1|0|0|0|6|-3|1
176,412|2,381|3,095|-631,325|0|1|0|0|0|6|-3|1
176,587|2,394|2,529|-632,209|0|1|0|0|0|6|-3|1
176,762|2,408|1,963|-633,093|0|1|0|0|0|6|-3|1
176,937|2,422|1,397|-633,977|0|1|0|0|0|6|-3|1
177,112|2,436|0,831|-634,861|0|1|0|0|0|6|-3|1
177,287|2,451|0,265|-635,745|0|1|0|0|0|6|-3|1
177,462|2,467|-0,301|-636,629|0|1|0|0|0|6|-3|1
177,637|2,484|-0,867|-637,514|0|1|0|0|0|6|-3|1
177,812|2,502|0,128|-638,467|0|1|0|0|0|7|4|1
177,987|2,522|0,671|-639,48|0|1|0|0|1|7|3|1
178,162|2,541|1,122|-640,493|0|1|0|0|1|6|3|1
178,337|2,56|1,593|-641,506|0|1|0|0|1|6|2|1
178,512|2,58|2,013|-642,519|0|1|0|0|1|7|3|1
178,687|2,599|2,11|-643,533|0|1|0|0|0|7|-3|1
178,862|2,619|1,227|-644,546|0|1|0|0|0|10|-8|1
179,037|2,638|-0,476|-645,559|0|1|0|0|0|14|-12|1
179,212|2,657|-1,953|-646,576|0|1|0|0|0|6|0|1
179,387|2,666|-1,953|-647,624|0|1|0|0|0|6|0|1
179,562|2,662|-1,953|-648,674|0|1|0|0|0|6|0|1
179,737|2,639|-1,953|-649,723|0|1|0|0|0|6|0|1
179,912|2,571|-1,953|-650,771|0|1|0|0|0|6|0|1
180,087|2,43|-1,953|-651,811|0|1|0|-0,1|0|6|0|1
180,262|2,224|-1,953|-652,841|0|1|0|-0,1|0|6|0|1
180,437|1,794|-1,953|-653,727|0|0,9|0|-0,3|0|6|0|1
180,612|0,906|-1,953|-654,27|0|0,9|0|-0,5|0|6|0|1
180,787|-0,001|-1,953|-654,798|0|0,9|0|-0,5|0|6|0|1
180,962|-0,494|-1,953|-655,642|0|1|0|-0,2|0|6|0|1
181,137|-0,766|-1,953|-656,654|0|1|0|-0,1|0|6|0|1
181,312|-1,034|-1,953|-657,669|0|1|0|-0,1|0|6|0|1
181,487|-1,302|-1,953|-658,684|0|1|0|-0,1|0|6|0|1
181,662|-1,563|-1,332|-659,671|0|1|0|-0,1|0|9|7|1
181,837|-1,822|-0,541|-660,651|0|1|0|-0,1|1|7|4|1
182,012|-2,067|-0,042|-661,634|0|1|0|-0,1|1|6|2|1
182,187|-2,278|0,412|-662,625|0|1|0|-0,1|1|6|2|1
182,362|-2,452|0,851|-663,623|0|1|0|-0,1|1|6|2|1
182,537|-2,593|1,272|-664,626|0|1|0|-0,1|1|7|3|1
182,712|-2,713|1,726|-665,632|0|1|0|-0,1|1|7|4|1
182,887|-2,817|2,225|-666,64|0|1|0|0|1|6|2|1
183,062|-2,902|2,685|-667,65|0|1|0|0|1|6|2|1
183,237|-2,974|2,617|-668,66|0|1|0|0|0|7|-4|1
183,412|-3,038|1,677|-669,672|0|1|0|0|1|7|-4|1
183,587|-3,091|1,387|-670,684|0|1|0|0|1|6|2|1
183,762|-3,14|1,808|-671,695|0|1|0|0|1|6|3|1
183,937|-3,188|2,246|-672,707|0|1|0|0|1|6|3|1
184,112|-3,236|2,715|-673,72|0|1|0|0|1|6|2|1
184,287|-3,283|3,142|-674,732|0|1|0|0|1|6|3|1
184,462|-3,315|3,627|-675,745|0|1|0|0|1|7|3|1
184,637|-3,29|4,091|-676,757|0|1|0|0|1|7|3|1
184,812|-3,184|4,523|-677,765|0|1|0|0,1|1|7|3|1
184,987|-3,018|4,985|-678,764|0|1|0|0,1|1|6|2|1
185,162|-2,806|4,878|-679,755|0|1|0|0,2|0|7|-4|1
185,337|-2,347|3,825|-680,654|0|0,9|0|0,4|0|11|-9|1
185,513|-1,696|1,978|-681,429|0|0,9|0|0,5|0|14|-13|1
185,688|-0,948|-0,531|-682,112|0|0,9|0|0,5|0|17|-16|1
185,863|-0,311|-1,953|-682,852|0|1|0|0,3|0|6|0|1
186,038|-0,067|-1,953|-683,865|0|1|0|0,1|0|6|0|1
186,213|0,056|-1,953|-684,423|0|1|0|0,1|0|0|0|1
186,388|0,059|-1,953|-684,436|0|1|0|0,1|0|0|0|1
186,563|0,059|-1,953|-684,436|0|1|0|0,1|0|0|0|1
186,738|0,059|-1,953|-684,436|0|1|0|0,1|0|0|0|1
186,913|0,059|-1,953|-684,436|0|1|0|0,1|0|3|0|1
187,088|0,887|-1,953|-684,461|0|0,8|0|0,5|0|6|0|1
187,263|1,774|-1,953|-685,003|0|0,9|0|0,5|0|6|0|1
187,438|2,566|-1,953|-685,638|0|0,9|0|0,4|0|6|0|1
187,613|2,732|-1,953|-686,533|0|1|0|0,1|0|1|0|1
187,788|2,74|-1,953|-686,604|0|1|0|0,1|0|0|0|1
187,963|2,74|-1,953|-686,605|0|1|0|0,1|0|0|0|1
188,138|2,624|-1,953|-686,592|0|1|0|-0,2|0|5|0|1
188,313|1,661|-1,953|-686,422|0|-0,7|0|0,7|0|6|0|1
188,488|0,64|-1,953|-686,181|0|-0,6|0|0,8|0|6|0|1
188,663|-0,324|-1,953|-686,297|0|-0,8|0|0,6|0|6|0|1
188,838|-1,235|-1,953|-686,745|0|-0,8|0|0,6|0|6|0|1
189,013|-2,247|-1,953|-686,554|0|-0,7|0|0,8|0|6|0|1
189,188|-3,268|-1,953|-686,308|0|-0,6|0|0,8|0|3|0|1
189,363|-3,426|-1,953|-686,27|0|-0,6|0|0,8|0|0|0|1
189,538|-3,428|-1,953|-686,27|0|-0,6|0|0,8|0|0|0|1
189,713|-3,428|-1,953|-686,27|0|-0,6|0|0,8|0|0|0|1
189,888|-3,428|-1,953|-686,27|0|-0,6|0|0,8|0|0|0|1
190,063|-3,428|-1,953|-686,27|0|-0,6|0|0,8|0|0|0|1
190,238|-3,428|-1,953|-686,27|0|-0,6|0|0,8|0|0|0|1
190,413|-3,49|-1,953|-686,55|0|0,9|0|-0,5|0|5|0|1
190,588|-3,671|-1,953|-687,552|0|1|0|-0,2|0|6|0|1
190,763|-3,789|-1,953|-688,594|0|1|0|-0,1|0|6|0|1
190,938|-3,839|-1,953|-689,643|0|1|0|0|0|6|0|1
191,113|-3,859|-1,047|-690,678|0|1|0|0|0|8|6|1
191,288|-3,876|-0,381|-691,691|0|1|0|0|1|6|2|1
191,463|-3,892|0,052|-692,704|0|1|0|0|1|6|3|1
191,638|-3,908|0,515|-693,717|0|1|0|0|1|7|3|1
191,813|-3,924|0,944|-694,731|0|1|0|0|1|6|3|1
191,988|-3,938|1,41|-695,744|0|1|0|0|1|6|2|1
192,163|-3,927|1,886|-696,757|0|1|0|0|1|6|2|1
192,338|-3,871|2,319|-697,768|0|1|0|0|1|6|3|1
192,513|-3,774|2,789|-698,777|0|1|0|0,1|1|7|3|1
192,688|-3,651|3,281|-699,783|0|1|0|0,1|1|6|2|1
192,863|-3,502|3,724|-700,785|0|1|0|0,1|1|6|3|1
193,038|-3,32|4,236|-701,782|0|1|0|0,1|0|6|2|1
193,213|-3,118|4,168|-702,775|0|1|0|0,1|0|7|-4|1
193,388|-2,909|3,146|-703,766|0|1|0|0,1|0|10|-9|1
193,563|-2,609|1,327|-704,73|0|0,9|0|0,4|0|14|-13|1
193,738|-2,049|-1,16|-705,572|0|0,9|0|0,5|0|17|-16|1
193,913|-1,277|-1,953|-706,24|0|0,9|0|0,5|0|6|0|1
194,088|-0,396|-1,953|-706,809|0|0,9|0|0,5|0|6|0|1
194,263|0,476|-1,953|-707,393|0|0,9|0|0,5|0|6|0|1
194,438|1,335|-1,953|-707,998|0|0,9|0|0,5|0|6|0|1
194,613|2,18|-1,953|-708,62|0|0,9|0|0,5|0|6|0|1
194,788|2,417|-1,953|-709,599|0|1|0|0,1|0|6|0|1
194,963|2,532|-1,047|-710,627|0|1|0|0,1|0|8|6|1
195,139|2,634|-0,381|-711,635|0|1|0|0|1|6|2|1
195,314|2,714|0,052|-712,645|0|1|0|0|1|6|3|1
195,489|2,767|0,515|-713,657|0|1|0|0|1|7|3|1
195,664|2,787|0,944|-714,67|0|1|0|0|1|6|3|1
195,839|2,775|1,41|-715,683|0|1|0|0|1|6|2|1
196,014|2,745|1,886|-716,696|0|1|0|0|1|6|2|
196,189|2,745|1,886|-716,696|0|1|0|0|1|6|2|
196,364|2,745|1,886|-716,696|0|1|0|0|1|6|2|
196,539|2,745|1,886|-716,696|0|1|0|0|1|6|2|
196,714|2,745|1,886|-716,696|0|1|0|0|1|6|2|
196,889|2,745|1,886|-716,696|0|1|0|0|1|6|2|
197,064|2,617|-1,012|-686,334|0|1|0|0|0|3|-2|1
197,239|2,609|-1,791|-686,55|0|1|0|0|0|1|0|1
197,414|2,607|-1,953|-686,619|0|1|0|0|0|0|0|1
197,589|2,607|-1,953|-686,619|0|1|0|0|0|0|0|1
197,764|2,607|-1,953|-686,619|0|1|0|0|0|0|0|1
197,939|2,607|-1,953|-686,619|0|1|0|0|0|0|0|1
198,114|2,607|-1,953|-686,619|0|1|0|0|0|3|0|1
198,289|2,374|-1,953|-687,414|0|1|0|-0,2|0|6|0|1
198,464|1,627|-1,953|-688,136|0|0,9|0|-0,4|0|6|0|1
198,639|0,86|-1,953|-688,853|0|0,9|0|-0,4|0|6|0|1
198,814|0,061|-1,953|-689,486|0|-0,9|0|0,5|0|6|0|1
198,989|-0,969|-1,953|-689,501|0|-0,7|0|0,7|0|3|0|1
199,164|-1,132|-1,953|-689,497|0|-0,7|0|0,7|0|0|0|1
199,339|-1,111|-1,953|-688,816|0|-0,2|0|1|0|6|0|1
199,514|-1,076|-1,953|-687,773|0|0|0|1|0|6|0|1
199,689|-0,84|-1,953|-686,815|0|0,2|0|1|0|6|0|1
199,864|-0,018|-1,953|-686,293|0|0,5|0|0,8|0|6|0|1
200,039|1,022|-1,953|-686,306|0|0,7|0|0,7|0|6|0|1
200,214|2,072|-1,953|-686,341|0|0,7|0|0,7|0|6|0|1
200,389|3,03|-1,953|-686,577|0|0,8|0|0,5|0|6|0|1
200,564|3,757|-1,953|-687,322|0|0,9|0|0,4|0|6|0|1
200,739|4,464|-1,047|-688,078|0|0,9|0|0,4|0|8|6|1
200,914|5,076|-0,381|-688,876|0|1|0|0,2|1|6|2|1
201,089|5,273|0,052|-689,866|0|1|0|0|1|6|3|1
201,264|5,302|0,515|-690,878|0|1|0|0|1|7|3|1
201,439|5,284|0,944|-691,891|0|1|0|0|1|6|3|1
201,614|5,254|1,41|-692,904|0|1|0|0|1|6|2|1
201,789|5,221|1,886|-693,917|0|1|0|0|1|6|2|1
201,964|5,368|2,319|-694,905|0|1|0|0,2|1|6|3|1
202,139|5,916|2,789|-695,754|0|0,9|0|0,3|1|7|3|1
202,314|6,49|3,281|-696,582|0|1|0|0,2|1|6|2|1
202,489|6,674|3,724|-697,575|0|1|0|0|1|6|3|1
202,664|6,698|4,236|-698,588|0|1|0|0|1|6|2|1
202,839|6,68|4,673|-699,601|0|1|0|0|1|6|2|1
203,014|6,644|5,096|-700,613|0|1|0|0|1|6|3|1
203,189|6,582|5,563|-701,625|0|1|0|0|0|6|2|1
203,364|6,488|5,448|-702,633|0|1|0|-0,1|0|7|-4|1
203,539|6,359|4,387|-703,638|0|1|0|-0,1|0|11|-9|1
203,714|6,159|2,535|-704,629|0|1|0|-0,3|0|14|-13|1
203,889|5,673|0,02|-705,513|0|-0,8|0|0,5|0|17|-16|1
204,064|4,854|-1,953|-706,045|0|-0,7|0|0,7|0|6|0|1
204,239|3,833|-1,953|-705,899|0|-0,6|0|0,8|0|6|0|1
204,414|2,796|-1,953|-705,742|0|-0,7|0|0,8|0|6|0|1
204,589|1,75|-1,953|-705,649|0|-0,7|0|0,7|0|6|0|1
204,765|0,988|-1,953|-705,602|0|-0,7|0|0,7|0|1|0|1
204,94|0,957|-1,953|-705,6|0|-0,7|0|0,7|0|0|0|1
205,115|1,636|-1,953|-705,639|0|0,4|0|0,9|0|5|0|1
205,29|2,382|-1,953|-706,311|0|0,9|0|0,5|0|6|0|1
205,465|3,081|-1,953|-707,094|0|0,9|0|0,4|0|6|0|1
205,64|3,778|-1,953|-707,879|0|0,9|0|0,4|0|6|0|1
205,815|3,835|-1,953|-708,886|0|1|0|0|0|6|0|1
205,99|3,775|-1,953|-709,934|0|1|0|0|0|6|0|1
206,165|3,714|-1,603|-710,982|0|1|0|0|0|10|8|1
206,34|3,655|-0,598|-711,993|0|1|0|0|1|6|3|1
206,515|3,596|-0,116|-713,005|0|1|0|0|1|7|3|1
206,69|3,536|0,33|-714,017|0|1|0|0|1|7|3|1
206,865|3,474|0,778|-715,028|0|1|0|0|1|7|3|1
207,04|3,402|1,207|-716,039|0|1|0|0|1|6|3|1
207,215|3,309|1,669|-717,048|0|1|0|-0,1|1|6|3|1
207,39|3,189|2,151|-718,054|0|1|0|-0,1|1|7|3|1
207,565|3,054|2,6|-719,058|0|1|0|-0,1|1|7|3|1
207,74|2,914|3,059|-720,061|0|1|0|-0,1|1|6|3|1
207,915|2,774|3,553|-721,065|0|1|0|-0,1|1|7|3|1
208,09|2,633|3,656|-722,068|0|1|0|-0,1|0|6|-3|1
208,265|2,492|2,776|-723,072|0|1|0|-0,1|0|10|-8|1
208,44|2,444|1,076|-724,08|0|1|0|0,2|0|13|-12|1
208,615|2,682|-1,312|-725,063|0|1|0|0,3|0|17|-16|1
208,79|3,179|-1,953|-725,954|0|0,9|0|0,3|0|6|0|1
208,965|3,815|-1,953|-726,788|0|0,9|0|0,3|0|6|0|1
209,14|4,455|-1,953|-727,621|0|0,9|0|0,3|0|6|0|1
209,315|5,09|-1,299|-728,447|0|0,9|0|0,3|0|9|7|1
209,49|5,708|-0,508|-729,25|0|0,9|0|0,3|1|7|4|1
209,665|6,579|-0,009|-729,748|0|0,8|0|0,6|1|6|2|1
209,84|7,562|0,446|-729,991|0|0,8|0|0,6|1|6|2|1
210,015|8,559|0,884|-730,173|0|0,8|0|0,6|1|6|2|1
210,19|9,427|1,305|-730,643|0|1|0|0,3|1|7|3|1
210,365|9,662|1,759|-731,613|0|1|0|-0,1|1|7|4|1
210,54|9,518|2,259|-732,614|0|1|0|-0,1|1|6|2|1
210,715|9,233|2,718|-733,586|0|1|0|-0,2|1|6|2|1
210,89|8,867|3,152|-734,531|0|1|0|-0,2|1|7|4|1
211,065|8,358|3,662|-735,395|0|0,9|0|-0,4|1|6|2|1
211,24|7,487|4,12|-735,905|0|-0,8|0|0,6|1|7|3|1
211,415|6,532|4,571|-736,242|0|-0,8|0|0,6|1|6|3|1
211,59|5,561|5,037|-736,53|0|-0,8|0|0,6|1|6|2|1
211,765|4,585|5,457|-736,805|0|-0,8|0|0,6|1|7|3|1
211,94|3,697|5,888|-737,259|0|0,9|0|-0,4|1|6|3|1
212,115|3,093|6,123|-738,069|0|1|0|-0,1|0|6|-2|1
212,29|2,832|5,396|-739,042|0|1|0|0,2|0|9|-7|1
212,465|2,891|3,823|-740,051|0|1|0|0,2|0|13|-12|1
212,64|2,949|3,147|-740,587|0|1|0|0,1|0|0|0|1
212,815|2,951|3,147|-740,6|0|1|0|0,1|0|0|0|1
212,99|2,951|3,147|-740,6|0|1|0|0,1|0|0|0|1
213,165|2,951|3,147|-740,6|0|1|0|0,1|0|0|0|1
213,34|2,951|3,147|-740,6|0|1|0|0,1|0|0|0|1
213,515|2,951|3,147|-740,6|0|1|0|0,1|0|0|0|1
213,69|2,951|3,147|-740,6|0|1|0|0,1|0|0|0|1
213,865|2,951|3,147|-740,6|0|1|0|0,1|0|0|0|1
214,04|2,951|3,147|-740,6|0|1|0|0,1|0|0|0|1
214,216|2,951|3,147|-740,6|0|1|0|0,1|0|3|0|1
214,391|2,14|3,147|-740,724|0|0,9|0|-0,5|0|12|10|1
214,566|1,245|4,402|-741,207|0|0,9|0|-0,5|0|6|3|1
214,741|0,541|4,915|-741,912|0|1|0|-0,2|1|6|2|1
214,916|0,136|5,352|-742,839|0|1|0|-0,2|1|6|2|1
215,091|0,006|5,78|-743,828|0|1|0|0,1|1|6|3|1
215,266|0,328|6,248|-744,786|0|1|0|0,2|1|6|2|1
215,441|0,781|6,669|-745,692|0|1|0|0,3|1|6|3|1
215,616|1,196|7,182|-746,609|0|1|0|0,1|1|6|2|1
215,791|1,203|7,619|-747,619|0|1|0|-0,1|1|6|2|1
215,966|1,094|8,06|-748,627|0|1|0|-0,1|1|6|3|1
216,141|1,006|8,581|-749,636|0|1|0|0|1|6|2|1
216,316|0,95|9,014|-750,648|0|1|0|0|1|7|4|1
216,491|0,91|9,513|-751,66|0|1|0|0|0|6|2|1
216,666|0,874|9,402|-752,673|0|1|0|0|0|7|-4|1
216,841|0,929|8,344|-753,681|0|1|0|0,2|0|11|-9|1
217,016|1,263|6,495|-754,635|0|0,9|0|0,3|0|14|-13|1
217,191|1,763|3,982|-755,516|0|0,9|0|0,4|0|17|-16|1
217,366|2,357|0,916|-756,284|0|0,9|0|0,5|0|20|-19|1
217,541|2,65|-0,253|-756,648|0|0,9|0|0,5|0|0|0|1
217,716|2,657|-0,253|-756,657|0|0,9|0|0,5|0|0|0|1
217,891|2,943|-0,253|-756,675|0|0,8|0|0,6|0|5|0|1
218,066|3,959|-0,253|-756,745|0|0,7|0|0,7|0|6|0|1
218,241|5,006|-0,253|-756,824|0|0,7|0|0,7|0|6|0|1
218,416|6,051|-0,253|-756,918|0|0,7|0|0,7|0|11|10|1
218,591|7,039|0,964|-757,016|0|0,7|0|0,7|0|6|3|1
218,766|8,046|1,477|-757,123|0|0,7|0|0,7|1|6|2|1
218,941|9,053|1,913|-757,238|0|0,7|0|0,7|1|6|2|1
219,116|10,059|2,342|-757,359|0|0,8|0|0,7|1|6|3|1
219,291|11,063|2,809|-757,492|0|0,8|0|0,7|1|6|2|1
219,466|12,038|3,231|-757,734|0|0,9|0|0,5|1|6|3|1
219,641|12,79|3,744|-758,407|0|0,9|0|0,3|1|6|2|1
219,816|13,361|4,18|-759,238|0|1|0|0,2|1|6|2|1
219,991|13,412|4,622|-760,241|0|1|0|-0,1|1|6|3|1
220,166|13,129|5,143|-761,212|0|1|0|-0,2|1|6|2|1
220,341|12,668|5,576|-762,113|0|1|0|-0,3|1|7|4|1
220,516|12,102|6,075|-762,953|0|0,9|0|-0,3|1|6|2|1
220,691|11,485|6,526|-763,756|0|0,9|0|-0,3|1|6|2|1
220,866|10,852|6,962|-764,548|0|0,9|0|-0,3|1|6|2|1
221,041|10,026|7,382|-765,104|0|-0,8|0|0,6|1|7|3|1
221,216|9,035|7,838|-765,308|0|-0,7|0|0,7|1|7|4|1
221,391|8,072|8,336|-765,581|0|0,9|0|-0,5|1|6|2|1
221,566|7,281|8,783|-766,212|0|0,9|0|-0,4|1|6|2|1
221,741|6,572|9,205|-766,935|0|0,9|0|-0,4|1|7|3|1
221,916|5,886|9,667|-767,681|0|0,9|0|-0,4|1|6|2|1
222,091|5,208|9,888|-768,434|0|0,9|0|-0,4|0|6|-2|1
222,266|4,533|9,177|-769,189|0|0,9|0|-0,4|0|9|-7|1
222,441|3,863|7,617|-769,95|0|0,9|0|-0,3|0|13|-11|1
222,616|3,197|5,348|-770,713|0|0,9|0|-0,3|0|16|-15|1
222,791|2,526|4,317|-771,495|0|0,9|0|-0,3|0|6|0|1
222,966|1,886|4,317|-772,326|0|0,9|0|-0,3|0|6|0|1
223,141|1,383|4,317|-773,244|0|1|0|-0,2|0|12|10|1
223,316|1,039|5,572|-774,205|0|1|0|-0,1|0|6|3|1
223,491|0,845|6,085|-775,197|0|1|0|0|1|6|2|1
223,666|0,799|6,522|-776,209|0|1|0|0|1|6|2|1
223,842|0,805|6,95|-777,222|0|1|0|0|1|6|3|1
224,017|0,829|7,418|-778,235|0|1|0|0|1|6|2|1
224,192|0,858|7,756|-779,248|0|1|0|0|0|6|-1|1
224,367|0,893|7,236|-780,261|0|1|0|0|0|8|-6|1
224,542|0,96|5,836|-781,271|0|1|0|0,2|0|12|-11|1
224,717|1,31|3,701|-782,217|0|0,9|0|0,4|0|16|-14|1
224,892|1,91|0,95|-783,031|0|0,9|0|0,5|0|19|-18|1
225,067|2,663|-1,953|-783,707|0|0,8|0|0,5|0|6|0|1
225,242|3,622|-1,953|-784,103|0|0,8|0|0,6|0|6|0|1
225,417|4,626|-1,953|-784,409|0|0,8|0|0,6|0|6|0|1
225,592|5,638|-1,953|-784,686|0|0,8|0|0,6|0|6|0|1
225,767|6,655|-1,953|-784,95|0|0,8|0|0,6|0|6|0|1
225,942|7,67|-1,953|-785,218|0|0,8|0|0,6|0|6|0|1
226,117|8,684|-1,953|-785,488|0|0,8|0|0,6|0|6|0|1
226,292|9,689|-1,299|-785,767|0|0,8|0|0,6|0|9|7|1
226,467|10,656|-0,508|-786,069|0|0,8|0|0,6|1|7|4|1
226,642|11,586|-0,009|-786,47|0|0,9|0|0,5|1|6|2|1
226,817|12,457|0,446|-786,986|0|0,9|0|0,5|1|6|2|1
226,992|13,26|0,884|-787,603|0|0,9|0|0,4|1|6|2|1
227,167|13,982|1,305|-788,313|0|0,9|0|0,4|1|7|3|1
227,342|14,61|1,759|-789,108|0|1|0|0,3|1|7|4|1
227,517|15,164|2,177|-789,956|0|1|0|0,3|0|6|0|1
227,692|15,69|1,701|-790,822|0|1|0|0,3|0|8|-6|1
227,867|16,198|0,338|-791,699|0|1|0|0,2|0|12|-10|1
228,042|16,695|-1,767|-792,582|0|1|0|0,2|0|6|0|1
228,217|17,19|-1,953|-793,493|0|1|0|0,2|0|6|0|1
228,392|17,307|-1,953|-794,454|0|1|0|0|0|6|0|1
228,567|16,989|-1,953|-795,45|0|1|0|-0,1|0|6|0|1
228,742|16,659|-1,953|-796,447|0|1|0|-0,2|0|6|0|1
228,917|16,343|-1,953|-797,448|0|1|0|-0,1|0|6|0|1
229,092|16,122|-1,953|-798,474|0|1|0|-0,1|0|6|0|1
229,267|15,999|-0,844|-799,494|0|1|0|-0,1|0|7|4|1
229,442|15,906|-0,302|-800,503|0|1|0|0|1|7|3|1
229,617|15,832|0,15|-801,514|0|1|0|0|1|6|3|1
229,792|15,763|0,621|-802,525|0|1|0|0|1|6|2|1
229,967|15,695|1,041|-803,536|0|1|0|0|1|7|3|1
230,142|15,628|1,47|-804,547|0|1|0|0|1|6|3|1
230,317|15,561|1,965|-805,558|0|1|0|0|0|6|1|1
230,492|15,493|1,73|-806,569|0|1|0|0|0|7|-5|1
230,667|15,426|0,569|-807,58|0|1|0|0|0|11|-9|1
230,842|15,405|-1,366|-808,591|0|1|0|0,2|0|15|-13|1
231,017|15,822|-1,953|-809,493|0|0,9|0|0,3|0|6|0|1
231,192|16,398|-1,953|-810,329|0|1|0|0,2|0|6|0|1
231,367|16,304|-1,953|-811,353|0|1|0|0|0|6|0|1
231,542|16,13|-1,953|-812,388|0|1|0|-0,1|0|6|0|1
231,717|15,922|-1,953|-813,417|0|1|0|-0,1|0|6|0|1
231,892|15,681|-1,953|-814,439|0|1|0|-0,1|0|6|0|1
232,067|15,408|-1,953|-815,452|0|1|0|-0,1|0|6|0|1
232,242|15,126|-0,844|-816,441|0|1|0|-0,1|0|7|4|1
232,417|14,844|-0,302|-817,414|0|1|0|-0,1|1|7|3|1
232,592|14,545|0,15|-818,382|0|1|0|-0,2|1|6|3|1
232,767|14,238|0,621|-819,348|0|1|0|-0,2|1|6|2|1
232,942|13,929|1,041|-820,313|0|1|0|-0,2|1|7|3|1
233,117|13,618|1,47|-821,278|0|1|0|-0,2|1|6|3|1
233,292|13,308|1,807|-822,242|0|1|0|-0,2|0|6|-1|1
233,468|12,997|1,226|-823,206|0|1|0|-0,2|0|9|-6|1
233,643|12,604|-0,224|-824,136|0|0,9|0|-0,4|0|12|-11|1
233,818|11,966|-1,953|-824,92|0|-0,9|0|0,5|0|6|0|1
233,993|11,067|-1,953|-825,438|0|-0,9|0|0,5|0|6|0|1
234,168|10,133|-1,953|-825,918|0|-0,9|0|0,5|0|6|0|1
234,343|9,199|-1,953|-826,397|0|-0,9|0|0,5|0|6|0|1
234,518|8,264|-1,953|-826,876|0|-0,9|0|0,5|0|6|0|1
234,693|7,497|-1,953|-827,497|0|0,9|0|-0,3|0|6|0|1
234,868|7,157|-1,953|-828,481|0|1|0|-0,2|0|6|0|1
235,043|6,835|-1,953|-829,48|0|1|0|-0,2|0|6|0|1
235,218|6,513|-1,953|-830,48|0|1|0|-0,2|0|6|0|1
235,393|6,206|-0,883|-831,433|0|1|0|-0,2|0|7|4|1
235,568|5,895|-0,341|-832,398|0|1|0|-0,2|1|7|3|1
235,743|5,585|0,111|-833,362|0|1|0|-0,2|1|6|3|1
235,918|5,274|0,582|-834,327|0|1|0|-0,2|1|6|2|1
236,093|4,963|1,002|-835,291|0|1|0|-0,2|1|7|3|1
236,268|4,653|1,431|-836,255|0|1|0|-0,2|1|6|3|1
236,443|4,342|1,928|-837,22|0|1|0|-0,2|0|6|1|1
236,618|4,032|1,7|-838,184|0|1|0|-0,2|0|7|-5|1
236,793|3,728|0,544|-839,151|0|1|0|-0,1|0|11|-9|1
236,968|3,446|-1,387|-840,124|0|1|0|-0,1|0|15|-13|1
237,143|3,212|-1,953|-841,126|0|1|0|-0,1|0|6|0|1
237,318|3,063|-1,953|-842,165|0|1|0|-0,1|0|6|0|1
237,493|2,976|-1,953|-843,211|0|1|0|0|0|6|0|1
237,668|2,922|-1,953|-844,26|0|1|0|0|0|6|0|1
237,843|2,876|-1,953|-845,308|0|1|0|0|0|6|0|1
238,018|2,831|-1,953|-846,357|0|1|0|0|0|6|0|1
238,193|2,787|-1,953|-847,406|0|1|0|0|0|6|0|1
238,368|2,742|-1,953|-848,455|0|1|0|0|0|6|0|1
238,543|2,697|-1,953|-849,504|0|1|0|0|0|6|0|1
238,718|2,65|-1,047|-850,538|0|1|0|0|0|8|6|1
238,893|2,602|-0,381|-851,55|0|1|0|0|1|6|2|1
239,068|2,551|0,052|-852,562|0|1|0|0|1|6|3|1
239,243|2,5|0,515|-853,574|0|1|0|0|1|7|3|1
239,418|2,449|0,944|-854,586|0|1|0|0|1|6|3|1
239,593|2,398|1,41|-855,598|0|1|0|0|0|6|2|1
239,768|2,347|1,288|-856,61|0|1|0|0|0|7|-4|1
239,943|2,298|0,222|-857,622|0|1|0|0|0|11|-9|1
240,118|2,251|-1,635|-858,634|0|1|0|0|0|6|0|1
240,293|2,216|-1,953|-859,671|0|1|0|0|0|6|0|1
240,468|2,186|-1,953|-860,72|0|1|0|0|0|6|0|1
240,643|2,166|-1,953|-861,77|0|1|0|0|0|6|0|1
240,818|2,152|-1,953|-862,82|0|1|0|0|0|6|0|1
240,993|2,149|-1,953|-863,03|0|1|0|0|0|6|0|
241,168|2,149|-1,953|-863,03|0|1|0|0|0|6|0|
241,343|2,149|-1,953|-863,03|0|1|0|0|0|6|0|
241,518|2,149|-1,953|-863,03|0|1|0|0|0|6|0|
241,693|2,149|-1,953|-863,03|0|1|0|0|0|6|0|
241,868|2,618|-0,971|-841,85|0|1|0|0|0|1|-1|1
242,043|2,614|-1,563|-842,165|0|1|0|0|0|7|-7|1
242,218|2,611|-1,953|-842,387|0|1|0|0|0|0|0|1
242,393|2,611|-1,953|-842,392|0|1|0|0|0|0|0|1
242,568|2,611|-1,953|-842,392|0|1|0|0|0|0|0|1
242,743|2,607|-1,953|-842,679|0|1|0|0|0|5|0|1
242,919|2,594|-1,953|-843,697|0|1|0|0|0|6|0|1
243,094|2,574|-1,953|-844,746|0|1|0|0|0|6|0|1
243,269|2,546|-1,299|-845,788|0|1|0|0|0|9|7|1
243,444|2,517|-0,508|-846,801|0|1|0|0|1|7|4|1
243,619|2,489|-0,009|-847,814|0|1|0|0|1|6|2|1
243,794|2,461|0,446|-848,827|0|1|0|0|1|6|2|1
243,969|2,432|0,884|-849,84|0|1|0|0|1|6|2|1
244,144|2,404|1,305|-850,853|0|1|0|0|1|7|3|1
244,319|2,376|1,759|-851,866|0|1|0|0|1|7|4|1
244,494|2,349|2,259|-852,879|0|1|0|0|1|6|2|1
244,669|2,331|2,718|-853,892|0|1|0|0|1|6|2|1
244,844|2,32|3,152|-854,905|0|1|0|0|1|7|4|1
245,019|2,314|3,662|-855,918|0|1|0|0|1|6|2|1
245,194|2,312|4,12|-856,931|0|1|0|0|1|7|3|1
245,369|2,313|4,571|-857,944|0|1|0|0|1|6|3|1
245,544|2,316|5,037|-858,958|0|1|0|0|1|6|2|1
245,719|2,323|5,457|-859,971|0|1|0|0|1|7|3|1
245,894|2,333|5,888|-860,984|0|1|0|0|1|6|3|1
246,069|2,346|6,382|-861,997|0|1|0|0|1|7|3|1
246,244|2,36|6,833|-863,01|0|1|0|0|1|6|3|1
246,419|2,374|7,288|-864,024|0|1|0|0|1|6|2|1
246,594|2,388|7,712|-865,037|0|1|0|0|1|6|3|1
246,769|2,402|8,178|-866,05|0|1|0|0|1|6|2|1
246,944|2,416|8,609|-867,063|0|1|0|0|1|6|2|1
247,119|2,431|9,056|-868,076|0|1|0|0|1|6|3|1
247,294|2,445|9,552|-869,089|0|1|0|0|1|6|2|1
247,469|2,459|9,956|-870,103|0|1|0|0|1|6|3|1
247,644|2,473|10,425|-871,116|0|1|0|0|1|6|2|1
247,819|2,487|10,876|-872,129|0|1|0|0|1|7|3|1
247,994|2,501|11,322|-873,142|0|1|0|0|1|6|3|1
248,169|2,515|11,819|-874,155|0|1|0|0|1|7|3|1
248,344|2,53|12,303|-875,169|0|1|0|0|1|6|2|1
248,519|2,544|12,727|-876,182|0|1|0|0|1|6|3|1
248,694|2,558|13,228|-877,195|0|1|0|0|1|6|2|1
248,869|2,572|13,65|-878,208|0|1|0|0|1|7|4|1
249,044|2,586|14,141|-879,221|0|1|0|0|1|6|2|1
249,219|2,599|14,573|-880,234|0|1|0|0|1|6|2|1
249,394|2,608|15,005|-881,248|0|1|0|0|1|6|3|1
249,569|2,617|15,46|-882,261|0|1|0|0|1|7|3|1
249,744|2,625|15,897|-883,274|0|1|0|0|1|6|3|1
249,919|2,633|16,387|-884,287|0|1|0|0|1|7|3|1
250,094|2,641|16,8|-885,3|0|1|0|0|0|6|0|1
250,269|2,649|16,43|-886,314|0|1|0|0|0|8|-5|1
250,444|2,656|15,157|-887,327|0|1|0|0|0|12|-10|1
250,619|2,664|13,127|-888,34|0|1|0|0|0|15|-14|1
250,794|2,671|10,464|-889,353|0|1|0|0|0|18|-17|1
250,969|2,678|7,271|-890,366|0|1|0|0|0|21|-20|1
251,144|2,686|3,634|-891,38|0|1|0|0|0|23|-22|1
251,319|2,693|-0,374|-892,393|0|1|0|0|0|25|-24|1
251,494|2,696|-1,953|-893,423|0|1|0|0|0|6|0|1
251,669|2,697|-1,953|-894,472|0|1|0|0|0|6|0|1
251,844|2,697|-1,953|-895,522|0|1|0|0|0|6|0|1
252,019|2,694|-1,953|-896,572|0|1|0|0|0|6|0|1
252,194|2,695|-1,953|-897,622|0|1|0|0|0|6|0|1
252,369|2,695|-1,953|-898,673|0|1|0|0|0|6|0|1
252,545|2,694|-1,953|-899,723|0|1|0|0|0|6|0|1
252,72|2,687|-1,953|-900,773|0|1|0|0|0|6|0|1
252,895|2,661|-1,953|-901,822|0|1|0|0|0|6|0|1
253,07|2,612|-1,953|-902,871|0|1|0|0|0|6|0|1
253,245|2,554|-1,047|-903,905|0|1|0|0|0|8|6|1
253,42|2,491|-0,381|-904,916|0|1|0|0|1|6|2|1
253,595|2,423|0,052|-905,927|0|1|0|0|1|6|3|1
253,77|2,353|0,515|-906,938|0|1|0|0|1|7|3|1
253,945|2,283|0,944|-907,949|0|1|0|0|1|6|3|1
254,12|2,212|1,41|-908,959|0|1|0|0|1|6|2|1
254,295|2,142|1,886|-909,97|0|1|0|0|1|6|2|1
254,47|2,097|2,319|-910,982|0|1|0|0|1|6|3|1
254,645|2,09|2,789|-911,996|0|1|0|0|1|7|3|1
254,82|2,123|3,281|-913,008|0|1|0|0|1|6|2|1
254,995|2,19|3,724|-914,019|0|1|0|0|1|6|3|1
255,17|2,277|4,236|-915,029|0|1|0|0|1|6|2|1
255,345|2,372|4,673|-916,037|0|1|0|0|1|6|2|1
255,52|2,468|5,096|-917,046|0|1|0|0|1|6|3|1
255,695|2,547|5,563|-918,044|0|1|0|0|0|2|2|1
255,87|2,547|5,913|-918,044|0|1|0|0|0|2|2|1
256,045|2,547|6,263|-918,044|0|1|0|0|0|2|2|1
256,22|2,547|6,613|-918,044|0|1|0|0|0|2|2|1
256,395|2,547|6,963|-918,044|0|1|0|0|0|2|2|1
256,57|2,547|7,313|-918,044|0|1|0|0|0|2|2|1
256,745|2,547|7,663|-918,044|0|1|0|0|0|2|2|1
256,92|2,547|8,013|-918,044|0|1|0|0|0|2|2|1
257,095|2,547|8,363|-918,044|0|1|0|0|0|2|2|1
257,27|2,547|8,713|-918,044|0|1|0|0|0|2|2|1
257,445|2,547|9,063|-918,044|0|1|0|0|0|2|2|1
257,62|2,547|9,413|-918,044|0|1|0|0|0|2|2|1
257,795|2,547|9,763|-918,044|0|1|0|0|0|2|2|1
257,97|2,547|10,113|-918,044|0|1|0|0|0|2|2|1
258,145|2,547|10,463|-918,044|0|1|0|0|0|2|2|1
258,32|2,547|10,813|-918,044|0|1|0|0|0|2|2|1
258,495|2,547|11,163|-918,044|0|1|0|0|0|2|2|1
258,67|2,547|11,513|-918,044|0|1|0|0|0|2|2|1
258,845|2,571|11,44|-918,271|0|1|0|0|0|3|0|1
259,02|2,664|11,367|-919,141|0|1|0|0,1|0|6|0|1
259,195|2,766|11,367|-920,183|0|1|0|0|0|6|0|1
259,37|2,856|11,367|-921,229|0|1|0|0|0|6|0|1
259,545|2,935|11,367|-922,276|0|1|0|0|0|6|0|1
259,72|3,002|12,475|-923,301|0|1|0|0|0|7|4|1
259,895|3,067|13,018|-924,313|0|1|0|0|1|7|3|1
260,07|3,128|13,469|-925,324|0|1|0|0|1|6|3|1
260,245|3,188|13,544|-926,335|0|1|0|0|0|7|-3|1
260,42|3,235|12,643|-927,348|0|1|0|0|0|10|-8|1
260,595|3,263|10,924|-928,36|0|1|0|0|0|14|-12|1
260,77|3,261|8,521|-929,374|0|1|0|0|0|17|-16|1
260,945|3,216|5,546|-930,386|0|1|0|-0,1|0|20|-19|1
261,12|3,131|2,092|-931,395|0|1|0|-0,1|0|22|-21|1
261,295|3,005|-1,763|-932,401|0|1|0|-0,1|0|6|0|1
261,47|2,84|-1,953|-933,425|0|1|0|-0,1|0|6|0|1
261,645|2,674|-1,953|-934,461|0|1|0|-0,1|0|6|0|1
261,82|2,519|-1,953|-935,5|0|1|0|-0,1|0|6|0|1
261,996|2,376|-1,953|-936,54|0|1|0|-0,1|0|6|0|1
262,171|2,237|-1,953|-937,581|0|1|0|-0,1|0|6|0|1
262,346|2,119|-1,953|-938,624|0|1|0|-0,1|0|6|0|1
262,521|2,064|-1,953|-939,672|0|1|0|0|0|6|0|1
262,696|2,045|-1,953|-940,722|0|1|0|0|0|6|0|1
262,871|2,031|-1,603|-941,772|0|1|0|0|0|10|8|1
263,046|2,017|-0,598|-942,785|0|1|0|0|1|6|3|1
263,221|2,002|-0,116|-943,798|0|1|0|0|1|6|3|1
263,396|1,986|0,33|-944,684|0|1|0|0|1|6|3|1
263,571|1,965|0,778|-945,571|0|1|0|0|1|6|3|1
263,746|1,942|1,207|-946,457|0|1|0|0|1|6|3|1
263,921|1,919|1,669|-947,343|0|1|0|0|1|6|3|1
264,096|1,895|2,151|-948,229|0|1|0|0|1|6|3|1
264,271|1,869|2,251|-949,039|0|1|0|0|0|5|-3|1
264,446|1,84|1,37|-949,676|0|1|0|0|1|7|-6|1
264,621|1,806|0,831|-950,526|0|1|0|0|1|5|1|1
264,796|1,777|1,178|-951,412|0|1|0|0|1|6|3|1
264,971|1,751|1,697|-952,299|0|1|0|0|1|5|2|1
265,146|1,726|2,132|-953,185|0|1|0|0|1|6|3|1
265,321|1,701|2,583|-954,071|0|1|0|0|1|6|3|1
265,496|1,677|3,033|-954,957|0|1|0|0|1|6|2|1
265,671|1,651|3,025|-955,767|0|1|0|0|0|5|-3|1
265,846|1,624|2,055|-956,405|0|1|0|0|1|7|-6|1
266,021|1,6|1,441|-957,255|0|1|0|0|1|5|0|1
266,196|1,585|1,775|-958,141|0|1|0|0|1|6|3|1
266,371|1,577|2,24|-959,028|0|1|0|0|1|5|2|1
266,546|1,577|2,657|-959,914|0|1|0|0|1|6|3|1
266,721|1,59|2,733|-960,724|0|1|0|0|0|5|-3|1
266,896|1,622|1,832|-961,437|0|1|0|0|0|10|-8|1
267,071|1,68|0,114|-962,426|0|1|0|0|0|14|-12|1
267,246|1,763|-1,953|-963,436|0|1|0|0,1|0|6|0|1
267,421|1,912|-1,953|-964,469|0|1|0|0,1|0|6|0|1
267,596|2,071|-1,953|-965,507|0|1|0|0,1|0|6|0|1
267,771|2,23|-1,953|-966,545|0|1|0|0,1|0|6|0|1
267,946|2,388|-1,953|-967,583|0|1|0|0,1|0|6|0|1
268,121|2,547|-1,953|-968,621|0|1|0|0,1|0|6|0|1
268,296|2,706|-1,953|-969,659|0|1|0|0,1|0|6|0|1
268,471|2,865|-1,953|-970,697|0|1|0|0,1|0|6|0|1
268,646|2,995|-1,953|-971,738|0|1|0|0,1|0|6|0|1
268,821|3,028|-1,953|-972,787|0|1|0|0|0|12|10|1
268,996|2,983|-0,698|-973,806|0|1|0|0|0|6|3|1
269,171|2,896|-0,185|-974,816|0|1|0|-0,1|1|6|2|1
269,346|2,77|0,252|-975,821|0|1|0|-0,1|1|6|2|1
269,521|2,615|0,68|-976,822|0|1|0|-0,1|1|6|3|1
269,696|2,447|1,148|-977,822|0|1|0|-0,1|1|6|2|1
269,871|2,404|1,569|-978,825|0|1|0|-0,1|1|7|3|1
270,046|2,712|1,768|-979,818|0|1|0|-0,1|0|7|-2|1
270,221|3,308|1,001|-980,774|0|1|0|0|0|10|-7|1
270,396|4,15|-0,606|-981,752|0|1|0|0,1|0|14|-12|1
270,571|5,388|-1,953|-982,527|0|0,9|0|0,5|0|8|0|1
270,746|6,658|-1,953|-982,716|0|0,8|0|0,6|0|7|0|1
270,921|7,928|-1,953|-982,625|0|0,7|0|0,7|0|7|0|1
271,096|9,174|-1,953|-982,377|0|0,6|0|0,8|0|7|0|1
271,271|10,412|-1,953|-982,093|0|0,6|0|0,8|0|7|0|1
271,446|11,65|-1,953|-981,809|0|0,6|0|0,8|0|7|0|1
271,622|12,889|-1,953|-981,532|0|0,6|0|0,8|0|7|0|1
271,797|14,147|-1,953|-981,341|0|0,6|0|0,8|0|7|0|1
271,972|15,518|-0,844|-981,302|0|0,7|0|0,7|0|10|4|1
272,147|17,243|-0,302|-981,334|0|0,7|0|0,7|1|11|3|1
272,322|19,275|0,15|-981,435|0|0,7|0|0,7|1|13|3|1
272,497|21,49|0,621|-981,705|0|0,7|0|0,7|1|12|2|1
272,672|23,45|1,041|-982,352|0|0,7|0|0,7|0|11|2|1
272,847|25,233|0,887|-983,123|0|0,5|0|0,8|0|12|-4|1
273,022|26,765|-0,207|-984,23|0|0,9|0|0,4|0|14|-9|1
273,197|27,873|-1,955|-985,927|0|1|0|0,1|0|9|0|1
273,372|28,075|-0,844|-987,447|0|1|0|0|0|11|4|1
273,547|28,052|-0,302|-989,277|0|1|0|-0,1|1|12|3|1
273,722|27,839|0,15|-991,39|0|1|0|-0,1|1|13|3|1
273,897|27,539|0,621|-993,736|0|1|0|-0,1|1|14|2|1
274,072|27,19|1,041|-996,278|0|1|0|-0,1|1|16|3|1
274,247|26,809|1,47|-998,983|0|1|0|-0,1|1|16|3|1
274,422|26,405|1,965|-1001,826|0|1|0|-0,1|1|17|3|1
274,597|25,982|2,417|-1004,784|0|1|0|-0,1|1|18|3|1
274,772|25,321|2,584|-1007,694|0|1|0|-0,1|0|16|-2|1
274,947|24,175|1,781|-1010,154|0|1|0|-0,2|0|17|-8|1
275,122|22,511|0,62|-1012,134|0|0,9|0|-0,4|1|15|-3|1
275,297|20,049|0,508|-1013,133|0|-0,6|0|0,8|1|16|3|1
275,472|17,197|0,96|-1013,105|0|-0,5|0|0,9|1|17|3|1
275,647|14,283|1,405|-1012,438|0|-0,5|0|0,9|1|18|3|1
275,822|11,383|1,888|-1011,418|0|-0,4|0|0,9|1|18|2|1
275,997|8,501|2,312|-1010,211|0|-0,4|0|0,9|1|18|3|1
276,172|5,528|2,79|-1009,171|0|-0,7|0|0,7|0|17|2|1
276,347|2,72|2,684|-1009,117|0|-0,8|0|0,6|0|15|-4|1
276,522|0,434|1,63|-1010,01|0|1|0|-0,2|1|15|-7|1
276,697|-0,965|0,947|-1012,02|0|1|0|0|1|15|0|1
276,872|-1,42|1,222|-1014,627|0|1|0|0,1|1|16|3|1
277,047|-1,225|1,708|-1017,443|0|1|0|0,2|1|17|2|1
277,222|-0,593|2,153|-1020,329|0|1|0|0,3|1|18|3|1
277,397|0,324|2,615|-1023,234|0|1|0|0,3|1|18|2|1
277,572|1,425|3,067|-1026,143|0|1|0|0,3|1|18|3|1
277,747|2,656|3,509|-1029,044|0|1|0|0,3|1|18|3|1
277,922|3,683|3,631|-1032,061|0|1|0|0|0|19|-3|1
278,097|4,297|2,768|-1035,003|0|1|0|-0,2|0|17|-8|1
278,272|4,401|1,081|-1037,52|0|0,9|0|-0,4|0|18|-12|1
278,447|4,061|-1,295|-1039,609|0|0,9|0|-0,4|0|19|-16|1
278,622|3,447|-1,953|-1040,908|0|0,9|0|-0,3|0|6|0|1
278,797|3,277|-1,953|-1041,937|0|1|0|-0,1|0|6|0|1
278,972|3,177|-1,953|-1042,982|0|1|0|-0,1|0|6|0|1
279,147|3,099|-1,953|-1044,029|0|1|0|0|0|6|0|1
279,322|3,035|-1,953|-1045,077|0|1|0|0|0|6|0|1
279,497|2,976|-1,953|-1046,126|0|1|0|0|0|6|0|1
279,672|2,917|-1,953|-1047,174|0|1|0|0|0|6|0|1
279,847|2,858|-1,953|-1048,223|0|1|0|0|0|6|0|1
280,022|2,8|-1,953|-1049,272|0|1|0|0|0|6|0|1
280,197|2,741|-1,891|-1050,32|0|1|0|0|0|6|2|1
280,372|2,681|-1,891|-1051,397|0|1|0|0|0|6|2|1
280,547|2,641|-0,688|-1052,117|0|1|0|0|0|12|12|1
280,722|2,619|1,499|-1052,533|0|1|0|0|1|13|13|1
280,897|2,601|3,756|-1052,881|0|1|0|0|0|13|13|1
281,072|2,586|6,1|-1053,173|0|1|0|0|0|14|14|1
281,248|2,575|8,525|-1053,418|0|1|0|0|0|14|14|1
281,423|2,57|11,017|-1053,553|0|0,7|0|0,7|0|14|14|1
281,598|2,6|13,566|-1053,179|0|0,2|0|1|0|15|15|1
281,773|2,653|16,163|-1052,455|0|0,1|0|1|0|15|15|1
281,948|2,7|18,799|-1051,829|0|0,1|0|1|0|16|15|1
282,123|2,738|21,468|-1051,329|0|0,5|0|0,9|0|15|15|1
282,298|2,742|24,165|-1051,335|0|1|0|0,1|0|16|15|1
282,473|2,708|26,885|-1051,891|0|1|0|0|0|16|16|1
282,648|2,647|29,625|-1052,846|0|1|0|0|0|17|16|1
282,823|2,591|32,381|-1053,724|0|1|0|0|0|16|16|1
282,998|2,545|35,151|-1054,46|0|1|0|0|0|16|16|1
283,173|2,507|37,931|-1055,076|0|1|0|0|0|16|16|1
283,348|2,476|40,722|-1055,591|0|1|0|0|0|16|16|1
283,523|2,459|43,52|-1055,885|0|0,5|0|0,8|0|16|16|1
283,698|2,483|46,326|-1055,602|0|0,1|0|1|0|15|14|1
283,873|2,535|48,259|-1054,886|0|0,1|0|1|0|8|6|1
284,048|2,574|48,913|-1054,362|0|0,9|0|0,5|0|1|0|1
284,223|2,57|48,496|-1054,453|0|1|0|0,1|0|6|-6|1
284,398|2,529|47,182|-1055,08|0|1|0|0|0|11|-10|1
284,573|2,464|45,118|-1056,066|0|1|0|0|0|15|-14|1
284,748|2,396|43,393|-1057,077|0|1|0|0|1|6|-1|1
284,923|2,334|43,9|-1058,045|0|1|0|0|1|5|5|1
285,098|2,23|44,97|-1058,05|0|1|0|0|1|7|7|1
285,273|2,07|46,112|-1058,596|0|1|0|0|1|7|3|1
285,448|1,967|46,556|-1059,604|0|1|0|0|1|6|3|1
285,623|1,911|46,999|-1060,615|0|1|0|0|1|6|3|1
285,798|1,87|47,324|-1061,628|0|1|0|0|0|6|-1|1
285,973|1,845|46,697|-1062,641|0|1|0|0|0|9|-7|1
286,148|1,852|45,341|-1063,654|0|1|0|0|0|6|0|1
286,323|1,966|45,342|-1064,691|0|1|0|0,1|0|6|0|1
286,498|2,129|45,342|-1065,729|0|1|0|0,1|0|6|0|1
286,673|2,309|45,342|-1066,763|0|1|0|0,1|0|6|0|1
286,848|2,494|45,342|-1067,796|0|1|0|0,1|0|6|0|1
287,023|2,678|45,342|-1068,83|0|1|0|0,1|0|6|0|1
287,198|2,851|45,342|-1069,866|0|1|0|0,1|0|6|0|1
287,373|3,011|45,342|-1070,903|0|1|0|0,1|0|6|0|1
287,548|3,159|45,342|-1071,943|0|1|0|0,1|0|6|0|1
287,723|3,294|44,808|-1072,937|0|1|0|0,1|0|9|-6|1
287,898|3,427|43,467|-1073,941|0|1|0|0,1|1|8|-6|1
288,073|3,555|42,84|-1074,947|0|1|0|0,1|1|6|0|1
288,248|3,776|43,163|-1075,927|0|1|0|0,3|1|7|3|1
288,423|4,409|43,645|-1076,713|0|0,9|0|0,4|1|6|2|1
288,598|5,354|44,071|-1077,039|0|0,7|0|0,7|1|7|3|1
288,773|6,367|44,505|-1077,037|0|0,7|0|0,7|1|6|3|1
288,948|7,376|44,576|-1076,952|0|0,7|0|0,8|0|7|-3|1
289,123|8,384|43,67|-1076,844|0|0,7|0|0,8|0|10|-8|1
289,298|9,39|41,948|-1076,722|0|0,7|0|0,8|0|6|0|1
289,473|10,418|41,547|-1076,592|0|0,7|0|0,8|0|6|0|1
289,648|11,461|41,547|-1076,469|0|0,7|0|0,7|0|6|0|1
289,823|12,479|41,547|-1076,453|0|0,8|0|0,7|0|6|0|1
289,998|13,289|41,547|-1077,087|0|0,9|0|0,5|0|6|0|1
290,173|13,578|41,547|-1078,015|0|1|0|0,1|0|6|0|1
290,348|13,594|41,547|-1079,063|0|1|0|0|0|6|0|1
290,523|13,606|41,547|-1080,112|0|1|0|0|0|6|0|1
290,699|13,617|41,547|-1081,162|0|1|0|0|0|6|0|1
290,874|13,628|41,547|-1082,212|0|1|0|0|0|6|0|1
291,049|13,637|41,324|-1083,206|0|1|0|0|0|7|-5|1
291,224|13,647|41,336|-1084,175|0|1|0|0|0|9|7|1
291,399|13,656|42,127|-1085,188|0|1|0|0|1|7|4|1
291,574|13,665|42,312|-1086,202|0|1|0|0|0|6|-3|1
291,749|13,674|41,502|-1087,215|0|1|0|0|0|10|-8|1
291,924|13,683|39,859|-1088,228|0|1|0|0|0|13|-12|1
292,099|13,692|37,52|-1089,241|0|1|0|0|0|17|-15|1
292,274|13,701|34,598|-1090,254|0|1|0|0|0|19|-18|1
292,449|13,71|31,189|-1091,268|0|1|0|0|0|22|-21|1
292,624|13,719|27,371|-1092,281|0|1|0|0|0|24|-23|1
292,799|13,878|23,212|-1093,276|0|1|0|0,3|0|25|-25|1
292,974|14,268|18,767|-1094,211|0|1|0|0,2|0|27|-26|1
293,149|14,466|17,147|-1095,213|0|1|0|0,1|0|6|0|1
293,324|14,52|17,147|-1096,26|0|1|0|0|0|6|0|1
293,499|14,566|17,147|-1097,309|0|1|0|0|0|6|0|1
293,674|14,599|17,147|-1098,359|0|1|0|0|0|6|0|1
293,849|14,624|17,147|-1099,408|0|1|0|0|0|6|0|1
294,024|14,648|17,147|-1100,458|0|1|0|0|0|6|0|1
294,199|14,671|17,147|-1101,508|0|1|0|0|0|6|0|1
294,374|14,695|17,147|-1102,558|0|1|0|0|0|6|0|1
294,549|14,721|17,147|-1103,608|0|1|0|0|0|6|0|1
294,724|14,753|17,147|-1104,657|0|1|0|0|0|6|0|1
294,899|14,784|17,147|-1105,707|0|1|0|0|0|6|0|1
295,074|14,81|17,147|-1106,757|0|1|0|0|0|6|0|1
295,249|14,833|17,05|-1107,796|0|1|0|0|1|12|10|1
295,424|14,854|18,305|-1108,809|0|1|0|0|0|6|3|1
295,599|14,873|18,817|-1109,822|0|1|0|0|0|6|2|1
295,774|14,89|18,749|-1110,835|0|1|0|0|0|7|-4|1
295,949|14,906|17,727|-1111,848|0|1|0|0|0|10|-9|1
296,124|14,923|15,908|-1112,861|0|1|0|0|0|14|-13|1
296,299|14,939|13,421|-1113,875|0|1|0|0|0|17|-16|1
296,474|14,954|10,376|-1114,888|0|1|0|0|0|20|-19|1
296,649|14,965|6,862|-1115,901|0|1|0|0|0|22|-21|1
296,824|15,364|5,747|-1116,796|0|1|0|0,3|0|6|0|1
296,999|15,699|5,747|-1117,697|0|1|0|0,1|0|6|0|1
297,174|15,527|5,747|-1118,727|0|1|0|-0,1|0|6|0|1
297,349|15,171|5,747|-1119,712|0|1|0|-0,2|0|6|0|1
297,524|14,682|5,747|-1120,64|0|1|0|-0,2|0|6|0|1
297,699|14,162|5,747|-1121,552|0|1|0|-0,3|0|6|0|1
297,874|13,642|5,747|-1122,464|0|1|0|-0,3|0|6|0|1
298,049|13,122|5,747|-1123,376|0|1|0|-0,3|0|6|0|1
298,224|12,602|6,097|-1124,289|0|1|0|-0,3|0|10|8|1
298,399|12,106|7,102|-1125,172|0|1|0|-0,2|1|6|3|1
298,574|11,618|7,584|-1126,06|0|1|0|-0,2|1|7|3|1
298,749|11,134|8,03|-1126,95|0|1|0|-0,2|1|7|3|1
298,924|10,65|8,478|-1127,84|0|1|0|-0,2|1|7|3|1
299,099|10,167|8,908|-1128,731|0|1|0|-0,2|1|6|3|1
299,274|9,684|9,369|-1129,622|0|1|0|-0,2|1|6|3|1
299,449|9,201|9,851|-1130,513|0|1|0|-0,2|1|7|3|1
299,624|8,718|10,3|-1131,404|0|1|0|-0,2|1|7|3|1
299,799|8,236|10,759|-1132,295|0|1|0|-0,2|1|6|3|1
299,974|7,753|11,253|-1133,186|0|1|0|-0,2|0|6|1|1
300,149|7,27|10,983|-1134,077|0|1|0|-0,2|0|8|-5|1
300,325|6,788|9,792|-1134,969|0|1|0|-0,2|0|11|-10|1
300,5|6,305|7,831|-1135,86|0|1|0|-0,2|0|15|-14|1
300,675|5,822|5,226|-1136,751|0|1|0|-0,2|0|18|-17|1
300,85|5,34|2,323|-1137,642|0|1|0|-0,2|1|14|-13|1
301,025|4,857|0,608|-1138,533|0|1|0|-0,2|1|8|-5|1
301,2|4,381|0,103|-1139,427|0|1|0|-0,2|1|6|1|1
301,375|3,913|0,134|-1140,326|0|1|0|-0,2|0|6|-3|1
301,55|3,448|-0,735|-1141,226|0|1|0|-0,2|0|10|-8|1
301,725|3,003|-1,953|-1142,141|0|1|0|-0,2|0|6|0|1
301,9|2,652|-1,953|-1143,126|0|1|0|-0,2|0|6|0|1
302,075|2,39|-1,953|-1144,143|0|1|0|-0,1|0|6|0|1
302,25|2,214|-1,953|-1145,177|0|1|0|-0,1|0|6|0|1
302,425|2,071|-1,953|-1146,218|0|1|0|-0,1|0|6|0|1
302,6|1,933|-1,953|-1147,258|0|1|0|-0,1|0|6|0|1
302,775|1,802|-1,953|-1148,3|0|1|0|-0,1|0|6|0|1
302,95|2,247|-1,953|-1149,103|0|0,9|0|0,4|0|6|0|1
303,125|3,266|-1,953|-1149,22|0|0,8|0|0,6|0|3|0|1
303,3|3,428|-1,953|-1149,231|0|0,8|0|0,6|0|0|0|1
303,475|3,43|-1,953|-1149,231|0|0,8|0|0,6|0|0|0|1
303,65|3,43|-1,953|-1149,231|0|0,8|0|0,6|0|0|0|1
303,825|3,43|-1,953|-1149,231|0|0,8|0|0,6|0|0|0|1
304|3,43|-1,953|-1149,231|0|0,8|0|0,6|0|0|0|1
304,175|3,423|-1,953|-1149,348|0|0,9|0|0,5|0|5|0|1
304,35|3,361|-1,953|-1150,325|0|1|0|0,1|0|12|10|1
304,525|3,297|-0,698|-1151,343|0|1|0|0|0|6|3|1
304,7|3,234|-0,185|-1152,354|0|1|0|0|1|6|2|1
304,875|2,789|0,252|-1153,253|0|0,9|0|-0,3|1|6|2|1
305,05|2,256|0,68|-1154,104|0|1|0|-0,2|1|6|3|1
305,225|2,045|1,148|-1155,094|0|1|0|-0,1|1|6|2|1
305,4|1,941|1,569|-1156,102|0|1|0|0|1|6|3|1
305,575|1,867|2,082|-1157,112|0|1|0|0|1|6|2|1
305,75|1,8|2,519|-1158,123|0|1|0|0|1|6|2|1
305,925|1,736|2,96|-1159,135|0|1|0|0|1|6|3|1
306,1|1,672|3,481|-1160,146|0|1|0|0|1|6|2|1
306,275|1,608|3,914|-1161,157|0|1|0|0|1|7|4|1
306,45|1,547|4,413|-1162,169|0|1|0|0|1|6|2|1
306,625|1,49|4,864|-1163,18|0|1|0|0|1|6|2|1
306,8|1,431|5,3|-1164,191|0|1|0|0|1|6|2|1
306,975|1,366|5,72|-1165,203|0|1|0|0|1|7|3|1
307,15|1,292|6,176|-1166,213|0|1|0|0|1|7|4|1
307,325|1,21|6,675|-1167,223|0|1|0|0|1|6|2|1
307,5|1,117|7,121|-1168,232|0|1|0|0|1|6|2|1
307,675|0,978|7,544|-1169,233|0|1|0|-0,2|1|7|3|1
307,85|0,416|8,005|-1170,069|0|0,9|0|-0,4|1|6|2|1
308,025|-0,319|8,444|-1170,766|0|0,9|0|-0,4|1|6|2|1
308,2|-1,095|8,883|-1171,417|0|0,9|0|-0,4|1|7|3|1
308,375|-1,881|9,364|-1172,057|0|0,9|0|-0,4|1|6|2|1
308,55|-2,67|9,79|-1172,693|0|0,9|0|-0,4|1|7|3|1
308,725|-3,459|10,219|-1173,328|0|0,9|0|-0,4|1|6|3|1
308,9|-4,249|10,675|-1173,963|0|0,9|0|-0,4|1|7|4|1
309,075|-5,038|11,161|-1174,598|0|0,9|0|-0,4|1|6|2|1
309,25|-5,828|11,628|-1175,233|0|0,9|0|-0,4|1|7|3|1
309,425|-6,618|12,092|-1175,867|0|0,9|0|-0,4|1|6|2|1
309,6|-7,407|12,559|-1176,502|0|0,9|0|-0,4|1|7|3|1
309,776|-8,06|13,038|-1177,258|0|1|0|-0,2|1|6|2|1
309,951|-8,345|13,461|-1178,228|0|1|0|-0,1|1|6|3|1
310,126|-8,496|13,967|-1179,23|0|1|0|-0,1|1|6|2|1
310,301|-8,596|14,407|-1180,238|0|1|0|0|1|6|2|1
310,476|-8,669|14,838|-1181,249|0|1|0|0|1|7|3|1
310,651|-8,721|15,281|-1182,261|0|1|0|0|1|7|3|1
310,826|-8,745|15,735|-1183,274|0|1|0|0|1|6|2|1
311,001|-8,726|16,198|-1184,287|0|1|0|0|1|7|3|1
311,176|-8,368|16,656|-1185,213|0|0,9|0|0,4|1|6|3|1
311,351|-7,633|17,14|-1185,906|0|0,9|0|0,5|1|7|3|1
311,526|-6,783|17,567|-1186,458|0|0,9|0|0,5|1|6|3|1
311,701|-5,893|18,016|-1186,94|0|0,9|0|0,5|1|7|3|1
311,876|-4,985|18,121|-1187,391|0|0,8|0|0,5|0|6|-3|1
312,051|-4,072|17,244|-1187,83|0|0,8|0|0,5|0|10|-8|1
312,226|-3,155|15,545|-1188,262|0|0,8|0|0,5|0|13|-12|1
312,401|-2,237|13,159|-1188,691|0|0,8|0|0,5|0|17|-16|1
312,576|-1,318|10,197|-1189,118|0|0,8|0|0,5|0|20|-19|1
312,751|-0,399|6,755|-1189,544|0|0,8|0|0,5|0|22|-21|1
312,926|0,444|2,91|-1190,097|0|1|0|0,3|0|24|-23|1
313,101|1,088|-1,273|-1190,875|0|1|0|0,1|0|6|0|1
313,276|1,39|-1,953|-1191,85|0|1|0|0,1|0|6|0|1
313,451|1,46|-1,953|-1192,895|0|1|0|0|0|6|0|1
313,626|1,438|-1,953|-1193,945|0|1|0|0|0|6|0|1
313,801|1,36|-1,953|-1194,991|0|1|0|0|0|6|0|1
313,976|1,247|-1,953|-1196,035|0|1|0|-0,1|0|6|0|1
314,151|1,105|-1,953|-1197,076|0|1|0|-0,1|0|6|0|1
314,326|0,952|-0,844|-1198,092|0|1|0|-0,1|0|7|4|1
314,501|0,784|-0,302|-1199,091|0|1|0|-0,1|1|7|3|1
314,676|0,594|0,15|-1200,086|0|1|0|-0,1|1|6|3|1
314,851|0,391|0,621|-1201,079|0|1|0|-0,1|1|6|2|1
315,026|0,183|1,041|-1202,07|0|1|0|-0,1|1|7|3|1
315,201|-0,026|1,47|-1203,062|0|1|0|-0,1|1|6|3|1
315,376|-0,236|1,965|-1204,053|0|1|0|-0,1|1|7|3|1
315,551|-0,446|2,417|-1205,044|0|1|0|-0,1|1|6|3|1
315,726|-0,656|2,898|-1206,035|0|1|0|-0,1|1|6|2|1
315,901|-0,866|3,362|-1207,026|0|1|0|-0,1|1|7|3|1
316,076|-1,076|3,824|-1208,018|0|1|0|-0,1|1|6|3|1
316,251|-1,291|4,306|-1209,008|0|1|0|-0,1|1|7|3|1
316,426|-1,547|4,75|-1209,985|0|1|0|-0,2|1|7|3|1
316,601|-2,203|5,194|-1210,749|0|0,9|0|-0,4|1|7|3|1
316,776|-2,989|5,623|-1211,387|0|0,9|0|-0,4|0|6|0|1
316,951|-3,585|5,298|-1212,179|0|1|0|-0,2|0|7|-5|1
317,126|-3,864|4,943|-1212,575|0|1|0|-0,2|0|0|0|1
317,301|-3,209|4,943|-1212,429|0|0,8|0|0,6|0|6|0|1
317,476|-2,245|5,293|-1212,036|0|0,6|0|0,8|0|10|8|1
317,651|-1,354|6,298|-1211,553|0|0,5|0|0,9|1|6|3|1
317,826|-0,404|6,78|-1211,237|0|0,7|0|0,7|1|7|3|1
318,001|0,609|7,226|-1211,223|0|0,7|0|0,7|1|7|3|1
318,176|1,619|7,674|-1211,292|0|0,7|0|0,7|1|7|3|1
318,351|2,628|8,104|-1211,388|0|0,7|0|0,7|1|6|3|1
318,526|3,525|8,565|-1211,811|0|0,9|0|0,4|1|6|3|1
318,701|4,159|8,889|-1212,598|0|1|0|0,3|0|6|-1|1
318,876|4,7|8,264|-1213,43|0|1|0|0,2|0|8|-7|1
319,051|5,111|7,373|-1214,073|0|1|0|0,2|0|1|0|1
319,226|5,141|7,373|-1214,12|0|1|0|0,2|0|0|0|1
319,402|5,173|8,482|-1214,185|0|1|0|0,2|0|5|4|1
319,577|5,654|9,024|-1214,647|0|0,9|0|0,5|1|7|3|1
319,752|6,565|9,476|-1215,089|0|0,8|0|0,6|1|6|3|1
319,927|7,405|9,947|-1215,63|0|0,9|0|0,3|1|6|2|1
320,102|7,932|10,367|-1216,491|0|1|0|0,2|1|7|3|1
320,277|8,292|10,797|-1217,438|0|1|0|0,1|1|6|3|1
320,452|8,547|11,032|-1218,397|0|1|0|0,1|0|6|-2|1
320,627|8,757|10,305|-1219,219|0|1|0|0,1|0|8|-7|1
320,802|8,857|9,963|-1219,612|0|1|0|0,1|0|0|0|1
320,977|8,86|9,963|-1219,621|0|1|0|0,1|0|3|0|1
321,152|8,525|11,072|-1220,434|0|1|0|-0,2|0|7|4|1
321,327|8,077|11,614|-1221,334|0|1|0|-0,3|1|6|3|1
321,502|7,66|12,066|-1222,109|0|1|0|-0,3|1|5|3|1
321,677|7,312|12,537|-1222,757|0|1|0|-0,3|1|4|2|1
321,852|7,072|12,957|-1223,281|0|1|0|-0,3|1|4|3|1
322,027|7,192|13,386|-1223,598|0|1|0|-0,3|1|3|3|1
322,202|7,022|13,881|-1224,081|0|0,9|0|-0,4|1|7|3|1
322,377|6,278|14,333|-1224,764|0|0,9|0|-0,5|1|6|3|1
322,552|5,488|14,5|-1225,282|0|-0,9|0|0,5|0|5|-2|1
322,727|4,836|13,697|-1225,577|0|-0,3|0|0,9|0|8|-8|1
322,902|4,376|12,06|-1225,314|0|0,1|0|1|0|12|-12|1
323,077|3,912|9,726|-1224,982|0|0,1|0|1|0|16|-15|1
323,252|3,518|6,808|-1224,686|0|0,1|0|1|0|19|-18|1
323,427|3,188|3,402|-1224,439|0|0,1|0|1|0|21|-21|1
323,602|2,94|1,013|-1224,253|0|0,1|0|1|0|0|0|1
323,777|2,922|1,013|-1224,239|0|0,1|0|1|0|0|0|1
323,952|2,922|1,013|-1224,239|0|0,1|0|1|0|0|0|1
324,127|2,922|1,013|-1224,239|0|0,1|0|1|0|0|0|1
324,302|3,031|1,013|-1224,281|0|0,4|0|0,9|0|5|0|1
324,477|3,785|1,013|-1224,693|0|0,8|0|0,6|0|4|0|1
324,652|4,377|1,013|-1225,316|0|0,8|0|0,6|0|5|0|1
324,827|5,263|1,013|-1225,726|0|0,8|0|0,6|0|6|0|1
325,002|6,268|1,363|-1225,493|0|0,6|0|0,8|0|10|8|1
325,177|7,243|2,368|-1225,217|0|0,6|0|0,8|1|6|3|1
325,352|8,2|2,85|-1224,893|0|0,5|0|0,9|1|7|3|1
325,527|8,908|3,296|-1224,177|0|0,3|0|1|1|7|3|1
325,702|9,412|3,744|-1223,3|0|0,2|0|1|1|7|3|1
325,877|9,621|4,174|-1222,329|0|-0,1|0|1|1|6|3|1
326,052|9,25|4,635|-1221,394|0|-0,3|0|1|1|6|3|1
326,227|8,662|5,118|-1220,571|0|-0,3|0|1|1|7|3|1
326,402|8,722|5,566|-1220,078|0|0,2|0|1|1|5|3|1
326,577|9,601|6,029|-1219,798|0|0,4|0|0,9|1|6|3|1
326,752|10,404|6,506|-1219,182|0|0,4|0|0,9|1|7|3|1
326,927|11,126|6,936|-1218,472|0|0,4|0|0,9|1|6|3|1
327,102|11,706|7,416|-1217,654|0|0,1|0|1|1|7|3|1
327,277|11,775|7,882|-1216,649|0|-0,1|0|1|1|6|2|1
327,452|11,233|8,284|-1215,815|0|-0,5|0|0,9|1|6|3|1
327,627|10,38|8,741|-1215,271|0|-0,5|0|0,8|1|7|4|1
327,802|9,447|9,226|-1214,878|0|-0,6|0|0,8|1|6|2|1
327,977|8,478|9,687|-1214,582|0|-0,6|0|0,8|1|7|3|1
328,152|7,491|10,141|-1214,356|0|-0,6|0|0,8|0|6|2|1
328,327|6,538|9,993|-1214,164|0|-0,6|0|0,8|0|7|-4|1
328,502|5,746|8,905|-1213,934|0|-0,3|0|1|0|10|-9|1
328,677|5,159|7,373|-1213,258|0|0|0|1|0|6|0|1
328,852|5,158|7,373|-1212,529|0|0|0|1|0|1|0|1
329,028|5,16|7,373|-1212,499|0|0|0|1|0|0|0|1
329,203|5,16|7,373|-1212,499|0|0|0|1|0|0|0|1
329,378|5,16|7,373|-1212,499|0|0|0|1|0|0|0|1
329,553|5,16|7,373|-1212,499|0|0|0|1|0|0|0|1
329,728|5,16|7,723|-1212,499|0|0|0|1|0|8|8|1
329,903|5,193|8,728|-1212,633|0|0,8|0|0,6|1|4|3|1
330,078|5,413|9,21|-1213,519|0|1|0|0,2|1|7|3|1
330,253|5,659|9,656|-1214,503|0|1|0|0,1|1|7|3|1
330,428|6,259|10,104|-1215,306|0|0,9|0|0,4|1|7|3|1
330,603|6,938|10,534|-1216,047|0|1|0|0,2|1|6|3|1
330,778|7,325|10,995|-1216,982|0|1|0|0,1|0|6|2|1
330,953|7,62|10,852|-1217,879|0|1|0|0,1|0|6|-4|1
331,128|7,867|9,962|-1218,63|0|1|0|0,1|0|2|0|1
331,303|7,903|9,963|-1218,739|0|1|0|0,1|0|0|0|1
331,478|7,903|9,963|-1218,74|0|1|0|0,1|0|0|0|1
331,653|7,902|10,869|-1219,15|0|1|0|0|0|7|6|1
331,828|7,815|11,535|-1220,118|0|1|0|-0,1|1|6|2|1
332,003|7,528|11,968|-1221,081|0|1|0|-0,2|1|6|3|1
332,178|7,233|12,431|-1221,909|0|1|0|-0,2|1|5|3|1
332,353|6,986|12,86|-1222,603|0|1|0|-0,2|1|5|3|1
332,528|6,997|13,317|-1223,009|0|1|0|-0,2|1|4|4|1
332,703|7,162|13,823|-1223,224|0|1|0|-0,2|1|2|2|1
332,878|6,879|14,282|-1223,749|0|0,9|0|-0,4|1|7|3|1
333,053|6,189|14,729|-1224,434|0|0,9|0|-0,4|1|6|3|1
333,228|5,557|14,83|-1224,875|0|-0,5|0|0,9|0|5|-3|1
333,403|4,907|13,95|-1224,729|0|-0,2|0|1|0|9|-8|1
333,578|4,58|13,383|-1224,54|0|-0,2|0|1|0|0|0|1
333,753|4,572|13,383|-1224,535|0|-0,2|0|1|0|0|0|1
333,928|4,572|13,383|-1224,535|0|-0,2|0|1|0|0|0|1
334,103|4,572|13,383|-1224,535|0|-0,2|0|1|0|0|0|1
334,278|5,007|13,383|-1224,43|0|0,3|0|0,9|0|6|0|1
334,453|5,727|13,383|-1223,933|0|0,4|0|0,9|0|1|0|1
334,628|5,768|13,383|-1223,881|0|0,4|0|0,9|0|0|0|1
334,803|5,769|13,383|-1223,88|0|0,4|0|0,9|0|0|0|1
334,978|5,769|13,383|-1223,88|0|0,4|0|0,9|0|0|0|1
335,153|5,769|13,383|-1223,88|0|0,4|0|0,9|0|10|10|1
335,328|5,769|14,638|-1223,88|0|0,4|0|0,9|0|3|3|1
335,503|5,769|15,151|-1223,88|0|0,4|0|0,9|1|2|2|1
335,678|5,769|15,588|-1223,88|0|0,4|0|0,9|1|2|2|1
335,853|5,769|16,017|-1223,88|0|0,4|0|0,9|1|3|3|1
336,028|5,296|16,484|-1223,601|0|-0,3|0|1|1|6|2|1
336,203|4,426|16,822|-1223,082|0|-0,5|0|0,9|0|6|-1|1
336,378|3,556|16,302|-1222,563|0|-0,5|0|0,9|0|8|-6|1
336,553|2,719|14,903|-1222,084|0|-0,5|0|0,9|1|9|-8|1
336,728|2,236|13,932|-1222,466|0|-0,5|0|0,9|1|5|-2|1
336,903|1,588|13,264|-1222,982|0|-0,5|0|0,9|0|8|-7|1
337,078|1,041|11,741|-1223,42|0|-0,5|0|0,9|0|12|-11|1
337,253|0,583|9,502|-1223,786|0|-0,5|0|0,9|0|15|-15|1
337,428|0,2|6,664|-1224,092|0|-0,5|0|0,9|0|18|-18|1
337,603|-0,051|3,325|-1224,342|0|0,1|0|1|0|21|-21|1
337,778|0,278|1,013|-1224,549|0|0,7|0|0,8|0|5|0|1
337,953|1,216|1,019|-1224,461|0|0,6|0|0,8|0|6|0|1
338,128|2,041|1,013|-1223,827|0|0,5|0|0,9|0|6|0|1
338,303|2,86|1,013|-1223,17|0|0,4|0|0,9|0|6|0|1
338,479|3,358|1,013|-1222,336|0|0,2|0|1|0|6|0|1
338,654|3,484|1,013|-1221,298|0|0,1|0|1|0|6|0|1
338,829|4,059|1,013|-1220,509|0|0,3|0|0,9|0|6|0|1
339,004|4,879|1,022|-1219,856|0|0,4|0|0,9|0|6|0|1
339,179|5,704|1,013|-1219,205|0|0,4|0|0,9|0|6|0|1
339,354|6,508|1,013|-1218,531|0|0,4|0|0,9|0|6|0|1
339,529|6,83|1,013|-1217,763|0|0,4|0|0,9|0|5|0|1
339,704|7,275|1,013|-1216,862|0|0,3|0|1|0|6|0|1
339,879|7,062|1,013|-1215,884|0|-0,1|0|1|0|6|0|1
340,054|6,652|1,013|-1214,918|0|-0,2|0|1|0|6|0|1
340,229|6,55|1,013|-1213,944|0|0|0|1|0|6|0|1
340,404|6,756|1,013|-1212,918|0|0,1|0|1|0|6|0|1
340,579|6,829|1,013|-1211,872|0|0|0|1|0|6|0|1
340,754|7,136|1,013|-1210,941|0|0,2|0|1|0|6|0|1
340,929|7,038|1,013|-1209,983|0|-0,1|0|1|0|6|0|1
341,104|6,197|1,013|-1209,401|0|-0,4|0|0,9|0|6|0|1
341,279|5,654|1,013|-1208,579|0|-0,2|0|1|0|6|0|1
341,454|5,289|0,723|-1207,631|0|-0,1|0|1|0|7|-5|1
341,629|5,152|-0,446|-1206,63|0|0,1|0|1|0|11|-9|1
341,804|5,17|-2,39|-1205,658|0|0,1|0|1|0|14|-13|1
341,979|5,19|-4,98|-1204,839|0|0,1|0|1|0|17|-17|1
342,154|5,207|-8,113|-1204,154|0|0,1|0|1|0|20|-20|1
342,329|5,221|-11,698|-1203,58|0|0,1|0|1|0|22|-22|1
342,504|5,233|-15,664|-1203,1|0|0,1|0|1|0|24|-24|1
342,679|5,243|-19,946|-1202,699|0|0,1|0|1|0|26|-25|1
342,854|5,251|-24,494|-1202,363|0|0,1|0|1|0|27|-27|1
343,029|5,253|-25,432|-1202,302|0|0,1|0|1|0|27|-27|
343,204|5,253|-25,432|-1202,302|0|0,1|0|1|0|27|-27|
343,379|5,253|-25,432|-1202,302|0|0,1|0|1|0|27|-27|
343,554|5,253|-25,432|-1202,302|0|0,1|0|1|0|27|-27|
343,729|5,253|-25,432|-1202,302|0|0,1|0|1|0|27|-27|
343,904|0,018|17,67|-1219,53|0|1|0|0|0|1|-1|1
344,079|0,018|17,078|-1219,53|0|1|0|0|0|7|-7|1
344,254|0,018|16,673|-1219,53|0|1|0|0|0|0|0|1
344,429|0,018|16,673|-1219,53|0|1|0|0|0|0|0|1
344,604|0,018|16,673|-1219,53|0|1|0|0|0|0|0|1
344,779|0,018|16,673|-1219,53|0|1|0|0|0|0|0|1
344,954|0,018|16,673|-1219,53|0|1|0|0|0|0|0|1
345,129|0,018|16,673|-1219,53|0|1|0|0|0|0|0|1
345,304|0,018|16,673|-1219,53|0|1|0|0|0|0|0|1
345,479|0,018|16,673|-1219,53|0|1|0|0|0|0|0|1
345,654|0,018|16,673|-1219,53|0|1|0|0|0|0|0|1
345,829|0,018|16,673|-1219,53|0|1|0|0|0|0|0|1
346,004|0,018|16,673|-1219,53|0|1|0|0|0|0|0|1
346,179|0,018|16,673|-1219,53|0|1|0|0|0|0|0|1
346,354|0,018|16,673|-1219,53|0|1|0|0|0|0|0|1
346,529|0,018|16,673|-1219,53|0|1|0|0|0|0|0|1
346,704|0,018|17,327|-1219,53|0|1|0|0|0|7|7|1
346,879|0,018|18,118|-1219,53|0|1|0|0|1|4|4|1
347,054|0,018|18,617|-1219,53|0|1|0|0|1|2|2|1
347,229|0,018|19,072|-1219,53|0|1|0|0|1|2|2|1
347,404|0,018|19,51|-1219,53|0|1|0|0|1|2|2|1
347,579|0,187|19,931|-1219,833|0|1|0|0,2|1|7|3|1
347,754|0,681|20,385|-1220,717|0|1|0|0,2|1|7|4|1
347,929|1,174|20,884|-1221,603|0|1|0|0,2|1|6|2|1
348,105|1,663|21,344|-1222,49|0|1|0|0,2|1|6|2|1
348,28|2,147|21,778|-1223,38|0|1|0|0,2|1|7|4|1
348,455|2,634|22,206|-1224,269|0|1|0|0,3|0|6|0|1
348,63|3,121|21,739|-1225,133|0|1|0|0,3|0|8|-6|1
348,805|3,436|21,05|-1225,685|0|1|0|0,3|0|0|0|1
348,98|3,448|21,05|-1225,708|0|1|0|0,3|0|0|0|1
349,155|3,448|21,05|-1225,708|0|1|0|0,3|0|10|10|1
349,33|3,448|22,305|-1225,708|0|1|0|0,3|0|3|3|1
349,505|3,448|22,817|-1225,708|0|1|0|0,3|1|2|2|1
349,68|3,527|23,254|-1225,551|0|0,7|0|0,7|1|5|2|1
349,855|3,927|23,683|-1224,654|0|0,3|0|1|1|6|3|1
350,03|4,284|24,15|-1223,706|0|0,2|0|1|1|6|2|1
350,205|4,616|24,572|-1222,749|0|0,2|0|1|1|6|3|1
350,38|4,941|25,084|-1221,789|0|0,2|0|1|1|6|2|1
350,555|5,268|25,521|-1220,83|0|0,2|0|1|1|6|2|1
350,73|5,621|25,962|-1219,881|0|0,2|0|1|1|6|3|1
350,905|5,99|26,17|-1219,011|0|0,4|0|0,9|0|5|-2|1
351,08|6,556|25,74|-1218,477|0|0,7|0|0,7|0|1|0|1
351,255|6,602|25,74|-1218,44|0|0,7|0|0,7|0|0|0|1
351,43|6,603|25,74|-1218,44|0|0,7|0|0,7|0|0|0|1
351,605|6,603|25,74|-1218,44|0|0,7|0|0,7|0|0|0|1
351,78|6,603|25,74|-1218,44|0|0,7|0|0,7|0|0|0|1
351,955|6,603|25,74|-1218,44|0|0,7|0|0,7|0|0|0|1
352,13|6,603|26,646|-1218,44|0|0,7|0|0,7|0|6|6|1
352,305|6,603|27,311|-1218,44|0|0,7|0|0,7|1|2|2|1
352,48|6,603|27,744|-1218,44|0|0,7|0|0,7|1|3|3|1
352,655|6,603|28,207|-1218,44|0|0,7|0|0,7|1|3|3|1
352,83|6,603|28,636|-1218,44|0|0,7|0|0,7|1|3|3|1
353,005|6,338|29,102|-1217,958|0|0|0|1|1|6|2|1
353,18|5,85|29,578|-1217,07|0|-0,2|0|1|1|6|2|1
353,355|5,362|30,012|-1216,182|0|-0,2|0|1|1|6|3|1
353,53|4,874|30,482|-1215,294|0|-0,2|0|1|1|7|3|1
353,705|4,38|30,973|-1214,409|0|-0,3|0|1|1|6|2|1
353,88|3,852|31,417|-1213,545|0|-0,3|0|1|1|6|3|1
354,055|3,275|31,851|-1212,712|0|-0,3|0|0,9|0|6|0|1
354,23|2,69|31,423|-1211,936|0|-0,3|0|0,9|0|8|-6|1
354,405|2,32|30,73|-1211,447|0|-0,3|0|0,9|0|0|0|1
354,58|2,305|30,73|-1211,428|0|-0,3|0|0,9|0|0|0|1
354,755|2,305|30,73|-1211,428|0|-0,3|0|0,9|0|0|0|1
354,93|2,305|30,73|-1211,428|0|-0,3|0|0,9|0|0|0|1
355,105|1,894|30,73|-1211,673|0|-0,7|0|0,7|0|6|0|1
355,28|1,062|30,73|-1212,288|0|0,9|0|-0,5|0|12|10|1
355,455|0,26|31,985|-1212,919|0|0,9|0|-0,4|0|6|3|1
355,63|-0,536|32,497|-1213,546|0|0,9|0|-0,4|1|6|2|1
355,805|-1,335|32,934|-1214,169|0|0,9|0|-0,4|1|6|2|1
355,98|-2,149|33,363|-1214,773|0|0,9|0|-0,5|1|6|3|1
356,155|-2,991|33,83|-1215,336|0|0,9|0|-0,5|1|6|2|1
356,33|-3,898|34,252|-1215,786|0|-0,8|0|0,6|1|6|3|1
356,505|-4,871|34,764|-1216,062|0|-0,8|0|0,6|1|6|2|1
356,68|-5,875|35,201|-1216,195|0|-0,7|0|0,7|1|6|2|1
356,855|-6,885|35,642|-1216,273|0|-0,7|0|0,7|1|6|3|1
357,03|-7,897|36,164|-1216,336|0|-0,7|0|0,7|1|6|2|1
357,205|-8,908|36,597|-1216,395|0|-0,7|0|0,7|1|7|4|1
357,38|-9,919|37,095|-1216,462|0|-0,7|0|0,7|1|6|2|1
357,556|-10,928|37,547|-1216,558|0|-0,7|0|0,7|1|6|2|1
357,731|-11,935|37,769|-1216,673|0|-0,7|0|0,7|0|6|-2|1
357,906|-12,943|37,061|-1216,776|0|-0,7|0|0,7|0|9|-7|1
358,081|-13,955|35,504|-1216,774|0|-0,6|0|0,8|0|13|-11|1
358,256|-14,942|33,236|-1216,559|0|-0,5|0|0,9|0|16|-15|1
358,431|-15,831|30,374|-1216,08|0|-0,3|0|1|0|19|-18|1
358,606|-16,544|27,015|-1215,365|0|-0,2|0|1|0|21|-21|1
358,781|-17,023|23,239|-1214,476|0|0|0|1|0|24|-23|1
358,956|-17,256|19,115|-1213,492|0|0,1|0|1|0|25|-25|1
359,131|-17,301|14,699|-1212,481|0|0,1|0|1|0|27|-26|1
359,306|-17,239|10,04|-1211,477|0|0,1|0|1|0|28|-27|1
359,481|-17,168|5,176|-1210,6|0|0,1|0|1|0|29|-28|1
359,656|-17,108|0,142|-1209,866|0|0,1|0|1|0|30|-29|1
359,831|-17,058|-5,036|-1209,252|0|0,1|0|1|0|30|-30|1
360,006|-17,016|-10,333|-1208,738|0|0,1|0|1|0|31|-31|1
360,181|-16,981|-15,73|-1208,308|0|0,1|0|1|0|31|-31|1
360,356|-16,952|-21,211|-1207,948|0|0,1|0|1|0|32|-32|1
360,531|-16,932|-25,647|-1207,703|0|0,1|0|1|0|32|-32|
360,706|-16,932|-25,647|-1207,703|0|0,1|0|1|0|32|-32|
360,881|-16,932|-25,647|-1207,703|0|0,1|0|1|0|32|-32|