0|0,018|17,67|-1219,53|0|1|0|0|0|1|-1|1
0,175|0,018|17,078|-1219,53|0|1|0|0|0|7|-7|1
0,35|0,018|16,673|-1219,53|0|1|0|0|0|0|0|1
0,525|0,018|16,673|-1219,53|0|1|0|0|0|0|0|1
0,7|0,018|16,673|-1219,53|0|1|0|0|0|0|0|1
0,875|0,018|16,673|-1219,53|0|1|0|0|0|0|0|1
1,05|0,018|16,673|-1219,53|0|1|0|0|0|0|0|1
1,225|0,018|16,673|-1219,53|0|1|0|0|0|0|0|1
1,4|0,018|16,673|-1219,53|0|1|0|0|0|0|0|1
1,575|0,018|16,673|-1219,53|0|1|0|0|0|0|0|1
1,75|0,018|16,673|-1219,53|0|1|0|0|0|3|0|1
1,925|0,158|16,673|-1219,682|0|1|0|0,1|0|0|0|1
2,1|0,16|16,673|-1219,684|0|1|0|0,1|0|0|0|1
2,275|0,16|16,673|-1219,684|0|1|0|0,1|0|0|0|1
2,45|0,16|16,673|-1219,684|0|1|0|0,1|0|3|0|1
2,625|0,737|16,673|-1220,358|0|1|0|0,3|0|6|0|1
2,8|1,095|16,673|-1220,801|0|0,9|0|0,3|0|0|0|1
2,975|1,103|16,673|-1220,811|0|0,9|0|0,3|0|3|0|1
3,15|0,577|16,673|-1220,097|0|-0,6|0|0,8|0|6|0|1
3,325|0,042|16,673|-1219,336|0|-0,4|0|0,9|0|1|0|1
3,5|0,001|16,673|-1219,277|0|-0,4|0|0,9|0|0|0|1
3,675|0,001|16,673|-1219,276|0|-0,4|0|0,9|0|0|0|1
3,85|0,001|16,673|-1219,276|0|-0,4|0|0,9|0|0|0|1
4,025|0,118|16,673|-1219,272|0|0|0|1|0|5|0|1
4,2|1,079|16,673|-1219,101|0|0,5|0|0,9|0|6|0|1
4,375|2,077|16,673|-1218,781|0|0,6|0|0,8|0|6|0|1
4,55|2,622|16,673|-1218,609|0|0,6|0|0,8|0|0|0|1
4,725|2,635|16,673|-1218,604|0|0,6|0|0,8|0|0|0|1
4,9|2,635|16,673|-1218,604|0|0,6|0|0,8|0|0|0|1
5,075|2,635|16,673|-1218,604|0|0,6|0|0,8|0|0|0|1
5,25|2,158|16,673|-1218,56|0|-0,3|0|1|0|6|0|1
5,425|1,124|16,673|-1218,494|0|-0,6|0|0,8|0|6|0|1
5,6|0,075|16,673|-1218,482|0|-0,7|0|0,7|0|6|0|1
5,775|-0,688|16,673|-1218,502|0|-0,7|0|0,7|0|1|0|1
5,95|-0,72|16,673|-1218,503|0|-0,7|0|0,7|0|0|0|1
6,125|-0,72|16,673|-1218,503|0|-0,7|0|0,7|0|0|0|1
6,3|-0,72|16,673|-1218,503|0|-0,7|0|0,7|0|3|0|1
6,475|-0,447|17,782|-1219,339|0|1|0|0|0|7|4|1
6,65|-0,133|18,324|-1220,295|0|1|0|0,1|1|6|3|1
6,825|0,141|18,776|-1221,131|0|1|0|0,1|1|5|3|1
7|0,371|19,247|-1221,83|0|1|0|0,1|1|4|2|1
7,175|0,563|19,667|-1222,416|0|1|0|0,1|1|4|3|1
7,35|0,724|20,096|-1222,906|0|1|0|0,1|1|4|3|1
7,525|0,858|20,591|-1223,316|0|1|0|0,1|1|4|3|1
7,7|1,066|21,043|-1223,806|0|1|0|0,2|1|6|3|1
7,875|1,617|21,524|-1224,655|0|0,9|0|0,3|1|6|2|1
8,05|2,399|21,988|-1225,264|0|0,8|0|0,6|0|6|1|1
8,225|3,335|21,763|-1225,527|0|0,7|0|0,7|0|7|-5|1
8,4|4,046|21,05|-1225,719|0|0,7|0|0,7|0|1|0|1
8,575|4,098|21,05|-1225,733|0|0,7|0|0,7|0|0|0|1
8,75|3,98|21,05|-1225,473|0|0,3|0|1|0|5|0|1
8,925|3,397|22,158|-1224,66|0|-0,3|0|1|0|7|4|1
9,1|2,901|22,701|-1223,795|0|0|0|1|1|7|3|1
9,275|3,156|23,152|-1222,829|0|0,3|0|1|1|6|3|1
9,45|3,704|23,623|-1222,002|0|0,3|0|0,9|1|5|2|1
9,625|4,423|24,044|-1221,559|0|0,8|0|0,6|1|7|3|1
9,8|5,345|24,473|-1221,95|0|0,9|0|0,4|1|6|3|1
9,975|6,062|24,968|-1222,472|0|0,6|0|0,8|1|4|3|1
10,15|6,308|25,42|-1222,006|0|0,2|0|1|1|6|3|1
10,325|6,587|25,9|-1221,054|0|-0,1|0|1|1|6|2|1
10,5|6,031|26,365|-1220,231|0|-0,5|0|0,9|1|7|3|1
10,675|5,772|26,745|-1219,273|0|0,1|0|1|0|6|-1|1
10,85|5,802|26,237|-1218,386|0|0,5|0|0,9|0|7|-6|1
11,025|6,365|25,74|-1218,033|0|0,8|0|0,6|0|6|0|1
11,2|7,335|25,74|-1218,37|0|0,8|0|0,6|0|6|0|1
11,375|8,052|25,74|-1218,631|0|0,8|0|0,6|0|1|0|1
11,55|8,082|25,74|-1218,642|0|0,8|0|0,6|0|10|10|1
11,725|7,871|26,995|-1218,606|0|-0,8|0|0,5|0|4|3|1
11,9|7,057|27,507|-1218,285|0|-0,6|0|0,8|1|6|2|1
12,075|6,185|27,944|-1217,787|0|-0,4|0|0,9|1|6|2|1
12,25|5,63|28,373|-1216,943|0|-0,2|0|1|1|6|3|1
12,425|5,24|28,84|-1216,009|0|-0,2|0|1|1|6|2|1
12,6|4,92|29,262|-1215,047|0|-0,1|0|1|1|6|3|1
12,775|4,621|29,774|-1214,079|0|-0,1|0|1|1|6|2|1
12,95|4,336|30,211|-1213,118|0|-0,2|0|1|1|5|2|1
13,125|4,527|30,667|-1212,203|0|-0,2|0|1|1|7|3|1
13,3|3,955|31,105|-1211,425|0|-0,6|0|0,8|0|6|1|1
13,475|3,098|30,826|-1210,897|0|-0,5|0|0,8|0|5|0|1
13,65|2,813|30,73|-1210,726|0|-0,5|0|0,8|0|0|0|1
13,825|2,864|30,73|-1211,004|0|0,9|0|-0,4|0|5|0|1
14|3,123|30,73|-1211,963|0|1|0|0|0|6|0|1
14,175|2,474|31,636|-1212,648|0|0,9|0|-0,4|0|8|6|1
14,35|1,6|32,301|-1213,153|0|-0,8|0|0,6|1|6|2|1
14,525|0,592|32,734|-1213,205|0|-0,7|0|0,7|1|6|3|1
14,7|-0,382|33,197|-1213,47|0|-0,8|0|0,6|1|7|3|1
14,875|-1,306|33,626|-1213,886|0|-0,9|0|0,5|1|6|3|1
15,05|-2,242|34,092|-1214,254|0|-0,7|0|0,7|1|6|2|1
15,225|-3,25|34,568|-1214,183|0|-0,6|0|0,8|1|6|2|1
15,4|-4,235|35,002|-1213,947|0|-0,6|0|0,8|1|6|3|1
15,575|-5,216|35,472|-1213,702|0|-0,7|0|0,7|1|7|3|1
15,75|-6,204|35,963|-1213,896|0|-0,8|0|0,6|1|6|2|1
15,925|-7,138|36,253|-1214,29|0|-0,9|0|0,5|0|6|-2|1
16,1|-7,969|35,601|-1214,663|0|-0,9|0|0,5|0|8|-7|1
16,275|-8,49|35,06|-1214,896|0|-0,9|0|0,5|0|0|0|1
16,45|-8,668|35,06|-1215,355|0|1|0|-0,3|0|6|0|1
16,625|-8,751|35,966|-1216,371|0|1|0|-0,1|0|8|6|1
16,8|-8,797|36,631|-1217,384|0|1|0|0|1|6|2|1
16,975|-9,11|37,064|-1218,331|0|1|0|-0,3|1|6|3|1
17,15|-9,748|37,527|-1219,117|0|0,9|0|-0,4|1|7|3|1
17,325|-10,455|37,956|-1219,843|0|0,9|0|-0,4|1|6|3|1
17,5|-11,147|38,422|-1220,582|0|0,9|0|-0,3|1|6|2|1
17,675|-11,737|38,898|-1221,404|0|1|0|-0,3|1|6|2|1
17,85|-11,958|39,332|-1222,368|0|1|0|0,1|1|6|3|1
18,025|-11,567|39,802|-1223,294|0|0,9|0|0,3|1|7|3|1
18,2|-10,879|40,293|-1224,027|0|0,8|0|0,5|1|6|2|1
18,375|-9,891|40,737|-1224,198|0|0,7|0|0,7|1|6|3|1
18,55|-8,909|40,935|-1224,434|0|0,8|0|0,5|0|6|-2|1
18,725|-8,042|40,168|-1224,718|0|0,8|0|0,5|0|5|0|1
18,9|-7,769|39,93|-1224,808|0|0,8|0|0,5|0|0|0|1
19,075|-7,347|39,93|-1224,971|0|0,8|0|0,6|0|5|0|1
19,25|-6,385|40,584|-1224,671|0|0,6|0|0,8|0|9|7|1
19,425|-5,425|41,375|-1224,359|0|0,7|0|0,7|1|7|4|1
19,6|-4,424|41,874|-1224,487|0|0,8|0|0,6|1|6|2|1
19,775|-3,463|42,328|-1224,806|0|0,8|0|0,6|1|6|2|1
19,95|-2,522|42,767|-1225,182|0|0,8|0|0,5|1|6|2|1
20,125|-1,592|43,188|-1225,584|0|0,8|0|0,5|1|7|3|1
20,3|-0,665|43,642|-1225,994|0|0,8|0|0,5|1|7|4|1
20,475|0,26|44,141|-1226,406|0|0,8|0|0,5|1|6|2|1
20,65|1,186|44,601|-1226,819|0|0,8|0|0,5|1|6|2|1
20,825|2,015|45,053|-1227,247|0|0,7|0|0,7|0|5|2|1
21|2,818|45,08|-1226,831|0|0,4|0|0,9|0|6|0|1
21,175|3,345|45,08|-1226,074|0|0,3|0|0,9|0|1|0|1
21,35|3,389|45,08|-1226,017|0|0,3|0|0,9|0|0|0|1
21,525|3,389|45,08|-1226,017|0|0,3|0|0,9|0|0|0|1
21,7|3,389|45,08|-1226,017|0|0,3|0|0,9|0|0|0|1
21,875|3,389|45,734|-1226,017|0|0,3|0|0,9|0|7|7|1
22,05|3,389|46,525|-1226,017|0|0,3|0|0,9|1|4|4|1
22,225|3,389|47,024|-1226,017|0|0,3|0|0,9|1|2|2|1
22,4|2,997|47,478|-1226,658|0|1|0|0|1|6|2|1
22,575|2,466|47,917|-1227,521|0|1|0|-0,2|1|6|2|1
22,75|1,934|48,338|-1228,384|0|1|0|-0,3|1|7|3|1
22,925|1,415|48,792|-1229,254|0|1|0|-0,2|1|7|4|1
23,1|1,002|49,291|-1230,178|0|1|0|-0,2|1|6|2|1
23,275|0,724|49,621|-1231,152|0|1|0|-0,1|0|6|-1|1
23,45|0,5|49,087|-1232,14|0|1|0|-0,1|0|8|-6|1
23,625|0,332|48,433|-1233,148|0|1|0|-0,1|0|6|0|1
23,8|0,237|48,433|-1234,193|0|1|0|0|0|6|0|1
23,975|0,172|48,433|-1235,241|0|1|0|0|0|6|0|1
24,15|0,124|48,433|-1236,29|0|1|0|0|0|6|0|1
24,325|0,084|49,087|-1237,332|0|1|0|0|0|9|7|1
24,5|0,049|49,878|-1238,344|0|1|0|0|1|7|4|1
24,675|0,018|50,377|-1239,357|0|1|0|0|1|6|2|1
24,85|-0,013|50,798|-1240,547|0|1|0|0|1|9|3|1
25,025|-0,048|51,264|-1242,32|0|1|0|0|1|12|4|1
25,2|-0,089|51,657|-1244,591|0|1|0|0|0|14|-1|1
25,375|-0,132|51,092|-1247,28|0|1|0|0|0|18|-7|1
25,55|-0,176|50,305|-1250,319|0|1|0|0|1|18|-1|1
25,725|-0,205|50,201|-1253,65|0|1|0|0|0|20|-3|1
25,9|-0,223|49,23|-1257,226|0|1|0|0|1|22|-7|1
26,075|-0,234|48,481|-1261,006|0|1|0|0|1|22|-1|1
26,25|-0,238|48,174|-1264,958|0|1|0|0|0|24|-5|1
26,425|-0,241|46,889|-1269,053|0|1|0|0|0|26|-11|1
26,6|-0,242|44,956|-1273,268|0|1|0|0|1|26|-8|1
26,775|-0,241|43,92|-1277,584|0|1|0|0|0|24|-5|1
26,95|-0,24|42,767|-1281,499|0|1|0|0|0|22|-9|1
27,125|-0,239|40,838|-1284,752|0|0,9|0|-0,4|0|20|-13|1
27,3|-0,239|38,259|-1287,049|0|-0,2|0|1|0|20|-17|1
27,475|-0,239|35,137|-1288,759|0|-0,2|0|1|0|21|-19|1
27,65|-0,169|31,559|-1290,187|0|0,3|0|1|0|23|-22|1
27,825|0,399|30,147|-1291,156|0|0,8|0|0,6|0|6|0|1
28|1,247|30,147|-1291,774|0|0,9|0|0,5|0|6|0|1
28,175|1,93|30,147|-1292,487|0|1|0|0,3|0|6|0|1
28,35|2,144|30,147|-1293,506|0|1|0|0,1|0|6|0|1
28,525|2,288|31,256|-1294,523|0|1|0|0|0|7|4|1
28,7|2,319|31,798|-1295,535|0|1|0|0|1|7|3|1
28,875|2,117|32,25|-1296,515|0|1|0|-0,3|1|6|3|1
29,05|1,419|32,721|-1297,241|0|0,9|0|-0,5|1|6|2|1
29,225|0,7|33,141|-1297,94|0|1|0|-0,3|1|7|3|1
29,4|0,279|33,569|-1298,86|0|1|0|-0,2|0|6|0|1
29,575|-0,041|33,245|-1299,821|0|1|0|-0,1|0|8|-5|1
29,75|-0,156|32,25|-1300,813|0|1|0|0,2|1|7|-3|1
29,925|0,298|32,133|-1301,711|0|0,9|0|0,4|1|6|3|1
30,1|1,212|32,583|-1302,094|0|0,7|0|0,7|1|6|3|1
30,275|2,224|33,056|-1302,077|0|0,7|0|0,7|1|7|3|1
30,45|3,133|33,539|-1302,47|0|0,9|0|0,3|1|6|2|1
30,625|3,573|33,957|-1303,373|0|1|0|0,1|0|6|0|1
30,8|3,782|33,63|-1304,363|0|1|0|0|0|8|-5|1
30,975|3,869|32,391|-1305,372|0|1|0|0|0|11|-10|1
31,15|3,831|31,175|-1306,384|0|1|0|-0,1|1|6|-3|1
31,325|3,619|31,086|-1307,373|0|1|0|-0,2|1|6|3|1
31,5|3,252|31,578|-1308,317|0|1|0|-0,2|1|6|2|1
31,675|2,816|32,001|-1309,232|0|1|0|-0,2|1|7|3|1
31,85|2,349|32,475|-1310,131|0|1|0|-0,3|1|6|2|1
32,025|1,54|32,904|-1310,718|0|-0,8|0|0,6|1|7|3|1
32,2|0,602|33,039|-1311,1|0|0,9|0|-0,5|0|6|-3|1
32,375|-0,231|32,187|-1311,674|0|0,9|0|-0,3|0|10|-8|1
32,55|-0,584|31,295|-1312,583|0|1|0|0,1|1|6|-1|1
32,725|-0,098|31,478|-1313,444|0|0,9|0|0,4|1|6|2|1
32,9|0,676|31,9|-1314,094|0|0,9|0|0,5|1|7|4|1
33,075|1,527|32,394|-1314,645|0|0,9|0|0,5|1|6|2|1
33,25|2,115|32,817|-1315,457|0|1|0|0,2|1|6|3|1
33,425|2,427|33,242|-1316,42|0|1|0|0,1|0|6|0|1
33,6|2,645|32,8|-1317,409|0|1|0|0|0|8|-6|1
33,775|2,756|31,467|-1318,416|0|1|0|-0,1|0|12|-10|1
33,95|2,71|29,627|-1319,427|0|1|0|-0,1|1|9|-7|1
34,125|2,513|28,803|-1320,42|0|1|0|-0,1|1|6|-1|1
34,3|2,269|29,043|-1321,404|0|1|0|-0,1|1|6|2|1
34,475|2,012|29,465|-1322,384|0|1|0|-0,1|1|6|3|1
34,65|1,752|29,921|-1323,363|0|1|0|-0,1|1|7|3|1
34,825|1,491|30,081|-1324,342|0|1|0|-0,1|0|6|-3|1
35|1,231|29,249|-1325,321|0|1|0|-0,1|0|10|-8|1
35,175|0,977|27,589|-1326,302|0|1|0|-0,1|0|13|-12|1
35,35|0,734|25,235|-1327,285|0|1|0|-0,1|0|6|0|1
35,525|0,494|25,047|-1328,295|0|1|0|-0,1|0|6|0|1
35,7|0,255|25,047|-1329,317|0|1|0|-0,1|0|6|0|1
35,875|0,017|25,047|-1330,339|0|1|0|-0,1|0|6|0|1
36,05|-0,222|25,047|-1331,361|0|1|0|-0,1|0|6|0|1
36,225|-0,461|25,047|-1332,384|0|1|0|-0,1|0|6|0|1
36,4|-0,7|25,047|-1333,406|0|1|0|-0,1|0|6|0|1
36,575|-1,008|25,047|-1334,378|0|1|0|-0,2|0|6|0|1
36,75|-1,846|25,047|-1334,977|0|0,9|0|-0,4|0|6|0|1
36,925|-2,729|25,047|-1335,546|0|0,9|0|-0,5|0|6|0|1
37,1|-3,432|25,047|-1336,239|0|1|0|-0,3|0|6|0|1
37,275|-3,674|25,047|-1337,251|0|1|0|-0,1|0|6|0|1
37,45|-3,897|25,047|-1338,277|0|1|0|-0,1|0|12|10|1
37,625|-4,114|26,302|-1339,275|0|1|0|-0,1|0|6|3|1
37,8|-4,329|26,815|-1340,265|0|1|0|-0,1|1|6|2|1
37,975|-4,544|27,252|-1341,255|0|1|0|-0,1|1|6|2|1
38,15|-4,759|27,68|-1342,245|0|1|0|-0,1|1|6|3|1
38,325|-4,973|28,148|-1343,235|0|1|0|-0,1|1|6|2|1
38,5|-5,187|28,569|-1344,226|0|1|0|-0,1|1|6|3|1
38,675|-5,401|29,082|-1345,216|0|1|0|-0,1|1|6|2|1
38,85|-5,596|29,519|-1346,211|0|1|0|-0,1|1|6|2|1
39,025|-5,767|29,806|-1347,209|0|1|0|-0,1|0|6|-2|1
39,2|-5,925|29,152|-1348,21|0|1|0|-0,1|0|9|-7|1
39,375|-6,06|27,641|-1349,214|0|1|0|0|0|13|-11|1
39,55|-6,136|25,412|-1350,224|0|1|0|0|0|6|1|1
39,725|-5,917|25,238|-1351,196|0|1|0|0,2|0|6|1|1
39,9|-5,326|25,455|-1352,025|0|0,9|0|0,3|0|6|1|1
40,075|-4,516|25,641|-1352,659|0|0,9|0|0,4|0|6|1|1
40,25|-3,598|25,798|-1353,14|0|0,9|0|0,5|0|6|1|1
40,425|-2,646|26,935|-1353,519|0|0,8|0|0,6|0|7|4|1
40,6|-1,696|27,477|-1353,87|0|0,8|0|0,6|1|7|3|1
40,775|-0,74|27,929|-1354,205|0|0,8|0|0,6|1|6|3|1
40,95|0,218|28,4|-1354,536|0|0,8|0|0,6|1|6|2|1
41,125|1,176|28,82|-1354,865|0|0,8|0|0,6|1|7|3|1
41,3|2,135|29,249|-1355,194|0|0,8|0|0,6|1|6|3|1
41,475|3,093|29,744|-1355,524|0|0,8|0|0,6|1|7|3|1
41,65|4,045|30,196|-1355,87|0|0,8|0|0,6|1|6|3|1
41,825|5|30,595|-1356,197|0|0,7|0|0,7|0|6|0|1
42|6,006|30,126|-1356,313|0|0,7|0|0,7|0|8|-6|1
42,175|7,011|28,769|-1356,438|0|0,8|0|0,6|0|12|-10|1
42,35|7,852|28,485|-1356,924|0|0,9|0|0,4|0|6|1|1
42,525|8,245|28,702|-1357,857|0|1|0|0,2|0|6|1|1
42,7|8,372|28,931|-1358,871|0|1|0|0,1|0|6|1|1
42,875|8,272|29,149|-1359,855|0|1|0|-0,1|0|6|1|1
43,05|7,494|29,28|-1360,51|0|0,9|0|-0,4|0|12|10|1
43,225|6,663|30,534|-1361,1|0|0,9|0|-0,5|0|6|3|1
43,4|5,834|31,047|-1361,683|0|0,9|0|-0,5|1|6|2|1
43,575|5,005|31,484|-1362,266|0|0,9|0|-0,5|1|6|2|1
43,75|4,178|31,913|-1362,851|0|0,9|0|-0,5|1|6|3|1
43,925|3,354|32,38|-1363,44|0|0,9|0|-0,5|1|6|2|1
44,1|2,533|32,801|-1364,034|0|0,9|0|-0,5|1|6|3|1
44,275|1,727|33,314|-1364,648|0|0,9|0|-0,4|1|6|2|1
44,45|0,946|33,751|-1365,294|0|0,9|0|-0,4|1|6|2|1
44,625|0,21|34,192|-1365,989|0|0,9|0|-0,4|1|6|3|1
44,8|-0,398|34,713|-1366,797|0|1|0|-0,3|1|6|2|1
44,975|-0,807|35,146|-1367,722|0|1|0|-0,1|1|7|4|1
45,15|-1,022|35,645|-1368,711|0|1|0|-0,1|1|6|2|1
45,325|-1,125|36,097|-1369,719|0|1|0|0|1|6|2|1
45,5|-1,193|36,532|-1370,73|0|1|0|0|1|6|2|1
45,675|-1,243|36,874|-1371,742|0|1|0|0,1|0|6|-1|1
45,85|-1,182|36,877|-1372,716|0|1|0|0,1|0|6|2|1
46,025|-1,041|37,268|-1373,656|0|1|0|0|0|6|2|1
46,2|-1,31|37,654|-1374,584|0|1|0|-0,2|0|6|2|1
46,375|-1,912|37,98|-1375,367|0|0,9|0|-0,3|0|6|2|1
46,55|-2,595|37,896|-1375,163|0|-0,5|0|0,9|0|6|-2|1
46,725|-2,953|38,932|-1374,24|0|-0,2|0|1|0|7|4|1
46,9|-3,216|39,475|-1373,262|0|-0,1|0|1|1|7|3|1
47,075|-3,373|39,926|-1372,261|0|-0,1|0|1|1|6|3|1
47,25|-3,496|40,397|-1371,256|0|-0,1|0|1|1|6|2|1
47,425|-3,613|40,818|-1370,249|0|-0,1|0|1|1|7|3|1
47,6|-3,723|41,247|-1369,284|0|-0,1|0|1|1|6|3|1
47,775|-3,815|41,742|-1368,47|0|-0,1|0|1|1|5|3|1
47,95|-3,893|42,194|-1367,789|0|-0,1|0|1|1|5|3|1
48,125|-3,958|42,674|-1367,219|0|-0,1|0|1|1|3|2|1
48,3|-4,012|43,139|-1366,742|0|-0,1|0|1|1|4|3|1
48,475|-4,098|43,601|-1366,042|0|-0,1|0|1|1|6|3|1
48,65|-4,224|44,083|-1365,037|0|-0,1|0|1|1|7|3|1
48,825|-4,346|44,527|-1364,031|0|-0,1|0|1|1|7|3|1
49|-4,437|44,97|-1363,022|0|0|0|1|1|7|3|1
49,175|-4,452|45,399|-1362,009|0|0|0|1|1|6|3|1
49,35|-4,365|45,863|-1361|0|0,1|0|1|1|6|3|1
49,525|-4,218|46,191|-1359,997|0|0,1|0|1|0|6|-1|1
49,7|-4,054|45,571|-1358,998|0|0,1|0|1|0|9|-7|1
49,875|-3,862|45,585|-1358,046|0|0,1|0|1|0|6|2|1
50,05|-3,533|45,938|-1357,119|0|0,2|0|1|0|6|2|1
50,225|-2,983|46,254|-1356,286|0|0,3|0|1|0|6|2|1
50,4|-2,319|46,543|-1355,527|0|0,3|0|0,9|0|6|2|1
50,575|-1,628|47,366|-1354,787|0|0,4|0|0,9|0|9|7|1
50,75|-0,935|48,157|-1354,048|0|0,4|0|0,9|1|7|4|1
50,925|-0,204|48,656|-1353,347|0|0,4|0|0,9|1|6|2|1
51,1|0,604|49,111|-1352,737|0|0,5|0|0,9|1|6|2|1
51,275|1,463|49,549|-1352,199|0|0,5|0|0,9|1|6|2|1
51,45|2,337|49,97|-1351,688|0|0,5|0|0,9|1|7|3|1
51,625|3,216|50,424|-1351,184|0|0,5|0|0,9|1|7|4|1
51,8|4,097|50,923|-1350,682|0|0,5|0|0,9|1|6|2|1
51,975|4,98|51,383|-1350,186|0|0,5|0|0,9|1|6|2|1
52,15|5,878|51,619|-1349,716|0|0,5|0|0,9|0|6|-2|1
52,325|6,76|50,92|-1349,22|0|0,4|0|0,9|0|9|-7|1
52,5|7,443|50,142|-1348,519|0|0,2|0|1|0|6|2|1
52,675|8,135|50,479|-1347,948|0|0,5|0|0,9|0|6|2|1
52,85|9,131|50,761|-1347,834|0|0,7|0|0,8|0|6|1|1
53,025|10,147|50,981|-1347,954|0|0,8|0|0,7|0|6|1|1
53,2|11,126|51,13|-1348,29|0|0,8|0|0,6|0|6|1|1
53,375|12,007|51,831|-1348,839|0|0,9|0|0,5|0|9|7|1
53,55|12,804|52,621|-1349,463|0|0,9|0|0,4|1|7|4|1
53,725|13,501|53,121|-1350,197|0|0,9|0|0,3|1|6|2|1
53,9|14,121|53,575|-1350,999|0|1|0|0,3|1|6|2|1
54,075|14,698|54,013|-1351,831|0|1|0|0,3|1|6|2|1
54,25|15,258|54,435|-1352,676|0|1|0|0,3|1|7|3|1
54,425|15,811|54,888|-1353,525|0|1|0|0,3|1|7|4|1
54,6|16,361|55,388|-1354,376|0|1|0|0,3|1|6|2|1
54,775|16,91|55,847|-1355,227|0|1|0|0,3|1|6|2|1
54,95|17,459|56,281|-1356,079|0|1|0|0,3|1|7|4|1
55,125|18,008|56,713|-1356,93|0|1|0|0,3|0|6|0|1
55,3|18,593|56,252|-1357,755|0|0,9|0|0,5|0|8|-6|1
55,475|19,346|56,179|-1358,321|0|0,9|0|0,5|0|6|2|1
55,65|19,704|56,503|-1359,225|0|1|0|0,2|0|6|2|1
55,825|19,821|56,78|-1360,227|0|1|0|0,1|0|6|1|1
56|19,825|57,029|-1361,247|0|1|0|0|0|6|1|1
56,175|19,808|57,271|-1362,269|0|1|0|0|0|6|1|1
56,35|19,785|58,274|-1363,287|0|1|0|0|0|8|6|1
56,525|19,755|58,939|-1364,3|0|1|0|0|1|6|2|1
56,7|19,724|59,372|-1365,312|0|1|0|0|1|6|3|1
56,875|19,693|59,835|-1366,325|0|1|0|0|1|7|3|1
57,05|19,661|60,264|-1367,338|0|1|0|0|1|6|3|1
57,225|19,606|60,73|-1368,349|0|1|0|-0,1|1|6|2|1
57,4|19,388|61,206|-1369,333|0|1|0|-0,2|1|6|2|1
57,575|18,692|61,639|-1370,059|0|0,9|0|-0,5|1|6|3|1
57,75|17,832|62,109|-1370,594|0|-0,9|0|0,5|1|7|3|1
57,925|17,197|62,601|-1371,372|0|1|0|-0,2|1|6|2|1
58,1|16,784|63,044|-1372,296|0|1|0|-0,2|0|6|1|1
58,275|16,431|62,939|-1373,232|0|1|0|-0,2|0|6|2|1
58,45|16,47|63,255|-1374,139|0|1|0|0,1|0|6|1|1
58,625|16,42|63,588|-1375,063|0|1|0|-0,1|0|6|2|1
58,8|16,098|63,961|-1375,989|0|1|0|-0,2|0|6|2|1
58,975|15,726|64,334|-1376,896|0|1|0|-0,2|0|6|2|1
59,15|15,295|65,389|-1377,792|0|1|0|-0,2|0|8|6|1
59,325|14,85|66,055|-1378,702|0|1|0|-0,2|1|6|2|1
59,5|14,403|66,487|-1379,612|0|1|0|-0,2|1|6|3|1
59,675|13,958|66,95|-1380,522|0|1|0|-0,2|1|7|3|1
59,85|13,534|67,38|-1381,396|0|1|0|-0,2|1|6|3|1
60,025|13,176|67,846|-1382,133|0|1|0|-0,2|1|5|2|1
60,2|12,877|68,322|-1382,75|0|1|0|-0,2|1|4|2|1
60,375|12,627|68,755|-1383,266|0|1|0|-0,2|1|4|3|1
60,55|12,417|69,225|-1383,698|0|1|0|-0,2|1|5|3|1
60,725|12,003|69,717|-1384,556|0|1|0|-0,2|1|6|2|1
60,9|11,562|70,16|-1385,468|0|1|0|-0,2|1|6|3|1
61,075|11,123|70,672|-1386,381|0|1|0|-0,2|1|6|2|1
61,25|10,74|71,109|-1387,318|0|1|0|-0,2|1|6|2|1
61,425|10,481|71,532|-1388,297|0|1|0|-0,1|0|2|2|1
61,6|10,481|71,882|-1388,297|0|1|0|-0,1|0|2|2|1
61,775|10,481|72,232|-1388,297|0|1|0|-0,1|0|2|2|1
61,95|10,481|72,582|-1388,297|0|1|0|-0,1|0|2|2|1
62,125|10,481|72,932|-1388,297|0|1|0|-0,1|0|2|2|1
62,3|10,481|73,282|-1388,297|0|1|0|-0,1|0|2|2|1
62,475|10,481|73,632|-1388,297|0|1|0|-0,1|0|2|2|1
62,65|10,481|73,982|-1388,297|0|1|0|-0,1|0|2|2|1
62,825|10,481|74,332|-1388,297|0|1|0|-0,1|0|2|2|1
63|10,481|74,682|-1388,297|0|1|0|-0,1|0|2|2|1
63,175|10,481|75,032|-1388,297|0|1|0|-0,1|0|2|2|1
63,35|10,481|75,382|-1388,297|0|1|0|-0,1|0|2|2|1
63,525|10,481|75,732|-1388,297|0|1|0|-0,1|0|2|2|1
63,7|10,481|76,082|-1388,297|0|1|0|-0,1|0|2|2|1
63,875|10,481|76,432|-1388,297|0|1|0|-0,1|0|2|2|1
64,05|10,481|76,782|-1388,297|0|1|0|-0,1|0|2|2|1
64,225|10,481|77,132|-1388,297|0|1|0|-0,1|0|2|2|1
64,4|10,481|77,482|-1388,297|0|1|0|-0,1|0|2|2|1
64,575|10,481|77,832|-1388,297|0|1|0|-0,1|0|2|2|1
64,75|10,481|78,042|-1388,297|0|1|0|-0,1|0|0|0|1
64,925|10,481|78,042|-1388,297|0|1|0|-0,1|0|0|0|1
65,1|10,481|78,042|-1388,297|0|1|0|-0,1|0|2|-2|1
65,275|10,481|77,692|-1388,297|0|1|0|-0,1|0|2|-2|1
65,45|10,481|77,412|-1388,297|0|1|0|-0,1|0|0|0|1
65,625|10,481|77,412|-1388,297|0|1|0|-0,1|0|0|0|1
65,8|10,481|77,412|-1388,297|0|1|0|-0,1|0|0|0|1
65,975|10,481|77,412|-1388,297|0|1|0|-0,1|0|0|0|1
66,15|10,481|77,272|-1388,297|0|1|0|-0,1|0|2|-2|1
66,325|10,481|77,062|-1388,297|0|1|0|-0,1|0|0|0|1
66,5|10,481|77,062|-1388,297|0|1|0|-0,1|0|0|0|1
66,675|10,481|77,062|-1388,297|0|1|0|-0,1|0|0|0|1
66,85|10,481|77,062|-1388,297|0|1|0|-0,1|0|0|0|1
67,025|10,481|77,062|-1388,297|0|1|0|-0,1|0|0|0|1
67,2|10,481|77,062|-1388,297|0|1|0|-0,1|0|0|0|1
67,375|10,481|77,062|-1388,297|0|1|0|-0,1|0|0|0|1
67,55|10,481|77,062|-1388,297|0|1|0|-0,1|0|0|0|1
67,725|10,481|77,062|-1388,297|0|1|0|-0,1|0|0|0|1
67,9|10,481|77,062|-1388,297|0|1|0|-0,1|0|0|0|1
68,075|10,481|77,062|-1388,297|0|1|0|-0,1|0|0|0|1
68,25|10,481|77,062|-1388,297|0|1|0|-0,1|0|0|0|1
68,425|10,481|77,062|-1388,297|0|1|0|-0,1|0|0|0|1
68,6|10,481|77,062|-1388,297|0|1|0|-0,1|0|0|0|1
68,775|10,481|77,062|-1388,297|0|1|0|-0,1|0|0|0|1
68,95|10,481|77,062|-1388,297|0|1|0|-0,1|0|0|0|1
69,125|10,481|77,062|-1388,297|0|1|0|-0,1|0|0|0|1
69,3|10,481|77,062|-1388,297|0|1|0|-0,1|0|0|0|1
69,475|10,481|77,062|-1388,297|0|1|0|-0,1|0|0|0|1
69,65|10,481|77,062|-1388,297|0|1|0|-0,1|0|0|0|1
69,825|10,481|77,062|-1388,297|0|1|0|-0,1|0|0|0|1
70|10,481|77,062|-1388,297|0|1|0|-0,1|0|0|0|1
70,175|10,481|77,062|-1388,297|0|1|0|-0,1|0|0|0|1
70,35|10,481|77,062|-1388,297|0|1|0|-0,1|0|0|0|1
70,525|10,481|77,062|-1388,297|0|1|0|-0,1|0|0|0|1
70,7|10,481|77,062|-1388,297|0|1|0|-0,1|0|0|0|1
70,875|10,481|77,062|-1388,297|0|1|0|-0,1|0|0|0|1
71,05|10,481|77,062|-1388,297|0|1|0|-0,1|0|0|0|1
71,226|10,481|77,062|-1388,297|0|1|0|-0,1|0|0|0|1
71,401|10,481|77,062|-1388,297|0|1|0|-0,1|0|0|0|1
71,576|10,481|77,062|-1388,297|0|1|0|-0,1|0|0|0|1
71,751|10,481|77,062|-1388,297|0|1|0|-0,1|0|0|0|1
71,926|10,481|77,062|-1388,297|0|1|0|-0,1|0|0|0|1
72,101|10,481|77,062|-1388,297|0|1|0|-0,1|0|0|0|1
72,276|10,481|77,062|-1388,297|0|1|0|-0,1|0|0|0|1
72,451|10,481|77,062|-1388,297|0|1|0|-0,1|0|0|0|1
72,626|10,481|77,062|-1388,297|0|1|0|-0,1|0|0|0|1
72,801|10,481|77,062|-1388,297|0|1|0|-0,1|0|0|0|1
72,976|10,481|77,062|-1388,297|0|1|0|-0,1|0|0|0|1
73,151|10,481|77,062|-1388,297|0|1|0|-0,1|0|0|0|1
73,326|10,481|77,062|-1388,297|0|1|0|-0,1|0|0|0|1
73,501|10,481|77,062|-1388,297|0|1|0|-0,1|0|0|0|1
73,676|10,481|77,062|-1388,297|0|1|0|-0,1|0|0|0|1
73,851|10,481|77,062|-1388,297|0|1|0|-0,1|0|0|0|1
74,026|10,481|77,062|-1388,297|0|1|0|-0,1|0|0|0|1
74,201|10,481|77,062|-1388,297|0|1|0|-0,1|0|0|0|1
74,376|10,481|77,062|-1388,297|0|1|0|-0,1|0|0|0|1
74,551|10,481|77,062|-1388,297|0|1|0|-0,1|0|0|0|1
74,726|10,481|77,062|-1388,297|0|1|0|-0,1|0|0|0|1
74,901|10,481|77,062|-1388,297|0|1|0|-0,1|0|0|0|1
75,076|10,481|77,062|-1388,297|0|1|0|-0,1|0|0|0|1
75,251|10,481|77,062|-1388,297|0|1|0|-0,1|0|0|0|1
75,426|10,481|77,062|-1388,297|0|1|0|-0,1|0|0|0|1
75,601|10,481|77,062|-1388,297|0|1|0|-0,1|0|0|0|1
75,776|10,481|77,062|-1388,297|0|1|0|-0,1|0|0|0|1
75,951|10,481|77,062|-1388,297|0|1|0|-0,1|0|0|0|1
76,126|10,481|77,062|-1388,297|0|1|0|-0,1|0|0|0|1
76,301|10,481|77,062|-1388,297|0|1|0|-0,1|0|0|0|1
76,476|10,481|77,062|-1388,297|0|1|0|-0,1|0|0|0|1
76,651|10,481|77,062|-1388,297|0|1|0|-0,1|0|0|0|1
76,826|10,481|77,062|-1388,297|0|1|0|-0,1|0|0|0|1
77,001|10,481|77,062|-1388,297|0|1|0|-0,1|0|0|0|1
77,176|10,481|77,062|-1388,297|0|1|0|-0,1|0|0|0|1
77,351|10,481|77,062|-1388,297|0|1|0|-0,1|0|0|0|1
77,526|10,481|77,062|-1388,297|0|1|0|-0,1|0|0|0|1
77,701|10,481|77,062|-1388,297|0|1|0|-0,1|0|0|0|1
77,876|10,481|77,062|-1388,297|0|1|0|-0,1|0|0|0|1
78,051|10,481|77,062|-1388,297|0|1|0|-0,1|0|0|0|1
78,226|10,481|77,062|-1388,297|0|1|0|-0,1|0|0|0|1
78,401|10,481|77,062|-1388,297|0|1|0|-0,1|0|0|0|1
78,576|10,481|77,062|-1388,297|0|1|0|-0,1|0|0|0|1
78,751|10,481|77,062|-1388,297|0|1|0|-0,1|0|0|0|1
78,926|10,481|77,062|-1388,297|0|1|0|-0,1|0|0|0|1
79,101|10,481|77,062|-1388,297|0|1|0|-0,1|0|0|0|1
79,276|10,481|77,062|-1388,297|0|1|0|-0,1|0|0|0|1
79,451|10,481|77,062|-1388,297|0|1|0|-0,1|0|0|0|1
79,626|10,481|77,062|-1388,297|0|1|0|-0,1|0|0|0|1
79,801|10,481|77,062|-1388,297|0|1|0|-0,1|0|0|0|1
79,976|10,481|77,062|-1388,297|0|1|0|-0,1|0|0|0|1
80,151|10,481|77,062|-1388,297|0|1|0|-0,1|0|0|0|1
80,326|10,481|77,062|-1388,297|0|1|0|-0,1|0|0|0|1
80,501|10,481|77,062|-1388,297|0|1|0|-0,1|0|0|0|1
80,676|10,481|77,062|-1388,297|0|1|0|-0,1|0|0|0|1
80,852|10,481|77,062|-1388,297|0|1|0|-0,1|0|0|0|1
81,027|10,481|77,062|-1388,297|0|1|0|-0,1|0|0|0|1
81,202|10,481|77,062|-1388,297|0|1|0|-0,1|0|0|0|1
81,377|10,481|77,062|-1388,297|0|1|0|-0,1|0|0|0|1
81,552|10,481|77,062|-1388,297|0|1|0|-0,1|0|0|0|1
81,727|10,481|77,062|-1388,297|0|1|0|-0,1|0|0|0|1
81,902|10,481|77,062|-1388,297|0|1|0|-0,1|0|0|0|1
82,077|10,481|77,062|-1388,297|0|1|0|-0,1|0|0|0|1
82,252|10,481|77,062|-1388,297|0|1|0|-0,1|0|0|0|1
82,427|10,481|77,062|-1388,297|0|1|0|-0,1|0|0|0|1
82,602|10,481|77,062|-1388,297|0|1|0|-0,1|0|0|0|1
82,777|10,481|77,062|-1388,297|0|1|0|-0,1|0|0|0|1
82,952|10,481|77,062|-1388,297|0|1|0|-0,1|0|0|0|1
83,127|10,481|77,062|-1388,297|0|1|0|-0,1|0|0|0|1
83,302|10,481|77,062|-1388,297|0|1|0|-0,1|0|0|0|1
83,477|10,481|77,062|-1388,297|0|1|0|-0,1|0|0|0|1
83,652|10,481|77,062|-1388,297|0|1|0|-0,1|0|0|0|1
83,827|10,481|77,062|-1388,297|0|1|0|-0,1|0|0|0|1
84,002|10,481|77,062|-1388,297|0|1|0|-0,1|0|0|0|1
84,177|10,481|77,062|-1388,297|0|1|0|-0,1|0|0|0|1
84,352|10,481|77,062|-1388,297|0|1|0|-0,1|0|0|0|1
84,527|10,481|77,062|-1388,297|0|1|0|-0,1|0|0|0|1
84,702|10,481|77,062|-1388,297|0|1|0|-0,1|0|0|0|1
84,877|10,481|77,062|-1388,297|0|1|0|-0,1|0|0|0|1
85,052|10,481|77,062|-1388,297|0|1|0|-0,1|0|0|0|1
85,227|10,481|77,062|-1388,297|0|1|0|-0,1|0|0|0|1
85,402|10,481|77,062|-1388,297|0|1|0|-0,1|0|0|0|1
85,577|10,481|77,062|-1388,297|0|1|0|-0,1|0|0|0|1
85,752|10,481|77,062|-1388,297|0|1|0|-0,1|0|0|0|1
85,927|10,481|77,062|-1388,297|0|1|0|-0,1|0|0|0|1
86,102|10,481|77,062|-1388,297|0|1|0|-0,1|0|0|0|1
86,277|10,481|77,062|-1388,297|0|1|0|-0,1|0|0|0|1
86,452|10,481|77,062|-1388,297|0|1|0|-0,1|0|0|0|1
86,627|10,481|77,062|-1388,297|0|1|0|-0,1|0|0|0|1
86,802|10,481|77,062|-1388,297|0|1|0|-0,1|0|0|0|1
86,977|10,481|77,062|-1388,297|0|1|0|-0,1|0|0|0|1
87,152|10,481|77,062|-1388,297|0|1|0|-0,1|0|0|0|1
87,327|10,481|77,062|-1388,297|0|1|0|-0,1|0|0|0|1
87,502|10,481|77,062|-1388,297|0|1|0|-0,1|0|0|0|1
87,677|10,481|77,062|-1388,297|0|1|0|-0,1|0|0|0|1
87,852|10,481|77,062|-1388,297|0|1|0|-0,1|0|0|0|1
88,027|10,481|77,062|-1388,297|0|1|0|-0,1|0|0|0|1
88,202|10,481|77,062|-1388,297|0|1|0|-0,1|0|0|0|1
88,377|10,481|77,062|-1388,297|0|1|0|-0,1|0|0|0|1
88,552|10,481|77,062|-1388,297|0|1|0|-0,1|0|0|0|1
88,727|10,481|77,062|-1388,297|0|1|0|-0,1|0|0|0|1
88,902|10,481|77,062|-1388,297|0|1|0|-0,1|0|0|0|1
89,077|10,481|77,062|-1388,297|0|1|0|-0,1|0|0|0|1
89,252|10,481|77,062|-1388,297|0|1|0|-0,1|0|0|0|1
89,427|10,481|77,062|-1388,297|0|1|0|-0,1|0|0|0|1
89,602|10,481|77,062|-1388,297|0|1|0|-0,1|0|0|0|1
89,777|10,481|77,062|-1388,297|0|1|0|-0,1|0|0|0|1
89,952|10,481|77,062|-1388,297|0|1|0|-0,1|0|0|0|1
90,127|10,481|77,062|-1388,297|0|1|0|-0,1|0|0|0|1
90,303|10,481|77,062|-1388,297|0|1|0|-0,1|0|0|0|1
90,478|10,481|77,062|-1388,297|0|1|0|-0,1|0|0|0|1
90,653|10,481|77,062|-1388,297|0|1|0|-0,1|0|0|0|1
90,828|10,481|77,062|-1388,297|0|1|0|-0,1|0|0|0|1
91,003|10,481|77,062|-1388,297|0|1|0|-0,1|0|0|0|1
91,178|10,481|77,062|-1388,297|0|1|0|-0,1|0|0|0|1
91,353|10,481|77,062|-1388,297|0|1|0|-0,1|0|0|0|1
91,528|10,481|77,062|-1388,297|0|1|0|-0,1|0|0|0|1
91,703|10,481|77,062|-1388,297|0|1|0|-0,1|0|0|0|1
91,878|10,481|77,062|-1388,297|0|1|0|-0,1|0|0|0|1
92,053|10,481|77,062|-1388,297|0|1|0|-0,1|0|0|0|1
92,228|10,481|77,062|-1388,297|0|1|0|-0,1|0|0|0|1
92,403|10,481|77,062|-1388,297|0|1|0|-0,1|0|0|0|1
92,578|10,481|77,062|-1388,297|0|1|0|-0,1|0|0|0|1
92,753|10,481|77,062|-1388,297|0|1|0|-0,1|0|0|0|1
92,928|10,481|77,062|-1388,297|0|1|0|-0,1|0|0|0|1
93,103|10,481|77,062|-1388,297|0|1|0|-0,1|0|0|0|1
93,278|10,481|77,062|-1388,297|0|1|0|-0,1|0|0|0|1
93,453|10,481|77,062|-1388,297|0|1|0|-0,1|0|0|0|1
93,628|10,481|77,062|-1388,297|0|1|0|-0,1|0|0|0|1
93,803|10,481|77,062|-1388,297|0|1|0|-0,1|0|0|0|1
93,978|10,481|77,062|-1388,297|0|1|0|-0,1|0|0|0|1
94,153|10,481|77,062|-1388,297|0|1|0|-0,1|0|0|0|1
94,328|10,481|77,062|-1388,297|0|1|0|-0,1|0|0|0|1
94,503|10,481|77,062|-1388,297|0|1|0|-0,1|0|0|0|1
94,678|10,481|77,062|-1388,297|0|1|0|-0,1|0|0|0|1
94,853|10,481|77,062|-1388,297|0|1|0|-0,1|0|0|0|1
95,028|10,481|77,062|-1388,297|0|1|0|-0,1|0|0|0|1
95,203|10,481|77,062|-1388,297|0|1|0|-0,1|0|0|0|1
95,378|10,481|77,062|-1388,297|0|1|0|-0,1|0|0|0|1
95,553|10,481|77,062|-1388,297|0|1|0|-0,1|0|0|0|1
95,728|10,481|77,062|-1388,297|0|1|0|-0,1|0|0|0|1
95,903|10,481|77,062|-1388,297|0|1|0|-0,1|0|0|0|1
96,078|10,481|77,062|-1388,297|0|1|0|-0,1|0|0|0|1
96,253|10,481|77,062|-1388,297|0|1|0|-0,1|0|0|0|1
96,428|10,481|77,062|-1388,297|0|1|0|-0,1|0|0|0|1
96,603|10,481|77,062|-1388,297|0|1|0|-0,1|0|0|0|1
96,778|10,481|77,062|-1388,297|0|1|0|-0,1|0|0|0|1
96,953|10,481|77,062|-1388,297|0|1|0|-0,1|0|0|0|1
97,128|10,481|77,062|-1388,297|0|1|0|-0,1|0|0|0|1
97,303|10,481|77,062|-1388,297|0|1|0|-0,1|0|0|0|1
97,478|10,481|77,062|-1388,297|0|1|0|-0,1|0|0|0|1
97,653|10,481|77,062|-1388,297|0|1|0|-0,1|0|0|0|1
97,828|10,481|77,062|-1388,297|0|1|0|-0,1|0|0|0|1
98,003|10,481|77,062|-1388,297|0|1|0|-0,1|0|0|0|1
98,178|10,481|77,062|-1388,297|0|1|0|-0,1|0|0|0|1
98,353|10,481|77,062|-1388,297|0|1|0|-0,1|0|0|0|1
98,528|10,481|77,062|-1388,297|0|1|0|-0,1|0|0|0|1
98,703|10,481|77,062|-1388,297|0|1|0|-0,1|0|0|0|1
98,878|10,481|77,062|-1388,297|0|1|0|-0,1|0|0|0|1
99,053|10,481|77,062|-1388,297|0|1|0|-0,1|0|0|0|1
99,228|10,481|77,062|-1388,297|0|1|0|-0,1|0|0|0|1
99,403|10,481|77,062|-1388,297|0|1|0|-0,1|0|0|0|1
99,578|10,481|77,062|-1388,297|0|1|0|-0,1|0|0|0|1
99,753|10,481|77,062|-1388,297|0|1|0|-0,1|0|0|0|1
99,929|10,481|77,062|-1388,297|0|1|0|-0,1|0|0|0|1
100,104|10,481|77,062|-1388,297|0|1|0|-0,1|0|0|0|1
100,279|10,481|77,062|-1388,297|0|1|0|-0,1|0|0|0|1
100,454|10,481|77,062|-1388,297|0|1|0|-0,1|0|0|0|1
100,629|10,481|77,062|-1388,297|0|1|0|-0,1|0|2|2|1
100,804|10,481|77,412|-1388,297|0|1|0|-0,1|0|2|2|1
100,979|10,481|77,762|-1388,297|0|1|0|-0,1|0|2|2|1
101,154|10,481|78,112|-1388,297|0|1|0|-0,1|0|2|2|1
101,329|10,481|77,972|-1388,297|0|1|0|-0,1|0|2|-2|1
101,504|10,481|77,622|-1388,297|0|1|0|-0,1|0|2|-2|1
101,679|10,481|77,272|-1388,297|0|1|0|-0,1|0|2|-2|1
101,854|10,481|76,922|-1388,297|0|1|0|-0,1|0|2|-2|1
102,029|10,481|76,572|-1388,297|0|1|0|-0,1|0|2|-2|1
102,204|10,481|76,222|-1388,297|0|1|0|-0,1|0|2|-2|1
102,379|10,481|75,872|-1388,297|0|1|0|-0,1|0|2|-2|1
102,554|10,481|75,522|-1388,297|0|1|0|-0,1|0|0|0|1
102,729|10,481|75,802|-1388,297|0|1|0|-0,1|0|2|2|1
102,904|10,481|76,152|-1388,297|0|1|0|-0,1|0|2|2|1
103,079|10,481|76,502|-1388,297|0|1|0|-0,1|0|2|2|1
103,254|10,481|76,852|-1388,297|0|1|0|-0,1|0|2|2|1
103,429|10,481|77,202|-1388,297|0|1|0|-0,1|0|2|2|1
103,604|10,481|77,552|-1388,297|0|1|0|-0,1|0|2|2|1
103,779|10,481|77,902|-1388,297|0|1|0|-0,1|0|2|2|1
103,954|10,481|78,252|-1388,297|0|1|0|-0,1|0|2|2|1
104,129|10,481|78,602|-1388,297|0|1|0|-0,1|0|2|2|1
104,304|10,481|78,952|-1388,297|0|1|0|-0,1|0|2|2|1
104,479|10,481|79,302|-1388,297|0|1|0|-0,1|0|0|0|1
104,654|10,481|79,022|-1388,297|0|1|0|-0,1|0|2|-2|1
104,829|10,481|78,672|-1388,297|0|1|0|-0,1|0|2|-2|1
105,004|10,481|78,322|-1388,297|0|1|0|-0,1|0|2|-2|1
105,179|10,481|77,972|-1388,297|0|1|0|-0,1|0|2|-2|1
105,354|10,481|77,622|-1388,297|0|1|0|-0,1|0|2|-2|1
105,529|10,481|77,272|-1388,297|0|1|0|-0,1|0|2|-2|1
105,704|10,481|77,132|-1388,297|0|1|0|-0,1|0|0|0|1
105,879|10,481|77,132|-1388,297|0|1|0|-0,1|0|0|0|1
106,054|10,481|77,25|-1388,297|0|1|0|-0,1|1|3|3|1
106,229|10,481|77,619|-1388,297|0|1|0|-0,1|0|1|-1|1
106,404|10,481|77,529|-1388,297|0|1|0|-0,1|0|0|0|1
106,579|10,481|77,529|-1388,297|0|1|0|-0,1|0|0|0|1
106,754|10,481|77,529|-1388,297|0|1|0|-0,1|0|0|0|1
106,929|9,936|77,831|-1388,226|0|-0,8|0|0,6|1|6|3|1
107,104|9,033|77,921|-1388,107|0|-0,8|0|0,6|0|6|-3|1
107,279|8,276|77,029|-1388,007|0|-0,8|0|0,6|0|9|-8|1
107,454|7,643|75,319|-1387,924|0|-0,8|0|0,6|0|13|-12|1
107,629|7,446|73,165|-1387,88|0|0,9|0|0,4|1|10|-9|1
107,804|8,342|72,077|-1387,925|0|0,8|0|0,6|1|6|-2|1
107,979|9,312|72,096|-1387,988|0|0,8|0|0,7|1|6|3|1
108,154|10,129|72,566|-1388,042|0|0,8|0|0,7|1|5|2|1
108,329|10,404|72,975|-1388,236|0|0,9|0|0,3|0|2|2|1
108,504|10,404|73,325|-1388,236|0|0,9|0|0,3|0|2|2|1
108,679|10,404|73,675|-1388,236|0|0,9|0|0,3|0|2|2|1
108,854|10,404|74,025|-1388,236|0|0,9|0|0,3|0|2|2|1
109,03|10,404|74,375|-1388,236|0|0,9|0|0,3|0|2|2|1
109,205|10,404|74,725|-1388,236|0|0,9|0|0,3|0|2|2|1
109,38|10,404|75,075|-1388,236|0|0,9|0|0,3|0|2|2|1
109,555|10,404|75,425|-1388,236|0|0,9|0|0,3|0|2|2|1
109,73|10,404|75,775|-1388,236|0|0,9|0|0,3|0|2|2|1
109,905|10,404|76,125|-1388,236|0|0,9|0|0,3|0|2|2|1
110,08|10,404|76,475|-1388,236|0|0,9|0|0,3|0|2|2|1
110,255|10,404|76,825|-1388,236|0|0,9|0|0,3|0|2|2|1
110,43|10,404|77,175|-1388,236|0|0,9|0|0,3|0|2|2|1
110,605|10,404|77,525|-1388,236|0|0,9|0|0,3|0|2|2|1
110,78|10,404|77,875|-1388,236|0|0,9|0|0,3|0|2|2|1
110,955|10,404|78,225|-1388,236|0|0,9|0|0,3|0|2|2|1
111,13|10,404|78,575|-1388,236|0|0,9|0|0,3|0|2|2|1
111,305|10,404|78,925|-1388,236|0|0,9|0|0,3|0|2|2|1
111,48|10,404|79,275|-1388,236|0|0,9|0|0,3|0|2|2|1
111,655|10,404|79,625|-1388,236|0|0,9|0|0,3|0|2|2|1
111,83|10,404|79,975|-1388,236|0|0,9|0|0,3|0|2|2|1
112,005|10,404|80,045|-1388,236|0|0,9|0|0,3|0|0|0|1
112,18|10,404|80,045|-1388,236|0|0,9|0|0,3|0|0|0|1
112,355|10,404|80,045|-1388,236|0|0,9|0|0,3|0|0|0|1
112,53|10,201|80,279|-1387,974|0|0,1|0|1|1|6|2|1
112,705|9,311|80,717|-1387,498|0|-0,5|0|0,9|1|6|2|1
112,88|8,347|81,198|-1387,184|0|-0,6|0|0,8|1|6|2|1
113,055|7,376|81,643|-1387,375|0|0,9|0|-0,4|1|6|3|1
113,23|6,909|82,149|-1388,249|0|1|0|0|0|0|0|1
113,405|6,909|82,149|-1388,249|0|1|0|0|0|0|0|1
113,58|6,909|82,149|-1388,249|0|1|0|0|0|2|2|1
113,755|6,909|82,499|-1388,249|0|1|0|0|0|2|2|1
113,93|6,909|82,849|-1388,249|0|1|0|0|0|2|2|1
114,105|6,909|83,199|-1388,249|0|1|0|0|0|2|2|1
114,28|6,909|83,549|-1388,249|0|1|0|0|0|2|2|1
114,455|6,909|83,899|-1388,249|0|1|0|0|0|2|2|1
114,63|6,909|84,249|-1388,249|0|1|0|0|0|2|2|1
114,805|6,909|84,599|-1388,249|0|1|0|0|0|2|2|1
114,98|6,909|84,949|-1388,249|0|1|0|0|0|2|2|1
115,155|6,909|85,299|-1388,249|0|1|0|0|0|2|2|1
115,33|6,909|85,649|-1388,249|0|1|0|0|0|2|2|1
115,505|6,935|85,869|-1388,314|0|1|0|0,1|0|3|-2|1
115,68|7,159|85,717|-1388,859|0|1|0|0,2|0|6|0|1
115,855|7,551|85,717|-1389,814|0|1|0|0,2|0|6|0|1
116,03|8,209|85,717|-1390,527|0|0,9|0|0,4|0|6|0|1
116,205|9,173|85,717|-1390,577|0|0,7|0|0,7|0|6|0|1
116,38|9,518|85,717|-1390,457|0|0,7|0|0,8|0|0|0|1
116,555|9,523|85,717|-1390,455|0|0,7|0|0,8|0|0|0|1
116,73|9,523|85,717|-1390,455|0|0,7|0|0,8|0|0|0|1
116,905|9,523|86,623|-1390,455|0|0,7|0|0,8|0|6|6|1
117,08|9,52|87,288|-1390,788|0|1|0|0,2|1|6|2|1
117,255|9,466|87,721|-1391,8|0|1|0|0|1|6|3|1
117,43|9,345|88,184|-1392,806|0|1|0|-0,1|1|7|3|1
117,605|9,186|88,613|-1393,806|0|1|0|-0,1|1|6|3|1
117,78|9,012|89,079|-1394,804|0|1|0|-0,1|1|6|2|1
117,955|8,835|89,555|-1395,802|0|1|0|-0,1|1|6|2|1
118,13|8,656|89,988|-1396,799|0|1|0|-0,1|1|6|3|1
118,305|8,487|90,458|-1397,798|0|1|0|-0,1|1|7|3|1
118,48|8,371|90,95|-1398,805|0|1|0|0|1|6|2|1
118,656|8,342|91,393|-1399,817|0|1|0|0|1|6|3|1
118,831|8,384|91,906|-1400,829|0|1|0|0|1|6|2|1
119,006|8,471|92,294|-1401,839|0|1|0|0,1|0|6|0|1
119,181|8,577|91,941|-1402,847|0|1|0|0,1|0|8|-5|1
119,356|8,698|90,682|-1403,853|0|1|0|0,1|0|11|-10|1
119,531|8,872|89,48|-1404,853|0|1|0|0,1|0|6|0|1
119,706|9,255|89,48|-1405,826|0|1|0|0,2|0|6|0|1
119,881|9,703|89,48|-1406,776|0|1|0|0,2|0|6|0|1
120,056|10,159|89,48|-1407,721|0|1|0|0,2|0|6|0|1
120,231|10,636|89,48|-1408,657|0|1|0|0,2|0|6|0|1
120,406|11,118|89,48|-1409,589|0|1|0|0,2|0|6|0|1
120,581|11,589|89,247|-1410,5|0|1|0|0,2|0|7|-5|1
120,756|12,055|90,197|-1411,401|0|1|0|0,2|0|7|4|1
120,931|12,52|90,74|-1412,301|0|1|0|0,2|1|7|3|1
121,106|12,986|91,191|-1413,201|0|1|0|0,2|1|6|3|1
121,281|13,451|91,662|-1414,102|0|1|0|0,2|1|6|2|1
121,456|13,993|91,849|-1414,954|0|0,9|0|0,5|0|6|-2|1
121,631|14,728|91,112|-1415,65|0|0,9|0|0,5|0|9|-7|1
121,806|15,502|89,53|-1416,304|0|0,9|0|0,4|0|13|-12|1
121,981|15,957|88,591|-1417,12|0|1|0|0,1|0|6|0|1
122,156|15,722|88,644|-1418,127|0|1|0|-0,1|0|6|0|1
122,331|15,35|88,67|-1419,108|0|1|0|-0,2|0|6|0|1
122,506|14,915|88,682|-1420,063|0|1|0|-0,2|0|6|0|1
122,681|14,433|88,684|-1420,995|0|1|0|-0,2|0|6|0|1
122,856|13,911|88,677|-1421,906|0|1|0|-0,3|0|6|0|1
123,031|13,356|89,312|-1422,786|0|1|0|-0,3|0|9|7|1
123,206|12,796|90,103|-1423,631|0|1|0|-0,3|1|7|4|1
123,381|12,194|90,602|-1424,446|0|0,9|0|-0,3|1|6|2|1
123,556|11,553|91,057|-1425,23|0|0,9|0|-0,3|1|6|2|1
123,731|10,877|91,495|-1425,985|0|0,9|0|-0,4|1|6|2|1
123,906|10,166|91,373|-1426,706|0|0,9|0|-0,4|0|7|-4|1
124,081|9,437|90,388|-1427,41|0|0,9|0|-0,4|1|7|-4|1
124,256|8,691|90,06|-1428,096|0|0,9|0|-0,4|1|6|2|1
124,431|7,934|90,508|-1428,769|0|0,9|0|-0,4|1|6|2|1
124,606|7,171|90,973|-1429,436|0|0,9|0|-0,4|1|6|2|1
124,781|6,407|91,401|-1430,102|0|0,9|0|-0,4|1|7|3|1
124,956|5,643|91,851|-1430,767|0|0,9|0|-0,4|1|6|2|1
125,131|4,901|92,126|-1431,458|0|0,9|0|-0,4|0|6|-2|1
125,306|4,221|91,46|-1432,208|0|1|0|-0,3|0|9|-7|1
125,481|3,683|90,516|-1433,061|0|1|0|-0,2|0|6|0|1
125,656|3,569|90,493|-1434,091|0|1|0|0|0|6|0|1
125,831|3,753|90,411|-1435,114|0|1|0|0,1|0|6|-1|1
126,006|4,205|90,28|-1436,048|0|1|0|0,2|0|6|-1|1
126,181|4,816|90,122|-1436,885|0|0,9|0|0,3|0|6|-1|1
126,356|5,574|89,942|-1437,584|0|0,9|0|0,4|0|12|10|1
126,531|6,408|91,197|-1438,167|0|0,9|0|0,5|0|6|3|1
126,706|7,271|91,709|-1438,696|0|0,9|0|0,5|1|6|2|1
126,881|8,154|92,146|-1439,194|0|0,9|0|0,5|1|6|2|1
127,056|9,028|92,575|-1439,706|0|0,9|0|0,5|1|6|3|1
127,231|9,847|92,988|-1440,302|0|0,9|0|0,4|0|6|0|1
127,406|10,613|92,632|-1440,965|0|0,9|0|0,4|0|8|-5|1
127,581|11,33|91,846|-1441,68|0|0,9|0|0,4|1|6|-1|1
127,756|12,006|92,048|-1442,435|0|0,9|0|0,3|1|6|2|1
127,931|12,666|92,483|-1443,204|0|0,9|0|0,3|1|6|3|1
128,106|13,315|92,978|-1443,982|0|0,9|0|0,3|1|6|2|1
128,282|13,935|93,391|-1444,784|0|1|0|0,3|1|6|3|1
128,457|14,499|93,461|-1445,625|0|1|0|0,2|0|7|-3|1
128,632|15,171|92,555|-1446,38|0|0,9|0|0,5|0|10|-8|1
128,807|15,938|91,59|-1447,035|0|0,9|0|0,5|0|6|1|1
128,982|16,198|91,722|-1447,945|0|1|0|0,1|0|6|0|1
129,157|16,069|91,797|-1448,98|0|1|0|-0,1|0|6|0|1
129,332|15,792|91,842|-1449,99|0|1|0|-0,1|0|6|0|1
129,507|15,457|91,876|-1450,985|0|1|0|-0,2|0|6|0|1
129,682|15,106|91,907|-1451,974|0|1|0|-0,2|0|12|10|1
129,857|14,748|93,162|-1452,93|0|1|0|-0,2|0|6|3|1
130,032|14,382|93,674|-1453,875|0|1|0|-0,2|1|6|2|1
130,207|14,007|94,111|-1454,816|0|1|0|-0,2|1|6|2|1
130,382|13,619|94,54|-1455,752|0|1|0|-0,2|1|6|3|1
130,557|13,219|95,007|-1456,683|0|1|0|-0,2|1|6|2|1
130,732|12,804|95,429|-1457,607|0|1|0|-0,2|1|6|3|1
130,907|12,375|95,628|-1458,525|0|1|0|-0,2|0|6|-2|1
131,082|11,939|94,861|-1459,44|0|1|0|-0,2|0|9|-7|1
131,257|11,501|93,254|-1460,354|0|1|0|-0,2|0|13|-12|1
131,432|11,075|90,945|-1461,273|0|1|0|-0,2|0|16|-15|1
131,607|10,676|88,13|-1462,204|0|1|0|-0,2|0|6|0|1
131,782|10,383|88,13|-1463,205|0|1|0|-0,1|0|6|0|1
131,957|10,169|88,13|-1464,233|0|1|0|-0,1|0|6|0|1
132,132|10,016|88,13|-1465,272|0|1|0|-0,1|0|6|0|1
132,307|9,924|88,13|-1466,317|0|1|0|0|0|6|0|1
132,482|9,864|88,13|-1467,366|0|1|0|0|0|6|0|1
132,657|9,81|87,673|-1468,371|0|1|0|0|0|8|-6|1
132,832|9,756|86,286|-1469,383|0|1|0|0|0|12|-11|1
133,007|9,702|84,161|-1470,395|0|1|0|0|0|15|-14|1
133,182|9,649|81,418|-1471,407|0|1|0|0|0|18|-18|1
133,357|9,596|78,159|-1472,419|0|1|0|0|0|21|-20|1
133,532|9,542|74,466|-1473,431|0|1|0|0|0|23|-22|1
133,707|9,487|70,412|-1474,443|0|1|0|0|0|25|-24|1
133,882|9,426|66,055|-1475,454|0|1|0|0|0|26|-26|1
134,057|9,358|61,444|-1476,465|0|1|0|0|0|28|-27|1
134,232|9,285|56,622|-1477,476|0|1|0|0|0|29|-28|1
134,407|9,206|51,621|-1478,486|0|1|0|0|0|30|-29|1
134,582|9,124|46,473|-1479,496|0|1|0|0|0|30|-30|1
134,757|9,038|41,199|-1480,505|0|1|0|0|0|31|-31|1
134,932|8,949|35,822|-1481,515|0|1|0|0|0|32|-31|1
135,107|8,858|30,358|-1482,524|0|1|0|0|0|32|-31|1
135,282|8,769|24,821|-1483,533|0|1|0|0|0|32|-32|1
135,457|8,685|19,223|-1484,543|0|1|0|0|0|33|-32|1
135,632|8,611|13,574|-1485,554|0|1|0|0|0|33|-32|1
135,807|8,546|7,882|-1486,565|0|1|0|0|0|33|-33|1
135,982|8,491|2,155|-1487,577|0|1|0|0|0|33|-33|1
136,157|8,445|-1,953|-1488,593|0|1|0|0|0|6|0|1
136,332|8,403|-1,953|-1489,639|0|1|0|0|0|6|0|1
136,507|8,345|-1,953|-1490,688|0|1|0|0|0|6|0|1
136,682|8,274|-1,953|-1491,735|0|1|0|0|0|6|0|1
136,857|8,199|-1,953|-1492,783|0|1|0|0|0|6|0|1
137,032|8,124|-1,953|-1493,83|0|1|0|0|0|6|0|1
137,207|8,049|-1,953|-1494,877|0|1|0|0|0|6|0|1
137,382|7,974|-1,953|-1495,925|0|1|0|0|0|6|0|1
137,557|7,899|-1,953|-1496,972|0|1|0|0|0|6|0|1
137,733|7,824|-1,953|-1498,02|0|1|0|0|0|6|0|1
137,908|7,749|-1,953|-1499,067|0|1|0|0|0|6|0|1
138,083|7,674|-1,953|-1500,114|0|1|0|0|0|6|0|1
138,258|7,599|-1,953|-1501,162|0|1|0|0|0|6|0|1
138,433|7,524|-1,953|-1502,209|0|1|0|0|0|6|0|1
138,608|7,449|-1,953|-1503,256|0|1|0|0|0|6|0|1
138,783|7,374|-1,953|-1504,304|0|1|0|0|0|6|0|1
138,958|7,3|-1,953|-1505,351|0|1|0|0|0|6|0|1
139,133|7,229|-1,953|-1506,399|0|1|0|0|0|6|0|1
139,308|7,209|-1,953|-1507,448|0|1|0|0|0|6|0|1
139,483|7,218|-1,953|-1508,498|0|1|0|0|0|6|0|1
139,658|6,889|-1,953|-1509,411|0|1|0|-0,2|0|6|0|1
139,833|6,163|-1,953|-1510,164|0|0,9|0|-0,4|0|6|0|1
140,008|5,342|-1,953|-1510,712|0|-0,8|0|0,5|0|6|0|1
140,183|4,302|-1,953|-1510,744|0|-0,7|0|0,7|0|6|0|1
140,358|3,252|-1,953|-1510,765|0|-0,7|0|0,7|0|6|0|1
140,533|2,44|-1,953|-1510,826|0|-0,4|0|0,9|0|4|0|1
140,708|3,335|-1,953|-1510,684|0|0,5|0|0,9|0|6|0|1
140,883|4,319|-1,953|-1510,726|0|0,8|0|0,6|0|6|0|1
141,058|5,171|-1,953|-1511,323|0|0,9|0|0,5|0|6|0|1
141,233|6,066|-1,953|-1511,739|0|0,8|0|0,6|0|6|0|1
141,408|7,099|-1,953|-1511,613|0|0,7|0|0,7|0|6|0|1
141,583|8,139|-1,953|-1511,465|0|0,7|0|0,8|0|6|0|1
141,758|9,123|-1,953|-1511,53|0|0,8|0|0,6|0|6|0|1
141,933|9,943|-1,953|-1512,169|0|0,9|0|0,5|0|6|0|1
142,108|10,375|-1,953|-1513,026|0|1|0|0,2|0|6|0|1
142,283|10,356|-1,953|-1514,071|0|1|0|0|0|6|0|1
142,458|10,322|-2,54|-1515,081|0|1|0|0|1|12|10|1
142,633|10,306|-1,285|-1516,094|0|1|0|0|0|6|3|1
142,808|10,332|-0,773|-1517,107|0|1|0|0|1|6|2|1
142,983|10,385|-0,336|-1518,119|0|1|0|0|1|6|2|1
143,158|10,443|-0,369|-1519,13|0|1|0|0|0|7|-4|1
143,333|10,503|-1,361|-1520,141|0|1|0|0|0|10|-9|1
143,508|10,742|-2,68|-1521,111|0|1|0|0,3|1|7|-4|1
143,683|11,286|-2,924|-1521,962|0|1|0|0,2|1|6|2|1
143,858|11,526|-2,494|-1522,944|0|1|0|0,1|1|7|3|1
144,033|11,576|-2,027|-1523,954|0|1|0|0|1|6|2|1
144,208|11,487|-1,73|-1524,964|0|1|0|-0,1|0|6|-2|1
144,383|11,349|-2,377|-1525,967|0|1|0|-0,1|0|9|-7|1
144,558|11,181|-3,408|-1526,967|0|1|0|-0,1|1|6|-2|1
144,733|10,975|-3,411|-1527,959|0|1|0|-0,1|1|7|3|1
144,908|10,735|-2,961|-1528,943|0|1|0|-0,1|1|6|3|1
145,083|10,471|-2,524|-1529,921|0|1|0|-0,1|1|7|3|1
145,258|10,197|-2,085|-1530,897|0|1|0|-0,1|1|7|3|1
145,433|9,92|-1,651|-1531,871|0|1|0|-0,1|1|6|3|1
145,608|9,642|-1,17|-1532,845|0|1|0|-0,1|1|6|2|1
145,783|9,363|-0,719|-1533,819|0|1|0|-0,1|1|6|2|1
145,958|9,085|-0,296|-1534,794|0|1|0|-0,1|1|7|4|1
146,133|8,807|0,198|-1535,768|0|1|0|-0,1|1|6|2|1
146,308|8,528|0,622|-1536,742|0|1|0|-0,1|1|6|3|1
146,483|8,25|0,875|-1537,716|0|1|0|-0,1|0|6|-2|1
146,658|7,972|0,165|-1538,69|0|1|0|-0,1|0|9|-7|1
146,833|7,696|-1,393|-1539,665|0|1|0|-0,1|0|13|-11|1
147,008|7,419|-1,953|-1540,657|0|1|0|-0,1|0|6|0|1
147,183|7,32|-1,953|-1541,013|0|1|0|-0,1|0|0|0|1
147,359|7,319|-1,953|-1541,019|0|1|0|-0,1|0|0|0|1
147,534|7,319|-1,953|-1541,019|0|1|0|-0,1|0|0|0|1
147,709|7,319|-1,953|-1541,019|0|1|0|-0,1|0|0|0|1
147,884|7,319|-1,953|-1541,019|0|1|0|-0,1|0|0|0|1
148,059|7,319|-1,953|-1541,019|0|1|0|-0,1|0|0|0|1
148,234|7,319|-1,953|-1541,019|0|1|0|-0,1|0|0|0|1
148,409|7,319|-1,953|-1541,019|0|1|0|-0,1|0|0|0|1
148,584|7,319|-1,603|-1541,019|0|1|0|-0,1|0|8|8|1
148,759|7,376|-0,598|-1541,352|0|1|0|0|1|5|3|1
148,934|7,536|-0,116|-1542,315|0|1|0|0,1|1|7|3|1
149,109|7,698|0,308|-1543,315|0|1|0|0,1|0|6|0|1
149,284|7,848|-0,028|-1544,248|0|1|0|0,1|0|7|-5|1
149,459|7,952|-1,274|-1544,892|0|-0,6|0|0,8|0|10|-10|1
149,634|7,896|-1,953|-1544,516|0|-0,2|0|1|0|6|0|1
149,809|7,843|-1,953|-1544,166|0|-0,1|0|1|0|0|0|1
149,984|7,842|-1,953|-1544,161|0|-0,1|0|1|0|0|0|1
150,159|7,944|-1,047|-1544,829|0|1|0|-0,3|0|8|6|1
150,334|8,098|-0,381|-1545,831|0|1|0|0|1|6|2|1
150,509|8,251|0,052|-1546,832|0|1|0|0,1|0|6|0|1
150,684|8,389|-0,269|-1547,733|0|1|0|0,1|0|7|-5|1
150,859|8,504|-1,502|-1548,488|0|1|0|0,1|0|11|-10|1
151,034|8,559|-1,953|-1548,848|0|1|0|0,1|0|0|0|1
151,209|8,56|-1,299|-1548,857|0|1|0|0,1|0|7|7|1
151,384|8,547|-0,508|-1549,122|0|1|0|0|1|6|4|1
151,559|8,44|-0,009|-1550,106|0|1|0|-0,1|1|6|2|1
151,734|8,3|0,446|-1551,11|0|1|0|-0,1|1|6|2|1
151,909|8,153|0,367|-1552,112|0|1|0|-0,1|0|7|-4|1
152,084|8,004|-0,664|-1553,115|0|1|0|-0,1|0|10|-9|1
152,259|7,86|-1,953|-1554,122|0|1|0|-0,1|0|6|0|1
152,434|7,75|-1,953|-1555,163|0|1|0|-0,1|0|6|0|1
152,609|7,669|-1,953|-1556,21|0|1|0|0|0|6|0|1
152,784|7,608|-1,953|-1557,258|0|1|0|0|0|6|0|1
152,959|7,572|-1,953|-1558,308|0|1|0|0|0|6|0|1
153,134|7,551|-1,953|-1559,357|0|1|0|0|0|6|0|1
153,309|7,535|-1,953|-1560,407|0|1|0|0|0|6|0|1
153,484|7,52|-1,603|-1561,457|0|1|0|0|0|10|8|1
153,659|7,507|-0,598|-1562,47|0|1|0|0|1|6|3|1
153,834|7,5|-0,116|-1563,483|0|1|0|0|1|7|3|1
154,009|7,504|0,33|-1564,497|0|1|0|0|1|7|3|1
154,184|7,522|0,778|-1565,733|0|1|0|0|1|9|3|1
154,359|7,551|1,207|-1567,413|0|1|0|0|1|11|3|1
154,534|7,586|1,669|-1569,459|0|1|0|0|1|13|3|1
154,709|7,626|2,153|-1571,81|0|1|0|0|0|14|1|1
154,884|7,666|1,881|-1574,417|0|1|0|0|0|16|-5|1
155,059|7,707|1,164|-1577,238|0|1|0|0|1|17|-1|1
155,234|7,754|1,424|-1580,239|0|1|0|0|1|18|2|1
155,409|7,804|1,863|-1583,389|0|1|0|0|1|19|3|1
155,584|7,849|2,359|-1586,664|0|1|0|0|1|19|2|1
155,759|7,858|2,255|-1590,046|0|1|0|0|0|20|-4|1
155,934|7,819|1,203|-1593,515|0|1|0|0|1|21|-7|1
156,109|7,701|0,522|-1597,055|0|1|0|-0,1|1|20|0|1
156,284|7,517|0,798|-1600,654|0|1|0|-0,1|1|21|3|1
156,459|7,301|1,278|-1604,302|0|1|0|0|1|21|2|1
156,634|7,103|1,745|-1607,994|0|1|0|0|1|22|3|1
156,809|6,94|2,129|-1611,722|0|1|0|0|0|21|-1|1
156,985|6,8|1,624|-1615,482|0|1|0|0|0|22|-6|1
157,16|6,678|0,237|-1619,268|0|1|0|0|0|24|-11|1
157,335|6,616|-1,889|-1622,812|0|1|0|0,2|0|18|0|1
157,51|7,121|-1,953|-1624,434|0|0,9|0|0,3|0|6|0|1
157,685|7,186|-1,953|-1625,455|0|1|0|0|0|6|0|1
157,86|7,142|-1,953|-1626,503|0|1|0|0|0|6|0|1
158,035|7,157|-1,953|-1627,552|0|1|0|0|0|6|0|1
158,21|7,237|-1,953|-1628,599|0|1|0|0|0|6|0|1
158,385|7,327|-1,953|-1629,646|0|1|0|0|0|6|0|1
158,56|7,418|-1,953|-1630,692|0|1|0|0|0|6|0|1
158,735|7,508|-1,953|-1631,738|0|1|0|0|0|6|0|1
158,91|7,596|-1,144|-1632,747|0|1|0|0|0|8|6|1
159,085|7,683|-0,479|-1633,757|0|1|0|0|1|6|2|1
159,26|7,766|-0,2|-1634,767|0|1|0|0|0|6|-2|1
159,435|7,822|-0,779|-1635,778|0|1|0|0|1|6|-2|1
159,61|7,835|-0,767|-1636,791|0|1|0|0|1|7|3|1
159,785|7,826|-0,305|-1637,805|0|1|0|0|1|6|3|1
159,96|7,81|0,172|-1638,818|0|1|0|0|1|7|3|1
160,135|7,793|0,603|-1639,831|0|1|0|0|1|6|3|1
160,31|7,775|0,972|-1640,844|0|1|0|0|0|6|-1|1
160,485|7,757|0,522|-1641,857|0|1|0|0|1|6|-2|1
160,66|7,739|0,641|-1642,87|0|1|0|0|1|6|2|1
160,835|7,999|1,067|-1643,833|0|1|0|0,3|1|6|3|1
161,01|8,508|1,521|-1644,704|0|1|0|0,2|1|7|3|1
161,185|8,293|1,988|-1645,67|0|0,9|0|-0,3|1|6|2|1
161,36|7,636|2,441|-1646,437|0|0,9|0|-0,4|1|6|3|1
161,535|6,718|2,915|-1646,808|0|-0,7|0|0,7|1|6|2|1
161,71|5,714|3,379|-1646,702|0|-0,6|0|0,8|1|6|2|1
161,885|4,728|3,809|-1646,491|0|-0,7|0|0,7|1|7|3|1
162,06|3,731|4,268|-1646,658|0|-0,8|0|0,6|1|6|3|1
162,235|2,766|4,762|-1646,966|0|-0,8|0|0,6|1|7|3|1
162,41|2,028|5,249|-1647,644|0|1|0|-0,3|1|6|2|1
162,585|1,499|5,526|-1648,508|0|1|0|-0,2|0|6|-2|1
162,76|1,021|4,864|-1649,401|0|1|0|-0,2|0|9|-7|1
162,935|0,569|3,345|-1650,308|0|1|0|-0,2|1|11|-9|1
163,11|0,139|2,273|-1651,225|0|1|0|-0,2|1|6|-2|1
163,285|-0,281|2,305|-1652,148|0|1|0|-0,2|1|7|4|1
163,46|-0,684|2,785|-1653,077|0|1|0|-0,2|1|6|2|1
163,635|-1,028|3,224|-1654,03|0|1|0|-0,1|1|6|2|1
163,81|-1,103|3,541|-1655,028|0|1|0|0,2|0|6|-1|1
163,985|-0,769|2,986|-1655,98|0|0,9|0|0,4|0|9|-6|1
164,16|-0,184|1,557|-1656,804|0|0,9|0|0,5|0|12|-11|1
164,335|0,484|-0,362|-1657,562|0|0,9|0|0,3|1|10|-8|1
164,51|0,911|-1,252|-1658,479|0|1|0|0,2|1|6|-1|1
164,685|1,231|-1,067|-1659,441|0|1|0|0,1|1|6|2|1
164,86|1,511|-0,636|-1660,414|0|1|0|0,1|1|6|3|1
165,035|1,772|-0,162|-1661,393|0|1|0|0,1|1|7|3|1
165,21|2,027|-0,069|-1662,374|0|1|0|0,1|0|7|-3|1
165,385|2,28|-0,715|-1663,355|0|1|0|0,1|1|6|-1|1
165,56|2,531|-0,54|-1664,337|0|1|0|0,1|1|6|2|1
165,735|2,783|-0,131|-1665,318|0|1|0|0,1|1|6|3|1
165,91|3,036|0,373|-1666,299|0|1|0|0,1|0|6|2|1
166,085|3,318|0,286|-1667,272|0|1|0|0,2|0|7|-4|1
166,26|3,636|-0,751|-1668,234|0|1|0|0,2|0|11|-9|1
166,436|3,98|-1,953|-1669,192|0|1|0|0,2|0|6|0|1
166,611|4,424|-1,953|-1670,106|0|1|0|0,3|0|6|0|1
166,786|5,34|-1,953|-1670,577|0|0,9|0|0,5|0|6|0|1
166,961|6,246|-1,953|-1671,105|0|0,9|0|0,5|0|6|0|1
167,136|7,057|-1,953|-1671,769|0|0,9|0|0,4|0|6|0|1
167,311|7,762|-1,953|-1672,545|0|0,9|0|0,4|0|6|0|1
167,486|8,311|-1,953|-1673,436|0|1|0|0,3|0|6|0|1
167,661|8,519|-1,953|-1674,451|0|1|0|0,1|0|6|0|1
167,836|7,829|-1,953|-1675,018|0|0,9|0|-0,5|0|6|0|1
168,011|6,79|-1,953|-1675,082|0|-0,7|0|0,7|0|6|0|1
168,186|5,754|-1,953|-1674,932|0|-0,7|0|0,8|0|6|0|1
168,361|4,735|-1,953|-1674,679|0|-0,6|0|0,8|0|6|0|1
168,536|3,717|-1,953|-1674,424|0|-0,6|0|0,8|0|6|0|1
168,711|2,699|-1,953|-1674,168|0|-0,6|0|0,8|0|6|0|1
168,886|1,677|-1,891|-1673,911|0|-0,6|0|0,8|0|6|2|1
169,061|0,649|-1,891|-1673,825|0|-0,7|0|0,7|0|6|2|1
169,236|-0,396|-1,891|-1674,072|0|-0,8|0|0,7|0|6|2|1
169,411|-0,953|-1,891|-1674,258|0|-0,8|0|0,6|0|2|2|1
169,586|-1,088|-1,891|-1674,326|0|-0,8|0|0,6|0|12|12|1
169,761|-1,213|0,179|-1674,39|0|-0,8|0|0,6|0|13|12|1
169,936|-1,317|2,393|-1674,443|0|-0,8|0|0,6|0|13|13|1
170,111|-1,403|4,695|-1674,488|0|-0,8|0|0,6|0|13|13|1
170,286|-1,361|7,085|-1674,692|0|1|0|0,2|0|14|14|1
170,461|-0,82|9,549|-1674,94|0|0,8|0|0,6|0|15|14|1
170,636|-0,156|12,073|-1675,115|0|0,6|0|0,8|0|13|13|1
170,811|0,39|13,772|-1674,838|0|0,1|0|1|0|7|5|1
170,986|0,849|14,23|-1674,063|0|0|0|1|0|6|-1|1
171,161|1,157|13,729|-1673,099|0|0|0|1|1|6|-2|1
171,336|1,285|13,807|-1672,095|0|0|0|1|1|7|4|1
171,511|1,346|14,308|-1671,083|0|0|0|1|1|6|2|1
171,686|1,391|14,779|-1670,071|0|0|0|1|1|6|2|1
171,861|1,431|14,74|-1669,058|0|0|0|1|0|7|-4|1
172,036|1,461|13,743|-1668,046|0|0|0|1|0|10|-9|1
172,211|1,477|12,728|-1667,033|0|0|0|1|1|6|-2|1
172,386|1,484|12,024|-1666,04|0|0|0|1|0|9|-7|1
172,561|1,49|10,547|-1665,191|0|0|0|1|0|2|0|1
172,736|1,49|10,547|-1665,069|0|0|0|1|0|0|0|1
172,911|1,491|10,547|-1665,067|0|0|0|1|0|3|0|1
173,086|1,482|10,897|-1664,18|0|0|0|1|0|10|8|1
173,261|1,458|11,902|-1663,167|0|0|0|1|1|6|3|1
173,436|1,445|12,384|-1662,154|0|0|0|1|1|7|3|1
173,611|1,441|12,83|-1661,141|0|0|0|1|1|7|3|1
173,786|1,43|13,278|-1660,127|0|0|0|1|1|7|3|1
173,961|1,389|13,708|-1659,115|0|0|0|1|1|6|3|1
174,136|1,325|14,169|-1658,104|0|0|0|1|1|6|3|1
174,311|1,253|14,651|-1657,093|0|0|0|1|1|7|3|1
174,486|1,179|15,1|-1656,082|0|0|0|1|1|7|3|1
174,661|1,105|15,559|-1655,072|0|0|0|1|1|6|3|1
174,836|1,031|16,053|-1654,061|0|0|0|1|1|7|3|1
175,011|0,956|16,541|-1653,05|0|0|0|1|1|6|2|1
175,186|0,878|16,973|-1652,04|0|0|0|1|1|6|3|1
175,361|0,798|17,432|-1651,03|0|0|0|1|1|7|3|1
175,536|0,726|17,86|-1650,019|0|0|0|1|1|6|3|1
175,711|0,684|18,327|-1649,007|0|0|0|1|1|6|2|1
175,886|0,346|18,519|-1648,056|0|-0,3|0|1|0|6|-2|1
176,062|-0,12|17,785|-1647,156|0|-0,2|0|1|0|9|-7|1
176,237|-0,464|16,207|-1646,276|0|-0,1|0|1|0|13|-12|1
176,412|-0,679|14,947|-1645,725|0|-0,1|0|1|0|0|0|1
176,587|-0,317|14,947|-1646,005|0|0,6|0|0,8|0|6|0|1
176,762|0,415|16,056|-1646,71|0|0,9|0|0,4|0|7|4|1
176,937|1,104|16,598|-1647,452|0|0,9|0|0,4|1|7|3|1
177,112|1,748|17,05|-1648,235|0|0,9|0|0,3|1|6|3|1
177,287|2,376|17,521|-1649,03|0|0,9|0|0,3|1|6|2|1
177,462|3,005|17,941|-1649,824|0|0,9|0|0,3|1|7|3|1
177,637|3,792|18,37|-1650,403|0|0,7|0|0,7|1|6|3|1
177,812|4,748|18,865|-1650,125|0|0,4|0|0,9|1|7|3|1
177,987|5,5|19,317|-1649,456|0|0,3|0|1|1|6|3|1
178,162|5,764|19,798|-1648,487|0|0|0|1|1|6|2|1
178,337|6,05|20,262|-1647,526|0|0,3|0|1|1|7|3|1
178,512|6,704|20,646|-1646,767|0|0,6|0|0,8|0|6|-1|1
178,687|7,589|20,144|-1646,28|0|0,7|0|0,7|0|8|-6|1
178,862|8,409|19,187|-1646,059|0|0,8|0|0,6|0|1|0|1
179,037|8,469|19,187|-1646,043|0|0,8|0|0,6|0|0|0|1
179,212|8,989|20,093|-1646,476|0|0,9|0|0,5|0|8|6|1
179,387|9,769|20,759|-1647,124|0|0,9|0|0,4|1|6|2|1
179,562|10,73|21,192|-1647,411|0|0,7|0|0,7|1|6|3|1
179,737|11,742|21,655|-1647,41|0|0,7|0|0,7|1|7|3|1
179,912|12,752|22,084|-1647,328|0|0,7|0|0,7|1|6|3|1
180,087|13,759|22,55|-1647,216|0|0,7|0|0,7|1|6|2|1
180,262|14,764|23,026|-1647,086|0|0,7|0|0,8|1|6|2|1
180,437|15,765|23,459|-1646,929|0|0,6|0|0,8|1|6|3|1
180,612|16,752|23,771|-1646,702|0|0,6|0|0,8|0|6|-1|1
180,787|17,72|23,153|-1646,403|0|0,6|0|0,8|0|9|-7|1
180,962|18,693|21,736|-1646,213|0|0,7|0|0,7|0|2|0|1
181,137|18,837|21,737|-1646,187|0|0,7|0|0,7|0|0|0|1
181,312|18,731|21,737|-1646,142|0|0,4|0|0,9|0|5|0|1
181,487|17,777|21,737|-1645,952|0|-0,5|0|0,9|0|6|0|1
181,662|16,744|22,643|-1645,956|0|-0,7|0|0,7|0|8|6|1
181,837|15,731|23,309|-1645,999|0|-0,7|0|0,7|1|6|2|1
182,012|14,72|23,742|-1646,066|0|-0,7|0|0,7|1|6|3|1
182,187|13,71|24,205|-1646,14|0|-0,7|0|0,7|1|7|3|1
182,362|12,699|24,634|-1646,216|0|-0,7|0|0,7|1|6|3|1
182,537|11,688|25,1|-1646,285|0|-0,7|0|0,7|1|6|2|1
182,712|10,677|25,576|-1646,245|0|-0,7|0|0,8|1|6|2|1
182,887|9,761|26,009|-1645,867|0|-0,3|0|0,9|1|6|3|1
183,062|9,385|26,479|-1644,942|0|0|0|1|1|7|3|1
183,237|9,394|26,971|-1643,931|0|0,1|0|1|1|6|2|1
183,412|9,524|27,416|-1642,926|0|0,1|0|1|0|6|1|1
183,587|9,417|27,11|-1641,926|0|-0,4|0|0,9|0|8|-5|1
183,762|8,862|26,217|-1641,143|0|-0,6|0|0,8|0|6|0|1
183,937|7,874|26,217|-1641,287|0|-0,8|0|0,6|0|6|0|1
184,112|7,099|26,217|-1641,963|0|0,9|0|-0,4|0|6|0|1
184,287|6,725|26,217|-1642,931|0|1|0|-0,2|0|6|0|1
184,462|6,637|26,217|-1643,974|0|1|0|0|0|12|10|1
184,637|6,673|27,471|-1644,994|0|1|0|0|0|6|3|1
184,812|6,768|27,984|-1646,002|0|1|0|0,1|1|6|2|1
184,987|6,902|28,421|-1647,006|0|1|0|0,1|1|6|2|1
185,162|7,047|28,85|-1648,009|0|1|0|0,1|1|6|3|1
185,337|7,195|29,317|-1649,012|0|1|0|0,1|1|6|2|1
185,513|7,344|29,655|-1650,014|0|1|0|0,1|0|6|-1|1
185,688|7,492|29,135|-1651,016|0|1|0|0,1|0|8|-6|1
185,863|7,636|27,995|-1652,017|0|1|0|0,1|0|6|1|1
186,038|7,749|28,172|-1653,038|0|1|0|0,1|0|6|1|1
186,213|7,82|28,35|-1654,07|0|1|0|0|0|6|1|1
186,388|7,857|28,528|-1655,104|0|1|0|0|0|6|1|1
186,563|7,869|28,706|-1656,138|0|1|0|0|0|6|1|1
186,738|7,866|28,885|-1657,173|0|1|0|0|0|6|1|1
186,913|7,852|29,377|-1658,208|0|1|0|0|0|10|8|1
187,088|7,837|30,348|-1659,221|0|1|0|0|1|6|2|1
187,263|7,821|30,723|-1660,234|0|1|0|0|1|6|2|1
187,438|7,806|31,167|-1661,247|0|1|0|0|1|6|3|1
187,613|7,79|31,621|-1662,26|0|1|0|0|1|6|3|1
187,788|7,774|32,063|-1663,273|0|1|0|0|1|6|3|1
187,963|7,758|32,517|-1664,287|0|1|0|0|1|6|3|1
188,138|7,745|32,962|-1665,3|0|1|0|0|1|6|3|1
188,313|7,74|33,415|-1666,313|0|1|0|0|1|6|3|1
188,488|7,745|33,863|-1667,326|0|1|0|0|1|6|3|1
188,663|7,76|34,345|-1668,339|0|1|0|0|0|6|1|1
188,838|7,778|34,121|-1669,353|0|1|0|0|0|7|-5|1
189,013|7,797|32,97|-1670,366|0|1|0|0|0|11|-9|1
189,188|7,817|31,221|-1671,378|0|1|0|0|0|6|1|1
189,363|7,837|31,398|-1672,405|0|1|0|0|0|6|1|1
189,538|7,859|31,576|-1673,439|0|1|0|0|0|6|1|1
189,713|7,886|31,755|-1674,474|0|1|0|0|0|6|1|1
189,888|7,912|31,933|-1675,508|0|1|0|0|0|6|1|1
190,063|7,937|32,91|-1676,534|0|1|0|0|0|8|6|1
190,238|7,96|33,576|-1677,547|0|1|0|0|1|6|2|1
190,413|7,982|34|-1678,56|0|1|0|0|1|6|3|1
190,588|8,004|34,46|-1679,574|0|1|0|0|1|6|3|1
190,763|8,022|34,9|-1680,587|0|1|0|0|1|6|3|1
190,938|8,029|35,364|-1681,6|0|1|0|0|1|6|3|1
191,113|8,029|35,82|-1682,613|0|1|0|0|1|6|3|1
191,288|8,025|36,28|-1683,626|0|1|0|0|1|6|3|1
191,463|8,008|36,728|-1684,64|0|1|0|0|1|6|3|1
191,638|7,968|37,191|-1685,652|0|1|0|0|1|6|3|1
191,813|7,913|37,655|-1686,664|0|1|0|0|1|7|3|1
191,988|7,846|38,105|-1687,675|0|1|0|0|0|6|2|1
192,163|7,772|37,952|-1688,686|0|1|0|0|0|7|-4|1
192,338|7,701|36,86|-1689,628|0|1|0|0|0|10|-9|1
192,513|7,642|34,981|-1690,416|0|1|0|0|0|14|-13|1
192,688|7,617|34,32|-1691,312|0|1|0|0|0|6|0|1
192,863|7,65|34,32|-1692,358|0|1|0|0|0|6|0|1
193,038|7,672|34,32|-1693,408|0|1|0|0|0|6|0|1
193,213|7,693|34,32|-1694,457|0|1|0|0|0|6|0|1
193,388|7,714|34,32|-1695,507|0|1|0|0|0|6|0|1
193,563|7,728|35,226|-1696,542|0|1|0|0|0|8|6|1
193,738|7,737|35,891|-1697,556|0|1|0|0|1|6|2|1
193,913|7,744|36,324|-1698,569|0|1|0|0|1|6|3|1
194,088|7,747|36,787|-1699,582|0|1|0|0|1|7|3|1
194,263|7,745|37,216|-1700,595|0|1|0|0|1|6|3|1
194,438|7,731|37,682|-1701,608|0|1|0|0|1|6|2|1
194,613|7,713|38,158|-1702,621|0|1|0|0|1|6|2|1
194,788|7,702|38,592|-1703,635|0|1|0|0|1|6|3|1
194,963|7,696|39,062|-1704,648|0|1|0|0|1|7|3|1
195,139|7,712|39,553|-1705,661|0|1|0|0|1|6|2|1
195,314|7,755|39,997|-1706,673|0|1|0|0|1|6|3|1
195,489|7,805|40,509|-1707,685|0|1|0|0|1|6|2|1
195,664|7,857|40,946|-1708,697|0|1|0|0|1|6|2|1
195,839|7,9|41,369|-1709,709|0|1|0|0|1|6|3|1
196,014|7,925|41,836|-1710,722|0|1|0|0|1|6|2|1
196,189|7,935|42,259|-1711,736|0|1|0|0|1|6|3|1
196,364|7,932|42,771|-1712,749|0|1|0|0|1|6|2|1
196,539|7,921|43,208|-1713,762|0|1|0|0|1|6|2|1
196,714|7,904|43,636|-1714,775|0|1|0|0|1|7|3|1
196,889|7,885|44,087|-1715,788|0|1|0|0|1|6|2|1
197,064|7,865|44,509|-1716,802|0|1|0|0|1|6|3|1
197,239|7,844|44,561|-1717,815|0|1|0|0|0|7|-3|1
197,414|7,823|43,64|-1718,828|0|1|0|0|0|10|-8|1
197,589|7,802|41,905|-1719,841|0|1|0|0|0|14|-12|1
197,764|7,789|40,529|-1720,449|0|1|0|0|0|15|-15|
197,939|7,789|40,529|-1720,449|0|1|0|0|0|15|-15|
198,114|7,789|40,529|-1720,449|0|1|0|0|0|15|-15|
198,289|7,789|40,529|-1720,449|0|1|0|0|0|15|-15|
198,464|7,789|40,529|-1720,449|0|1|0|0|0|15|-15|
198,639|7,789|40,529|-1720,449|0|1|0|0|0|15|-15|
198,814|8,014|35,078|-1692,409|0|1|0|0|0|5|-4|1
198,989|7,991|34,32|-1693,07|0|1|0|0|0|6|0|1
199,164|7,945|34,32|-1694,099|0|1|0|0|0|6|0|1
199,339|7,897|34,32|-1695,147|0|1|0|0|0|6|0|1
199,514|7,846|34,32|-1696,196|0|1|0|0|0|6|0|1
199,689|7,832|35,226|-1697,231|0|1|0|0|0|8|6|1
199,864|7,858|35,891|-1698,244|0|1|0|0|1|6|2|1
200,039|7,919|36,324|-1699,255|0|1|0|0|1|6|3|1
200,214|7,977|36,787|-1700,267|0|1|0|0|1|7|3|1
200,389|8,012|37,216|-1701,279|0|1|0|0|1|6|3|1
200,564|8,036|37,682|-1702,292|0|1|0|0|1|6|2|1
200,739|8,055|38,158|-1703,306|0|1|0|0|1|6|2|1
200,914|8,074|38,592|-1704,319|0|1|0|0|1|6|3|1
201,089|8,092|39,062|-1705,332|0|1|0|0|1|7|3|1
201,264|8,104|39,553|-1706,345|0|1|0|0|1|6|2|1
201,439|8,11|39,997|-1707,358|0|1|0|0|1|6|3|1
201,614|8,095|40,509|-1708,371|0|1|0|0|1|6|2|1
201,789|8,069|40,946|-1709,385|0|1|0|0|1|6|2|1
201,964|8,045|41,369|-1710,398|0|1|0|0|1|6|3|1
202,139|8,032|41,836|-1711,411|0|1|0|0|1|6|2|1
202,314|8,033|42,259|-1712,424|0|1|0|0|1|6|3|1
202,489|8,045|42,771|-1713,437|0|1|0|0|1|6|2|1
202,664|8,058|43,208|-1714,451|0|1|0|0|1|6|2|1
202,839|8,064|43,636|-1715,464|0|1|0|0|1|7|3|1
203,014|8,06|44,087|-1716,477|0|1|0|0|1|6|2|1
203,189|8,049|44,509|-1717,49|0|1|0|0|1|6|3|1
203,364|8,029|44,964|-1718,503|0|1|0|0|1|7|3|1
203,539|8,002|45,115|-1719,516|0|1|0|0|0|6|-3|1
203,714|7,969|44,276|-1720,529|0|1|0|0|0|10|-8|1
203,889|7,936|42,61|-1721,473|0|1|0|0|0|13|-12|1
204,064|7,916|41,378|-1722,064|0|1|0|0|0|0|0|1
204,239|7,915|41,378|-1722,088|0|1|0|0|0|0|0|1
204,414|7,903|41,378|-1722,374|0|1|0|0|0|11|10|1
204,589|7,864|42,632|-1723,376|0|1|0|0|0|6|3|1
204,765|7,834|43,145|-1724,389|0|1|0|0|1|6|2|1
204,94|7,818|43,582|-1725,402|0|1|0|0|1|6|2|1
205,115|7,81|44,011|-1726,415|0|1|0|0|1|6|3|1
205,29|7,806|44,478|-1727,428|0|1|0|0|1|6|2|1
205,465|7,801|44,818|-1728,442|0|1|0|0|0|6|-1|1
205,64|7,795|44,303|-1729,455|0|1|0|0|0|8|-6|1
205,815|7,79|42,907|-1730,468|0|1|0|0|0|12|-11|1
205,99|7,784|41,559|-1731,481|0|1|0|0|1|7|-4|1
206,165|7,778|41,361|-1732,494|0|1|0|0|0|6|0|1
206,34|7,771|40,961|-1733,508|0|1|0|0|0|8|-6|1
206,515|7,765|39,662|-1734,521|0|1|0|0|0|12|-10|1
206,69|7,753|37,611|-1735,534|0|1|0|0|0|15|-14|1
206,865|7,727|34,929|-1736,547|0|1|0|0|0|18|-17|1
207,04|7,637|34,32|-1737,572|0|1|0|-0,1|0|6|0|1
207,215|7,486|34,32|-1738,61|0|1|0|-0,1|0|6|0|1
207,39|7,33|34,32|-1739,648|0|1|0|-0,1|0|6|0|1
207,565|7,193|34,32|-1740,689|0|1|0|-0,1|0|6|0|1
207,74|7,12|34,32|-1741,737|0|1|0|0|0|6|0|1
207,915|7,076|35,428|-1742,764|0|1|0|0|0|7|4|1
208,09|7,037|35,971|-1743,776|0|1|0|0|1|7|3|1
208,265|7,001|36,422|-1744,789|0|1|0|0|1|6|2|1
208,44|6,966|36,791|-1745,801|0|1|0|0|1|6|2|1
208,615|6,931|37,228|-1746,814|0|1|0|0|1|6|2|1
208,79|6,896|37,609|-1747,827|0|1|0|0|1|6|2|1
208,965|6,861|38,075|-1748,839|0|1|0|0|1|6|1|1
209,14|6,827|37,979|-1749,852|0|1|0|0|0|8|-5|1
209,315|6,795|36,471|-1750,864|0|1|0|0|1|12|-11|1
209,49|6,772|34,874|-1751,877|0|1|0|0|1|9|-7|1
209,665|6,768|34,637|-1752,08|0|1|0|0|1|8|-6|
209,84|6,768|34,637|-1752,08|0|1|0|0|1|8|-6|
210,015|6,768|34,637|-1752,08|0|1|0|0|1|8|-6|
210,19|6,768|34,637|-1752,08|0|1|0|0|1|8|-6|
210,365|6,768|34,637|-1752,08|0|1|0|0|1|8|-6|
210,54|8,018|35,32|-1692,27|0|1|0|0|0|2|-2|1
210,715|8,013|34,621|-1692,609|0|1|0|0|0|8|-7|1
210,89|7,999|34,32|-1693,474|0|1|0|0|0|6|0|1
211,065|7,983|34,32|-1694,519|0|1|0|0|0|6|0|1
211,24|7,966|34,32|-1695,569|0|1|0|0|0|6|0|1
211,415|7,95|34,32|-1696,619|0|1|0|0|0|6|0|1
211,59|7,934|35,417|-1697,639|0|1|0|0|0|7|4|1
211,765|7,918|35,96|-1698,652|0|1|0|0|1|7|3|1
211,94|7,902|36,411|-1699,666|0|1|0|0|1|6|3|1
212,115|7,886|36,882|-1700,679|0|1|0|0|1|6|2|1
212,29|7,87|37,303|-1701,692|0|1|0|0|1|7|3|1
212,465|7,854|37,732|-1702,705|0|1|0|0|1|6|3|1
212,64|7,838|38,227|-1703,718|0|1|0|0|1|7|3|1
212,815|7,822|38,679|-1704,731|0|1|0|0|1|6|3|1
212,99|7,806|39,159|-1705,745|0|1|0|0|1|6|2|1
213,165|7,791|39,624|-1706,758|0|1|0|0|1|7|3|1
213,34|7,783|40,086|-1707,771|0|1|0|0|1|6|3|1
213,515|7,797|40,567|-1708,784|0|1|0|0|1|7|3|1
213,69|7,836|41,012|-1709,797|0|1|0|0|1|7|3|1
213,865|7,889|41,455|-1710,809|0|1|0|0|1|7|3|1
214,04|7,943|41,884|-1711,821|0|1|0|0|1|6|3|1
214,216|7,988|42,348|-1712,833|0|1|0|0|1|6|3|1
214,391|8,023|42,829|-1713,845|0|1|0|0|1|7|3|1
214,566|8,049|43,271|-1714,858|0|1|0|0|1|7|3|1
214,741|8,064|43,739|-1715,871|0|1|0|0|1|6|2|1
214,916|8,067|44,153|-1716,885|0|1|0|0|1|7|3|1
215,091|8,063|44,595|-1717,898|0|1|0|0|1|7|3|1
215,266|8,054|44,704|-1718,911|0|1|0|0|0|6|-3|1
215,441|8,044|43,829|-1719,924|0|1|0|0|0|10|-8|1
215,616|8,034|42,133|-1720,937|0|1|0|0|0|13|-12|1
215,791|8,022|41,378|-1721,967|0|1|0|0|0|6|0|1
215,966|8,011|42,284|-1723,002|0|1|0|0|0|8|6|1
216,141|7,999|42,949|-1724,015|0|1|0|0|1|6|2|1
216,316|7,988|43,382|-1725,029|0|1|0|0|1|6|3|1
216,491|7,976|43,845|-1726,042|0|1|0|0|1|7|3|1
216,666|7,965|44,274|-1727,055|0|1|0|0|0|6|0|1
216,841|7,953|43,95|-1728,068|0|1|0|0|0|8|-5|1
217,016|7,942|42,714|-1729,081|0|1|0|0|0|11|-10|1
217,191|7,93|40,796|-1730,094|0|1|0|0|1|11|-9|1
217,366|7,919|39,688|-1731,108|0|1|0|0|1|6|-2|1
217,541|7,907|39,69|-1732,121|0|1|0|0|1|7|3|1
217,716|7,896|40,064|-1733,134|0|1|0|0|0|6|-1|1
217,891|7,884|39,55|-1734,147|0|1|0|0|0|8|-6|1
218,066|7,873|38,156|-1735,16|0|1|0|0|0|12|-11|1
218,241|7,86|36,024|-1736,174|0|1|0|0|0|16|-14|1
218,416|7,836|34,32|-1737,191|0|1|0|0|0|6|0|1
218,591|7,774|34,32|-1738,236|0|1|0|0|0|6|0|1
218,766|7,684|34,32|-1739,282|0|1|0|0|0|6|0|1
218,941|7,574|34,32|-1740,327|0|1|0|-0,1|0|6|0|1
219,116|7,491|34,32|-1741,085|0|1|0|-0,1|0|1|0|1
219,291|7,487|34,32|-1741,117|0|1|0|-0,1|0|0|0|1
219,466|7,487|34,32|-1741,117|0|1|0|-0,1|0|0|0|1
219,641|7,487|34,32|-1741,117|0|1|0|-0,1|0|3|0|1
219,816|7,477|34,974|-1742|0|1|0|0|0|9|7|1
219,991|7,467|35,765|-1743,014|0|1|0|0|1|7|4|1
220,166|7,456|36,264|-1744,027|0|1|0|0|1|6|2|1
220,341|7,435|36,696|-1745,04|0|1|0|0|1|7|3|1
220,516|7,403|37,042|-1746,052|0|1|0|0|1|6|3|1
220,691|7,368|37,44|-1747,065|0|1|0|0|1|6|2|1
220,866|7,331|37,8|-1748,078|0|1|0|0|1|6|2|1
221,041|7,295|38,226|-1749,09|0|1|0|0|1|6|3|1
221,216|7,258|38,656|-1750,103|0|1|0|0|1|6|3|1
221,391|7,221|39,014|-1751,115|0|1|0|0|1|6|2|1
221,566|7,184|39,436|-1752,128|0|1|0|0|1|6|2|1
221,741|7,148|39,879|-1753,141|0|1|0|0|0|6|1|1
221,916|7,111|39,434|-1754,153|0|1|0|0|0|10|-8|1
222,091|7,074|38,347|-1755,166|0|1|0|0|1|7|-4|1
222,266|7,037|37,834|-1756,178|0|1|0|0|1|6|-1|1
222,441|7|37,799|-1757,191|0|1|0|0|1|6|1|1
222,616|6,963|38,166|-1758,203|0|1|0|0|1|6|2|1
222,791|6,926|38,553|-1759,216|0|1|0|0|1|6|3|1
222,966|6,89|39,017|-1760,229|0|1|0|0|1|7|3|1
223,141|6,853|38,88|-1761,241|0|1|0|0|0|8|-6|1
223,316|6,816|37,266|-1762,254|0|1|0|0|1|12|-11|1
223,491|6,779|35,909|-1763,266|0|1|0|0|1|7|-4|1
223,666|6,742|34,918|-1764,279|0|1|0|0|0|10|-9|1
223,842|6,623|34,32|-1765,271|0|1|0|-0,1|0|6|0|1
224,017|5,722|34,32|-1765,52|0|-0,8|0|0,6|0|6|0|1
224,192|4,675|34,32|-1765,486|0|-0,7|0|0,7|0|6|0|1
224,367|3,626|34,32|-1765,448|0|-0,7|0|0,7|0|6|0|1
224,542|2,577|34,32|-1765,409|0|-0,7|0|0,7|0|6|0|1
224,717|1,604|34,32|-1765,576|0|-0,8|0|0,6|0|6|0|1
224,892|0,826|34,32|-1766,268|0|0,9|0|-0,4|0|6|0|1
225,067|0,056|34,32|-1766,982|0|0,9|0|-0,4|0|6|0|1
225,242|-0,512|34,32|-1767,787|0|1|0|-0,2|0|6|0|1
225,417|-0,514|34,32|-1768,826|0|1|0|0|0|6|0|1
225,592|-0,505|34,32|-1769,876|0|1|0|0|0|6|0|1
225,767|-0,469|34,32|-1770,926|0|1|0|0|0|6|0|1
225,942|-0,402|34,32|-1771,973|0|1|0|0|0|6|0|1
226,117|-0,291|34,32|-1773,017|0|1|0|0,1|0|6|0|1
226,292|-0,098|34,32|-1774,049|0|1|0|0,1|0|6|0|1
226,467|-0,009|34,32|-1774,407|0|1|0|0,1|0|0|0|1
226,642|-0,008|34,32|-1774,412|0|1|0|0,1|0|0|0|1
226,817|-0,008|34,32|-1774,412|0|1|0|0,1|0|0|0|1
226,992|-0,008|34,32|-1774,412|0|1|0|0,1|0|0|0|1
227,167|-0,008|34,32|-1774,412|0|1|0|0,1|0|0|0|1
227,342|0,107|34,32|-1774,435|0|1|0|0,3|0|5|0|1
227,517|1,066|34,32|-1774,627|0|0,8|0|0,6|0|6|0|1
227,692|2,076|34,32|-1774,909|0|0,8|0|0,6|0|6|0|1
227,867|3,067|34,32|-1775,253|0|0,8|0|0,6|0|6|0|1
228,042|4,082|34,32|-1775,516|0|0,8|0|0,6|0|6|0|1
228,217|5,127|34,32|-1775,6|0|0,7|0|0,7|0|6|0|1
228,392|6,177|34,32|-1775,625|0|0,7|0|0,7|0|6|0|1
228,567|7,226|34,32|-1775,639|0|0,7|0|0,7|0|6|0|1
228,742|8,275|34,32|-1775,598|0|0,7|0|0,7|0|6|0|1
228,917|9,321|34,32|-1775,505|0|0,7|0|0,7|0|6|0|1
229,092|10,366|34,32|-1775,407|0|0,7|0|0,7|0|6|0|1
229,267|11,412|34,32|-1775,314|0|0,7|0|0,7|0|6|0|1
229,442|12,461|34,32|-1775,269|0|0,7|0|0,7|0|6|0|1
229,617|13,476|34,32|-1775,48|0|0,8|0|0,6|0|6|0|1
229,792|14,222|34,32|-1776,186|0|0,9|0|0,4|0|6|0|1
229,967|14,526|34,32|-1777,176|0|1|0|0,1|0|6|0|1
230,142|14,52|34,32|-1778,221|0|1|0|0|0|6|0|1
230,317|14,315|34,32|-1779,249|0|1|0|-0,1|0|6|0|1
230,492|13,899|34,32|-1780,207|0|1|0|-0,2|0|6|0|1
230,667|13,686|34,32|-1780,507|0|1|0|-0,3|0|0|0|1
230,842|13,683|34,32|-1780,512|0|1|0|-0,3|0|0|0|1
231,017|13,565|34,32|-1780,515|0|0,9|0|-0,4|0|5|0|1
231,192|12,587|34,32|-1780,516|0|-0,8|0|0,7|0|6|0|1
231,367|11,538|34,32|-1780,516|0|-0,7|0|0,7|0|6|0|1
231,542|10,49|34,32|-1780,576|0|-0,7|0|0,7|0|6|0|1
231,717|9,444|34,32|-1780,667|0|-0,7|0|0,7|0|6|0|1
231,892|8,398|34,32|-1780,758|0|-0,7|0|0,7|0|6|0|1
232,067|7,352|34,32|-1780,846|0|-0,7|0|0,7|0|6|0|1
232,242|6,303|34,32|-1780,89|0|-0,7|0|0,7|0|6|0|1
232,417|5,253|34,32|-1780,899|0|-0,7|0|0,7|0|6|0|1
232,592|4,203|34,32|-1780,906|0|-0,7|0|0,7|0|6|0|1
232,767|3,153|34,32|-1780,911|0|-0,7|0|0,7|0|6|0|1
232,942|2,103|34,32|-1780,91|0|-0,7|0|0,7|0|6|0|1
233,117|1,062|34,32|-1781,013|0|-0,8|0|0,7|0|6|0|1
233,292|0,136|34,32|-1781,476|0|-0,9|0|0,5|0|6|0|1
233,468|-0,47|34,32|-1782,313|0|1|0|-0,3|0|6|0|1
233,643|-0,514|34,32|-1783,33|0|1|0|-0,1|0|6|0|1
233,818|-0,461|34,32|-1784,376|0|1|0|0|0|6|0|1
233,993|-0,128|34,32|-1785,361|0|1|0|0,2|0|6|0|1
234,168|0,548|34,32|-1786,156|0|0,9|0|0,3|0|6|0|1
234,343|1,304|34,32|-1786,885|0|0,9|0|0,4|0|6|0|1
234,518|2,049|34,32|-1787,624|0|0,9|0|0,4|0|6|0|1
234,693|2,699|34,32|-1788,447|0|0,9|0|0,3|0|6|0|1
234,868|3,215|34,32|-1789,359|0|1|0|0,2|0|6|0|1
235,043|3,563|34,32|-1790,348|0|1|0|0,2|0|6|0|1
235,218|3,85|34,32|-1791,358|0|1|0|0,1|0|6|0|1
235,393|4,123|34,32|-1792,372|0|1|0|0,1|0|6|0|1
235,568|4,392|34,32|-1793,387|0|1|0|0,1|0|12|10|1
235,743|4,653|35,575|-1794,373|0|1|0|0,1|0|6|3|1
235,918|4,911|36,006|-1795,353|0|1|0|0,1|0|6|0|1
236,093|5,17|35,572|-1796,333|0|1|0|0,1|0|8|-6|1
236,268|5,431|34,319|-1797,312|0|1|0|0,1|0|6|0|1
236,443|5,758|34,32|-1798,303|0|1|0|0,2|0|6|0|1
236,618|6,102|34,32|-1799,295|0|1|0|0,2|0|6|0|1
236,793|6,446|34,32|-1800,287|0|1|0|0,2|0|6|0|1
236,968|7,281|34,32|-1800,86|0|0,9|0|0,5|0|6|0|1
237,143|8,162|34,32|-1801,43|0|0,9|0|0,5|0|6|0|1
237,318|8,492|34,32|-1802,329|0|1|0|0,1|0|6|0|1
237,493|8,47|34,32|-1803,376|0|1|0|0|0|6|0|1
237,668|8,408|34,32|-1804,424|0|1|0|0|0|6|0|1
237,843|8,343|34,32|-1805,472|0|1|0|0|0|6|0|1
238,018|8,278|34,32|-1806,52|0|1|0|0|0|6|0|1
238,193|8,214|34,112|-1807,55|0|1|0|0|0|7|-4|1
238,368|8,145|33,033|-1807,909|0|1|0|0|0|9|-9|1
238,543|8,055|31,166|-1807,687|0|1|0|0|0|13|-13|1
238,718|7,945|28,639|-1808,051|0|1|0|0|0|17|-16|1
238,893|7,829|25,559|-1808,767|0|1|0|0|0|20|-19|
239,068|7,829|25,559|-1808,767|0|1|0|0|0|20|-19|
239,243|7,829|25,559|-1808,767|0|1|0|0|0|20|-19|
239,418|7,829|25,559|-1808,767|0|1|0|0|0|20|-19|
239,593|7,829|25,559|-1808,767|0|1|0|0|0|20|-19|
239,768|7,829|25,559|-1808,767|0|1|0|0|0|20|-19|
239,943|8,018|35,279|-1801,7|0|1|0|0|0|2|-2|1
240,118|8,018|34,5|-1801,7|0|1|0|0|0|0|0|1