0|2,618|-0,971|-783,55|0|1|0|0|0|1|-1|1
0,175|2,618|-1,563|-783,55|0|1|0|0|0|7|-7|1
0,35|2,618|-1,953|-783,55|0|1|0|0|0|0|0|1
0,525|2,618|-1,953|-783,55|0|1|0|0|0|0|0|1
0,7|3,095|-1,953|-783,517|0|0,9|0|0,5|0|6|0|1
0,875|3,886|-1,953|-784,045|0|0,9|0|0,4|0|6|0|1
1,05|4,533|-1,953|-784,869|0|0,9|0|0,3|0|6|0|1
1,225|5,174|-1,953|-785,7|0|0,9|0|0,3|0|6|0|1
1,4|5,978|-1,953|-786,339|0|0,9|0|0,5|0|6|0|1
1,575|7,011|-1,953|-786,422|0|0,7|0|0,7|0|6|0|1
1,75|8,06|-1,953|-786,388|0|0,7|0|0,7|0|6|0|1
1,925|9,11|-1,953|-786,372|0|0,7|0|0,7|0|6|0|1
2,1|10,142|-1,047|-786,444|0|0,8|0|0,6|0|8|6|1
2,275|11,132|-0,381|-786,855|0|0,9|0|0,4|1|7|2|1
2,45|12,009|0,052|-787,644|0|0,9|0|0,3|1|7|3|1
2,625|12,752|0,515|-788,563|0|1|0|0,3|1|7|3|1
2,8|13,382|0,944|-789,562|0|1|0|0,2|1|7|3|1
2,975|13,913|1,41|-790,618|0|1|0|0,2|1|7|2|1
3,15|14,355|1,293|-791,628|0|1|0|0,2|0|7|-4|1
3,325|14,746|0,231|-792,563|0|1|0|0,2|0|11|-9|1
3,5|15,128|-1,622|-793,501|0|1|0|0,2|0|6|0|1
3,675|15,508|-1,953|-794,466|0|1|0|0,2|0|6|0|1
3,85|15,765|-1,953|-795,48|0|1|0|0,1|0|6|0|1
4,025|15,757|-1,953|-796,526|0|1|0|0|0|6|0|1
4,2|15,595|-1,953|-797,563|0|1|0|-0,1|0|6|0|1
4,375|15,418|-1,299|-798,59|0|1|0|-0,1|0|9|7|1
4,55|15,241|-0,508|-799,622|0|1|0|-0,1|1|8|4|1
4,725|15,049|-0,009|-800,788|0|1|0|-0,1|1|7|2|1
4,9|14,896|0,446|-801,961|0|1|0|0|1|7|2|1
5,075|14,795|0,884|-803,138|0|1|0|0|1|7|2|1
5,25|15,025|1,305|-804,281|0|1|0|0,3|1|7|3|1
5,425|15,662|1,759|-805,274|0|0,9|0|0,3|1|8|4|1
5,6|16,196|1,945|-806,269|0|1|0|0,1|0|6|-3|1
5,775|16,452|1,135|-807,252|0|1|0|0|0|10|-8|1
5,95|16,577|-0,508|-808,257|0|1|0|0|0|13|-12|1
6,125|16,558|-1,953|-809,27|0|1|0|-0,1|0|6|0|1
6,3|16,281|-1,953|-810,278|0|1|0|-0,1|0|6|0|1
6,475|15,968|-1,953|-811,28|0|1|0|-0,1|0|6|0|1
6,65|15,654|-1,953|-812,282|0|1|0|-0,2|0|6|0|1
6,825|15,372|-1,953|-813,293|0|1|0|-0,1|0|6|0|1
7|15,195|-1,953|-814,327|0|1|0|-0,1|0|6|0|1
7,175|15,063|-1,299|-815,362|0|1|0|-0,1|0|9|7|1
7,35|14,934|-0,508|-816,401|0|1|0|-0,1|1|8|4|1
7,525|14,782|-0,009|-817,573|0|1|0|-0,1|1|7|2|1
7,7|14,586|0,446|-818,739|0|1|0|-0,1|1|7|2|1
7,875|14,329|0,884|-819,892|0|1|0|-0,1|1|7|2|1
8,05|13,914|1,305|-820,996|0|1|0|-0,3|1|7|3|1
8,225|13,32|1,394|-821,925|0|0,9|0|-0,4|0|7|-3|1
8,4|12,691|0,503|-822,718|0|0,9|0|-0,4|0|10|-8|1
8,575|11,986|-1,207|-823,445|0|0,9|0|-0,5|0|14|-12|1
8,75|11,146|-1,953|-824,03|0|-0,9|0|0,5|0|6|0|1
8,925|10,213|-1,953|-824,51|0|-0,9|0|0,5|0|6|0|1
9,1|9,274|-1,953|-824,979|0|-0,8|0|0,5|0|6|0|1
9,275|8,269|-1,953|-825,264|0|-0,8|0|0,6|0|6|0|1
9,45|7,222|-1,953|-825,289|0|-0,7|0|0,7|0|6|0|1
9,625|6,27|-1,953|-825,031|0|-0,5|0|0,8|0|6|0|1
9,8|5,564|-1,953|-824,267|0|-0,4|0|0,9|0|6|0|1
9,975|4,64|-1,953|-823,949|0|-0,6|0|0,8|0|6|0|1
10,15|3,593|-1,953|-823,906|0|-0,7|0|0,7|0|6|0|1
10,325|2,586|-1,953|-824,148|0|-0,8|0|0,6|0|6|0|1
10,5|1,937|-1,953|-824,929|0|1|0|-0,3|0|6|0|1
10,675|1,747|-1,953|-825,952|0|1|0|-0,1|0|6|0|1
10,85|1,774|-1,953|-826,999|0|1|0|0|0|6|0|1
11,025|1,916|-1,953|-828,039|0|1|0|0,1|0|6|0|1
11,2|2,067|-1,953|-829,079|0|1|0|0,1|0|6|0|1
11,375|2,216|-0,844|-830,096|0|1|0|0,1|0|7|4|1
11,55|2,373|-0,302|-831,199|0|1|0|0,1|1|8|3|1
11,725|2,462|0,15|-832,377|0|1|0|0|1|7|3|1
11,9|2,445|0,621|-833,559|0|1|0|0|1|7|2|1
12,075|2,39|1,041|-834,74|0|1|0|0|1|7|3|1
12,25|2,322|1,47|-835,92|0|1|0|0|1|7|3|1
12,425|2,251|1,965|-837,1|0|1|0|0|0|7|1|1
12,6|2,185|1,73|-838,166|0|1|0|0|0|7|-5|1
12,775|2,123|0,569|-839,178|0|1|0|0|0|11|-9|1
12,95|2,06|-1,366|-840,189|0|1|0|0|0|15|-13|1
13,125|2,005|-1,953|-841,218|0|1|0|0|0|6|0|1
13,3|1,976|-1,953|-842,267|0|1|0|0|0|6|0|1
13,475|1,959|-1,953|-843,316|0|1|0|0|0|6|0|1
13,65|1,946|-1,953|-844,366|0|1|0|0|0|6|0|1
13,825|1,933|-1,953|-845,416|0|1|0|0|0|6|0|1
14|1,921|-1,953|-846,466|0|1|0|0|0|6|0|1
14,175|1,908|-1,953|-847,516|0|1|0|0|0|6|0|1
14,35|1,895|-0,844|-848,544|0|1|0|0|0|7|4|1
14,525|1,882|-0,302|-849,658|0|1|0|0|1|8|3|1
14,7|1,867|0,15|-850,84|0|1|0|0|1|7|3|1
14,875|1,854|0,621|-852,022|0|1|0|0|1|7|2|1
15,05|1,844|1,041|-853,204|0|1|0|0|1|7|3|1
15,225|1,839|1,47|-854,386|0|1|0|0|1|7|3|1
15,4|1,836|1,965|-855,568|0|1|0|0|1|8|3|1
15,575|1,833|2,417|-856,751|0|1|0|0|1|7|3|1
15,75|1,832|2,898|-857,933|0|1|0|0|1|7|2|1
15,925|1,832|3,362|-859,115|0|1|0|0|1|8|3|1
16,1|1,825|3,824|-860,297|0|1|0|0|1|7|3|1
16,275|1,809|4,306|-861,479|0|1|0|0|1|7|3|1
16,45|1,787|4,75|-862,661|0|1|0|0|1|8|3|1
16,625|1,764|5,113|-863,818|0|1|0|0|0|6|-1|1
16,8|1,743|4,594|-864,823|0|1|0|0|0|8|-6|1
16,975|1,954|3,195|-865,676|0|0,8|0|0,5|0|12|-11|1
17,15|2,512|1,06|-866,494|0|1|0|0,2|0|16|-14|1
17,325|2,866|-1,691|-867,442|0|1|0|0|0|6|0|1
17,5|2,936|-1,953|-868,468|0|1|0|0|0|6|0|1
17,675|2,898|-1,953|-869,517|0|1|0|0|0|6|0|1
17,85|2,852|-1,953|-870,566|0|1|0|0|0|6|0|1
18,025|2,796|-1,953|-871,615|0|1|0|0|0|6|0|1
18,2|2,731|-1,299|-872,655|0|1|0|0|0|9|7|1
18,375|2,656|-0,508|-873,7|0|1|0|0|1|8|4|1
18,55|2,546|-0,009|-874,877|0|1|0|-0,1|1|7|2|1
18,725|2,424|0,446|-876,052|0|1|0|0|1|7|2|1
18,9|2,332|0,884|-877,231|0|1|0|0|1|7|2|1
19,075|2,263|1,305|-878,411|0|1|0|0|1|7|3|1
19,25|2,202|1,759|-879,592|0|1|0|0|1|8|4|1
19,425|2,15|2,259|-880,773|0|1|0|0|1|7|2|1
19,6|2,409|2,718|-881,909|0|1|0|0,3|1|7|2|1
19,775|3,066|3,152|-882,89|0|0,9|0|0,4|1|8|4|1
19,95|3,462|3,662|-883,995|0|1|0|0,1|1|7|2|1
20,125|3,573|4,12|-885,171|0|1|0|0|1|8|3|1
20,3|3,591|4,571|-886,353|0|1|0|0|1|7|3|1
20,475|3,582|4,648|-887,455|0|1|0|0|0|7|-3|1
20,65|3,565|3,747|-888,469|0|1|0|0|0|10|-8|1
20,825|3,534|2,813|-889,617|0|1|0|0|1|7|-1|1
21|3,497|2,485|-890,75|0|1|0|0|0|8|-5|1
21,175|3,462|1,317|-891,765|0|1|0|0|0|11|-9|1
21,35|3,427|-0,625|-892,777|0|1|0|0|0|15|-13|1
21,525|3,387|-1,953|-893,8|0|1|0|0|0|6|0|1
21,7|3,307|-1,953|-894,845|0|1|0|0|0|6|0|1
21,875|3,19|-1,953|-895,889|0|1|0|-0,1|0|6|0|1
22,05|2,612|-1,953|-896,677|0|0,9|0|-0,3|0|6|0|1
22,225|1,793|-1,953|-897,331|0|0,9|0|-0,4|0|6|0|1
22,4|1,186|-1,953|-898,102|0|1|0|-0,2|0|6|0|1
22,575|1,124|-1,953|-899,14|0|1|0|-0,1|0|6|0|1
22,75|1,131|-1,953|-900,19|0|1|0|0|0|6|0|1
22,925|1,219|-1,953|-901,236|0|1|0|0|0|6|0|1
23,1|1,364|-1,953|-902,275|0|1|0|0,1|0|6|0|1
23,275|1,526|-1,047|-903,298|0|1|0|0,1|0|8|6|1
23,45|1,698|-0,381|-904,365|0|1|0|0,1|1|7|2|1
23,625|1,884|0,052|-905,532|0|1|0|0,1|1|7|3|1
23,8|2,055|0,515|-906,702|0|1|0|0,1|1|7|3|1
23,975|2,204|0,944|-907,875|0|1|0|0,1|1|7|3|1
24,15|2,323|1,41|-909,051|0|1|0|0|1|7|2|1
24,325|2,394|1,886|-910,231|0|1|0|0|1|7|2|1
24,5|2,417|2,319|-911,412|0|1|0|0|1|7|3|1
24,675|2,403|2,789|-912,594|0|1|0|0|1|7|3|1
24,85|2,351|3,281|-913,775|0|1|0|0|1|7|2|1
25,025|2,271|3,724|-914,955|0|1|0|0|1|7|3|1
25,2|2,179|4,236|-916,133|0|1|0|0|1|7|2|1
25,375|2,083|4,673|-917,312|0|1|0|0|1|7|2|1
25,55|2,024|5,072|-918,019|0|1|0|0|0|2|2|1
25,725|2,024|5,422|-918,019|0|1|0|0|0|2|2|1
25,9|2,024|5,772|-918,019|0|1|0|0|0|2|2|1
26,075|2,024|6,122|-918,019|0|1|0|0|0|2|2|1
26,25|2,024|6,472|-918,019|0|1|0|0|0|2|2|1
26,425|2,024|6,822|-918,019|0|1|0|0|0|2|2|1
26,6|2,024|7,172|-918,019|0|1|0|0|0|2|2|1
26,775|2,024|7,522|-918,019|0|1|0|0|0|2|2|1
26,95|2,024|7,872|-918,019|0|1|0|0|0|2|2|1
27,125|2,024|8,222|-918,019|0|1|0|0|0|2|2|1
27,3|2,024|8,572|-918,019|0|1|0|0|0|2|2|1
27,475|2,024|8,922|-918,019|0|1|0|0|0|2|2|1
27,65|2,024|9,272|-918,019|0|1|0|0|0|2|2|1
27,825|2,024|9,622|-918,019|0|1|0|0|0|2|2|1
28|2,024|9,972|-918,019|0|1|0|0|0|2|2|1
28,175|2,024|10,322|-918,019|0|1|0|0|0|2|2|1
28,35|2,024|10,672|-918,019|0|1|0|0|0|2|2|1
28,525|2,024|11,022|-918,019|0|1|0|0|0|2|2|1
28,7|2,024|11,372|-918,019|0|1|0|0|0|2|2|1
28,875|2,024|11,592|-918,089|0|1|0|0|0|3|-2|1
29,05|2,024|11,367|-918,713|0|1|0|0|0|6|0|1
29,225|2,017|11,367|-919,748|0|1|0|0|0|6|0|1
29,4|2,014|11,367|-920,797|0|1|0|0|0|6|0|1
29,575|2,05|11,367|-921,846|0|1|0|0|0|6|0|1
29,75|2,114|12,475|-922,872|0|1|0|0|0|7|4|1
29,925|2,19|13,019|-923,976|0|1|0|0|0|6|1|1
30,1|2,267|12,791|-925,016|0|1|0|0|0|7|-5|1
30,275|2,344|11,635|-926,026|0|1|0|0|0|11|-9|1
30,45|2,423|9,704|-927,037|0|1|0|0|0|15|-13|1
30,625|2,509|7,908|-928,182|0|1|0|0|1|9|-6|1
30,8|2,583|6,549|-929,281|0|1|0|0|0|12|-10|1
30,975|2,642|4,448|-930,293|0|1|0|0|0|15|-14|1
31,15|2,689|1,726|-931,305|0|1|0|0|0|18|-17|1
31,325|2,72|-1,517|-932,318|0|1|0|0|0|6|0|1
31,5|2,635|-1,953|-933,319|0|1|0|-0,1|0|6|0|1
31,675|1,927|-1,953|-934,066|0|0,9|0|-0,3|0|6|0|1
31,85|1,166|-1,953|-934,789|0|0,9|0|-0,4|0|6|0|1
32,025|1,028|-1,953|-935,789|0|1|0|-0,1|0|6|0|1
32,2|1,025|-1,953|-936,838|0|1|0|0|0|6|0|1
32,375|1,034|-1,953|-937,887|0|1|0|0|0|6|0|1
32,55|1,045|-1,953|-938,937|0|1|0|0|0|6|0|1
32,725|1,056|-1,953|-939,987|0|1|0|0|0|12|10|1
32,9|1,068|-0,698|-941,008|0|1|0|0|0|6|3|1
33,075|1,085|-0,185|-942,156|0|1|0|0|1|7|2|1
33,25|1,109|0,252|-943,338|0|1|0|0|1|7|2|1
33,425|1,334|0,68|-944,432|0|1|0|0,3|1|7|3|1
33,6|2,046|1,148|-945,245|0|1|0|0,2|1|6|2|1
33,775|2,516|1,569|-946,199|0|1|0|0|1|7|3|1
33,95|2,777|2,082|-947,225|0|1|0|0|1|6|2|1
34,125|2,896|2,007|-948,095|0|1|0|0|0|6|-4|1
34,3|2,931|0,98|-948,759|0|1|0|-0,1|1|8|-6|1
34,475|2,817|0,319|-949,706|0|1|0|-0,1|1|6|0|1
34,65|2,606|0,613|-950,742|0|1|0|-0,1|1|7|3|1
34,825|2,354|1,093|-951,77|0|1|0|-0,1|1|6|2|1
35|2,08|1,524|-952,794|0|1|0|-0,1|1|7|3|1
35,175|1,811|1,681|-953,696|0|1|0|-0,1|0|5|-3|1
35,35|1,544|0,847|-954,377|0|1|0|0|1|7|-5|1
35,525|1,341|0,348|-955,336|0|1|0|0|1|6|1|1
35,7|1,273|0,716|-956,389|0|1|0|0|1|6|2|1
35,875|1,28|1,173|-957,444|0|1|0|0|1|7|3|1
36,05|1,325|1,622|-958,498|0|1|0|0|1|7|3|1
36,225|1,392|2,06|-959,552|0|1|0|0|1|7|3|1
36,4|1,497|2,42|-960,529|0|1|0|0|0|5|-1|1
36,575|1,638|1,911|-961,289|0|1|0|0,1|0|8|-6|1
36,75|1,806|0,52|-962,259|0|1|0|0,1|0|12|-11|1
36,925|1,978|-1,609|-963,257|0|1|0|0,1|0|6|0|1
37,1|2,166|-1,953|-964,249|0|1|0|0|0|6|0|1
37,275|1,754|-1,953|-965,194|0|1|0|-0,2|0|6|0|1
37,45|1,29|-1,953|-966,135|0|1|0|-0,2|0|6|0|1
37,625|0,825|-1,953|-967,076|0|1|0|-0,2|0|6|0|1
37,8|0,345|-1,953|-968,01|0|1|0|-0,2|0|6|0|1
37,975|-0,18|-1,953|-968,919|0|1|0|-0,3|0|6|0|1
38,15|-0,744|-1,953|-969,805|0|1|0|-0,3|0|6|0|1
38,325|-0,952|-1,953|-970,753|0|1|0|0|0|6|0|1
38,5|-0,741|-1,953|-971,777|0|1|0|0,1|0|6|0|1
38,675|-0,521|-1,299|-972,796|0|1|0|0,1|0|9|7|1
38,85|-0,299|-0,508|-973,82|0|1|0|0,1|1|8|4|1
39,025|-0,039|-0,009|-974,973|0|1|0|0,1|1|7|2|1
39,2|0,241|0,446|-976,121|0|1|0|0,1|1|7|2|1
39,375|0,544|0,884|-977,264|0|1|0|0,1|1|7|2|1
39,55|0,906|1,305|-978,397|0|1|0|0,2|1|8|3|1
39,725|1,595|1,759|-979,47|0|1|0|0,2|0|8|1|1
39,9|2,598|1,572|-980,491|0|1|0|0,2|0|10|-4|1
40,075|3,901|0,451|-981,487|0|1|0|0,3|0|14|-9|1
40,25|5,456|-1,452|-982,497|0|1|0|0,3|0|17|-13|1
40,425|6,832|-1,953|-983,394|0|0,9|0|0,4|0|7|0|1
40,6|7,994|-1,953|-983,164|0|0,6|0|0,8|0|7|0|1
40,775|9,007|-1,953|-982,475|0|0,4|0|0,9|0|7|0|1
40,95|10,127|-1,953|-982,094|0|0,6|0|0,8|0|7|0|1
41,125|11,399|-1,603|-982,125|0|0,7|0|0,7|0|11|8|1
41,3|12,909|-0,598|-982,175|0|0,7|0|0,7|1|10|3|1
41,475|14,763|-0,116|-982,246|0|0,7|0|0,7|1|12|3|1
41,65|16,904|0,33|-982,336|0|0,7|0|0,7|1|14|3|1
41,825|19,285|0,697|-982,44|0|0,7|0|0,7|0|14|-1|1
42|21,793|0,177|-982,701|0|0,7|0|0,7|0|15|-6|1
42,175|24,012|-1,222|-983,25|0|0,5|0|0,9|0|16|-11|1
42,35|25,443|-1,953|-983,661|0|0,6|0|0,8|0|2|0|1
42,525|25,523|-1,953|-983,899|0|0,6|0|0,8|0|1|0|1
42,7|25,292|-1,953|-983,708|0|0,1|0|1|0|5|0|1
42,875|24,892|-1,299|-982,987|0|-0,1|0|1|0|8|7|1
43,05|24,417|-0,508|-982,356|0|-0,1|0|1|1|7|4|1
43,225|23,448|-0,322|-982,084|0|-0,7|0|0,7|0|6|-3|1
43,4|22,731|-1,133|-982,499|0|0,3|0|1|0|9|-8|1
43,575|22,89|-1,953|-983,031|0|0,6|0|0,8|0|2|0|1
43,75|23,037|-1,953|-983,358|0|0,8|0|0,7|0|6|0|1
43,925|23,193|-1,953|-984,55|0|1|0|0,2|0|7|0|1
44,1|23,3|-1,953|-985,82|0|1|0|0,1|0|12|10|1
44,275|23,393|-0,698|-987,251|0|1|0|0|0|10|3|1
44,45|23,497|-0,185|-989,038|0|1|0|0|1|11|2|1
44,625|23,625|0,252|-991,122|0|1|0|0|1|13|2|1
44,8|23,769|0,68|-993,455|0|1|0|0|1|14|3|1
44,975|23,907|1,148|-995,997|0|1|0|0|1|15|2|1
45,15|24,023|1,569|-998,716|0|1|0|0|1|16|3|1
45,325|24,106|2,082|-1001,582|0|1|0|0|1|17|2|1
45,5|24,168|2,471|-1004,572|0|1|0|0|0|17|0|1
45,675|24,075|2,118|-1007,591|0|1|0|0|0|17|-5|1
45,85|23,777|0,859|-1010,181|0|0,8|0|0,6|0|17|-10|1
46,025|23,449|-1,159|-1012,286|0|0,5|0|0,9|0|17|-14|1
46,2|23,062|-1,953|-1012,638|0|0,1|0|1|0|5|0|1
46,375|23,048|-1,953|-1011,647|0|0,1|0|1|0|6|0|1
46,55|23,221|-1,603|-1010,681|0|0,2|0|1|0|10|8|1
46,725|23,024|-0,598|-1009,688|0|0|0|1|1|8|3|1
46,9|22,276|-0,274|-1008,678|0|0,3|0|1|0|7|-1|1
47,075|21,411|-0,899|-1008,075|0|0,8|0|0,6|0|9|-7|1
47,25|20,717|-1,953|-1007,951|0|0,9|0|0,5|0|3|0|1
47,425|21,247|-1,953|-1008,507|0|0,9|0|0,5|0|5|0|1
47,6|21,228|-1,953|-1008,648|0|0,6|0|0,8|0|6|0|1
47,775|20,344|-1,953|-1007,94|0|-0,2|0|1|0|7|0|1
47,95|19,179|-1,953|-1007,537|0|-0,5|0|0,9|0|7|0|1
48,125|17,905|-0,844|-1007,818|0|-0,8|0|0,6|0|10|4|1
48,3|16,295|-0,302|-1008,217|0|-0,8|0|0,6|1|11|3|1
48,475|14,388|0,071|-1008,677|0|-0,8|0|0,6|0|12|-1|1
48,65|12,203|-0,439|-1009,077|0|-0,8|0|0,6|0|15|-6|1
48,825|9,788|-1,353|-1009,44|0|-0,8|0|0,6|1|15|-2|1
49|7,185|-1,26|-1009,807|0|-0,8|0|0,6|1|16|3|1
49,175|4,496|-0,768|-1010,408|0|-0,8|0|0,6|1|15|2|1
49,35|2,098|-0,478|-1011,1|0|-0,3|0|1|0|13|-2|1
49,525|-0,023|-1,129|-1011,7|0|-0,1|0|1|0|13|-7|1
49,7|-1,301|-1,953|-1012,556|0|0,7|0|0,7|0|5|0|1
49,875|-0,426|-1,953|-1012,955|0|0,7|0|0,7|0|6|0|1
50,05|0,433|-1,603|-1012,767|0|0,5|0|0,9|0|10|8|1
50,225|1,24|-0,598|-1012,37|0|0,3|0|0,9|1|7|3|1
50,4|2,223|-0,116|-1011,86|0|0,1|0|1|1|7|3|1
50,575|2,759|0,33|-1010,945|0|0|0|1|1|7|3|1
50,75|2,902|0,778|-1009,901|0|-0,1|0|1|0|5|2|1
50,925|2,771|0,624|-1009,259|0|0,4|0|0,9|0|4|-4|1
51,1|2,821|-0,469|-1009,432|0|0,6|0|0,8|0|10|-9|1
51,275|2,849|-1,954|-1010,188|0|0,8|0|0,6|0|6|0|1
51,45|2,757|-1,953|-1011,317|0|1|0|0,2|0|7|0|1
51,625|3,307|-1,299|-1012,379|0|1|0|0,2|0|10|7|1
51,8|3,56|-0,508|-1013,856|0|1|0|0,1|1|10|4|1
51,975|3,72|-0,009|-1015,691|0|1|0|0|1|12|2|1
52,15|3,797|0,446|-1017,82|0|1|0|0|1|13|2|1
52,325|3,76|0,884|-1020,194|0|1|0|0|1|14|2|1
52,5|3,64|1,305|-1022,77|0|1|0|0|1|16|3|1
52,675|3,47|1,759|-1025,513|0|1|0|-0,1|1|17|4|1
52,85|3,27|2,259|-1028,395|0|1|0|-0,1|1|17|2|1
53,025|3,056|2,588|-1031,395|0|1|0|-0,1|0|18|-1|1
53,2|2,857|2,055|-1034,346|0|1|0|0|0|17|-6|1
53,375|2,681|0,644|-1036,838|0|1|0|0|0|17|-11|1
53,55|2,542|-1,501|-1038,923|0|1|0|0|0|11|0|1
53,725|2,526|-1,953|-1040,261|0|1|0|0|0|6|0|1
53,9|2,588|-1,953|-1041,314|0|1|0|0|0|6|0|1
54,075|2,631|-1,953|-1042,364|0|1|0|0|0|6|0|1
54,25|2,653|-1,953|-1043,413|0|1|0|0|0|6|0|1
54,425|2,672|-1,953|-1044,463|0|1|0|0|0|6|0|1
54,6|2,682|-1,953|-1045,513|0|1|0|0|0|6|0|1
54,775|2,676|-1,953|-1046,563|0|1|0|0|0|6|0|1
54,95|2,664|-1,953|-1047,613|0|1|0|0|0|6|0|1
55,125|2,649|-1,953|-1048,662|0|1|0|0|0|6|0|1
55,3|2,633|-1,953|-1049,712|0|1|0|0|0|6|0|1
55,475|2,617|-1,891|-1050,771|0|1|0|0|0|6|2|1
55,65|2,6|-1,891|-1051,854|0|1|0|0|0|6|2|1
55,825|2,583|-1,891|-1052,82|0|1|0|0|0|2|2|1
56|2,58|-0,688|-1052,997|0|1|0|0|0|12|12|1
56,175|2,579|1,5|-1053,128|0|1|0|0|0|13|13|1
56,35|2,578|3,784|-1053,238|0|1|0|0|0|13|13|1
56,525|2,578|6,158|-1053,33|0|1|0|0|0|14|14|1
56,7|2,579|8,609|-1053,408|0|1|0|0|0|14|14|1
56,875|2,58|11,122|-1053,474|0|1|0|0|0|15|15|1
57,05|2,582|13,689|-1053,529|0|1|0|0|0|15|15|1
57,225|2,582|16,301|-1053,646|0|1|0|0|0|15|15|1
57,4|2,58|18,949|-1053,895|0|1|0|0|0|15|15|1
57,575|2,579|21,629|-1054,103|0|1|0|0|0|15|15|1
57,75|2,579|24,335|-1054,278|0|1|0|0|0|16|16|1
57,925|2,579|27,062|-1054,401|0|0,9|0|-0,5|0|16|16|1
58,1|2,589|29,808|-1054,103|0|-0,3|0|1|0|16|16|1
58,275|2,6|32,569|-1053,728|0|-0,3|0|1|0|16|16|1
58,45|2,611|35,343|-1053,415|0|-0,3|0|1|0|16|16|1
58,625|2,613|38,127|-1053,492|0|1|0|-0,2|0|16|16|1
58,8|2,603|40,921|-1054,107|0|1|0|0|0|17|16|1
58,975|2,586|43,722|-1055,085|0|1|0|0|0|17|16|1
59,15|2,571|46,529|-1055,965|0|1|0|0|0|15|14|1
59,325|2,559|48,465|-1056,701|0|1|0|0|0|7|6|1
59,5|2,548|49,12|-1057,318|0|1|0|0|0|3|0|1
59,675|2,535|48,704|-1058,062|0|1|0|0|0|8|-6|1
59,85|2,515|47,391|-1059,075|0|1|0|0|0|12|-10|1
60,025|2,495|45,342|-1060,088|0|1|0|0|0|6|0|1
60,2|2,474|45,342|-1061,132|0|1|0|0|0|6|0|1
60,375|2,462|45,342|-1062,182|0|1|0|0|0|6|0|1
60,55|2,47|45,342|-1063,232|0|1|0|0|0|6|0|1
60,725|2,485|45,342|-1064,281|0|1|0|0|0|6|0|1
60,9|2,499|45,342|-1065,331|0|1|0|0|0|6|0|1
61,075|2,517|45,342|-1066,381|0|1|0|0|0|6|0|1
61,25|2,543|45,342|-1067,431|0|1|0|0|0|6|0|1
61,425|2,58|45,342|-1068,48|0|1|0|0|0|6|0|1
61,6|2,621|45,342|-1069,529|0|1|0|0|0|6|0|1
61,775|2,666|45,342|-1070,578|0|1|0|0|0|6|0|1
61,95|2,713|45,342|-1071,628|0|1|0|0|0|12|10|1
62,125|2,806|46,597|-1072,642|0|1|0|0,2|0|6|3|1
62,3|3,449|47,11|-1073,548|0|0,8|0|0,6|1|7|2|1
62,475|4,571|47,546|-1073,896|0|0,7|0|0,7|1|7|2|1
62,65|5,75|47,975|-1073,966|0|0,7|0|0,7|1|7|3|1
62,825|6,853|48,03|-1073,956|0|0,7|0|0,7|0|7|-3|1
63|7,865|47,112|-1073,926|0|0,7|0|0,7|0|10|-8|1
63,175|8,878|45,378|-1073,886|0|0,7|0|0,7|0|14|-12|1
63,35|9,881|42,963|-1073,986|0|0,9|0|0,5|0|17|-16|1
63,525|10,79|41,547|-1074,419|0|0,9|0|0,4|0|6|0|1
63,7|11,567|41,547|-1075,12|0|0,9|0|0,4|0|6|0|1
63,875|12,325|41,547|-1075,847|0|0,9|0|0,4|0|6|0|1
64,05|12,945|41,547|-1076,646|0|1|0|0,2|0|6|0|1
64,225|12,764|41,547|-1077,649|0|1|0|-0,1|0|6|0|1
64,4|12,211|41,547|-1078,529|0|1|0|-0,3|0|6|0|1
64,575|11,455|41,547|-1079,255|0|0,9|0|-0,4|0|6|0|1
64,75|10,658|41,547|-1079,938|0|0,9|0|-0,4|0|6|0|1
64,925|9,808|41,547|-1080,554|0|0,9|0|-0,5|0|6|0|1
65,1|8,89|41,547|-1081,06|0|-0,9|0|0,5|0|6|0|1
65,275|7,911|41,547|-1081,436|0|-0,8|0|0,6|0|6|0|1
65,45|6,901|41,547|-1081,721|0|-0,8|0|0,6|0|6|0|1
65,625|5,889|41,615|-1081,965|0|-0,8|0|0,6|0|11|8|1
65,8|4,848|42,62|-1082,202|0|-0,8|0|0,6|1|7|3|1
65,975|3,693|43,102|-1082,456|0|-0,8|0|0,6|1|7|3|1
66,15|2,616|43,201|-1082,69|0|-0,8|0|0,6|0|6|-3|1
66,325|1,626|42,32|-1082,905|0|-0,8|0|0,6|0|10|-8|1
66,5|0,503|41,402|-1083,147|0|-0,8|0|0,6|1|7|-1|1
66,675|-0,605|41,088|-1083,386|0|-0,8|0|0,6|0|7|-5|1
66,85|-1,598|39,93|-1083,6|0|-0,8|0|0,6|0|11|-9|1
67,025|-2,604|37,998|-1083,669|0|-0,6|0|0,8|0|15|-13|1
67,2|-3,595|35,416|-1083,465|0|-0,5|0|0,9|0|18|-17|1
67,375|-4,584|32,291|-1083,256|0|-0,7|0|0,7|0|20|-19|1
67,55|-5,565|30,747|-1083,402|0|-0,8|0|0,5|0|6|0|1
67,725|-6,369|30,747|-1084,061|0|0,9|0|-0,4|0|6|0|1
67,9|-7,106|30,747|-1084,808|0|0,9|0|-0,4|0|6|0|1
68,075|-7,849|30,747|-1085,55|0|0,9|0|-0,4|0|6|0|1
68,25|-8,852|30,747|-1085,647|0|-0,7|0|0,7|0|6|0|1
68,425|-9,901|30,747|-1085,638|0|-0,7|0|0,7|0|5|0|1
68,6|-10,529|30,747|-1086,39|0|0,9|0|-0,3|0|6|0|1
68,775|-10,784|30,747|-1087,4|0|1|0|-0,1|0|6|0|1
68,95|-10,839|30,747|-1088,447|0|1|0|0|0|6|0|1
69,125|-10,784|30,747|-1089,495|0|1|0|0|0|6|0|1
69,3|-10,646|30,747|-1090,536|0|1|0|0,1|0|6|0|1
69,475|-10,487|30,747|-1091,574|0|1|0|0,1|0|6|0|1
69,65|-10,328|30,747|-1092,611|0|1|0|0,1|0|6|0|1
69,825|-10,168|30,747|-1093,649|0|1|0|0,1|0|6|0|1
70|-10,029|31,561|-1094,552|0|1|0|0,1|0|8|6|1
70,175|-9,865|32,227|-1095,617|0|1|0|0,1|1|7|2|1
70,35|-9,685|32,659|-1096,786|0|1|0|0,1|1|7|3|1
70,525|-9,505|33,122|-1097,954|0|1|0|0,1|1|7|3|1
70,7|-9,354|33,551|-1099,126|0|1|0|0|1|7|3|1
70,875|-9,319|34,018|-1100,307|0|1|0|0|1|7|2|1
71,05|-9,39|34,494|-1101,487|0|1|0|0|1|7|2|1
71,226|-9,503|34,927|-1102,664|0|1|0|-0,1|1|7|3|1
71,401|-9,627|35,398|-1103,831|0|1|0|-0,1|0|6|1|1
71,576|-9,741|35,133|-1104,868|0|1|0|-0,1|0|8|-5|1
71,751|-9,853|33,947|-1105,875|0|1|0|-0,1|0|11|-10|1
71,926|-9,965|31,989|-1106,882|0|1|0|-0,1|0|15|-14|1
72,101|-10,077|29,387|-1107,889|0|1|0|-0,1|0|18|-17|1
72,276|-10,19|26,245|-1108,896|0|1|0|-0,1|0|20|-20|1
72,451|-10,237|25,147|-1109,923|0|1|0|0|0|6|0|1
72,626|-10,107|25,147|-1110,962|0|1|0|0,1|0|6|0|1
72,801|-9,848|25,147|-1111,979|0|1|0|0,1|0|6|0|1
72,976|-9,481|25,147|-1112,962|0|1|0|0,2|0|6|0|1
73,151|-9,059|25,147|-1113,923|0|1|0|0,2|0|6|0|1
73,326|-8,634|25,147|-1114,883|0|1|0|0,2|0|6|0|1
73,501|-8,037|25,147|-1115,644|0|0,9|0|0,4|0|6|0|1
73,676|-7,015|25,147|-1115,672|0|0,7|0|0,7|0|6|0|1
73,851|-6,071|25,147|-1115,24|0|0,5|0|0,8|0|6|0|1
74,026|-5,284|25,147|-1114,551|0|0,4|0|0,9|0|6|0|1
74,201|-4,589|25,147|-1113,764|0|0,4|0|0,9|0|6|0|1
74,376|-3,925|25,147|-1112,951|0|0,3|0|0,9|0|6|0|1
74,551|-3,27|25,147|-1112,13|0|0,3|0|0,9|0|12|10|1
74,726|-2,635|26,402|-1111,331|0|0,3|0|0,9|0|6|3|1
74,901|-1,921|26,915|-1110,432|0|0,3|0|0,9|1|7|2|1
75,076|-1,16|27,352|-1109,53|0|0,4|0|0,9|1|7|2|1
75,251|-0,104|27,78|-1109,014|0|0,6|0|0,8|1|7|3|1
75,426|1,047|28,248|-1108,746|0|0,7|0|0,8|1|7|2|1
75,601|2,21|28,669|-1108,536|0|0,6|0|0,8|0|7|2|1
75,776|3,258|28,519|-1108,327|0|0,6|0|0,8|0|7|-4|1
75,951|4,244|27,43|-1108,093|0|0,6|0|0,8|1|10|-7|1
76,126|5,384|26,717|-1107,781|0|0,6|0|0,8|1|7|0|1
76,301|6,519|26,967|-1107,452|0|0,6|0|0,8|1|7|3|1
76,476|7,606|27,242|-1107,131|0|0,6|0|0,8|0|6|-2|1
76,651|8,58|26,559|-1106,842|0|0,6|0|0,8|0|9|-7|1
76,826|9,551|25,024|-1106,553|0|0,6|0|0,8|0|13|-11|1
77,001|10,522|22,774|-1106,262|0|0,6|0|0,8|0|16|-15|1
77,176|11,491|19,927|-1105,966|0|0,6|0|0,8|0|19|-18|1
77,351|12,454|17,147|-1105,652|0|0,5|0|0,9|0|6|0|1
77,526|13,012|17,147|-1104,808|0|0,3|0|1|0|6|0|1
77,701|12,984|17,147|-1103,833|0|0|0|1|0|6|0|1
77,876|12,694|17,147|-1102,825|0|-0,1|0|1|0|6|0|1
78,051|12,966|17,147|-1101,894|0|0,2|0|1|0|6|0|1
78,226|13,602|17,147|-1101,063|0|0,3|0|0,9|0|6|0|1
78,401|14,348|17,147|-1100,327|0|0,4|0|0,9|0|6|0|1
78,576|15,224|17,147|-1099,84|0|0,6|0|0,8|0|6|0|1
78,751|16,09|17,147|-1100,34|0|0,9|0|0,5|0|6|0|1
78,926|16,631|17,147|-1101,227|0|1|0|0,3|0|6|0|1
79,101|16,995|17,147|-1102,21|0|1|0|0,2|0|6|0|1
79,276|17,295|17,147|-1103,216|0|1|0|0,1|0|6|0|1
79,451|17,518|17,147|-1104,242|0|1|0|0,1|0|6|0|1
79,626|17,637|17,147|-1105,284|0|1|0|0,1|0|6|0|1
79,801|17,696|17,147|-1106,333|0|1|0|0|0|6|0|1
79,976|17,748|17,801|-1107,374|0|1|0|0|0|9|7|1
80,151|17,8|18,592|-1108,419|0|1|0|0|1|8|4|1
80,326|17,856|18,778|-1109,552|0|1|0|0|0|6|-3|1
80,501|17,896|17,967|-1110,566|0|1|0|0|0|10|-8|1
80,676|17,875|16,324|-1111,579|0|1|0|-0,1|0|13|-12|1
80,852|17,761|13,985|-1112,586|0|1|0|-0,1|0|17|-15|1
81,027|17,551|11,064|-1113,576|0|1|0|-0,2|0|19|-18|1
81,202|17,242|7,654|-1114,541|0|1|0|-0,2|0|22|-21|1
81,377|16,798|5,747|-1115,458|0|1|0|-0,3|0|6|0|1
81,552|16,19|5,747|-1116,311|0|1|0|-0,3|0|6|0|1
81,727|15,568|5,747|-1117,157|0|1|0|-0,3|0|6|0|1
81,902|14,956|5,747|-1118,01|0|1|0|-0,3|0|6|0|1
82,077|14,346|5,747|-1118,865|0|1|0|-0,3|0|6|0|1
82,252|13,742|5,747|-1119,724|0|1|0|-0,3|0|6|0|1
82,427|13,152|5,747|-1120,593|0|1|0|-0,3|0|6|0|1
82,602|12,575|5,747|-1121,47|0|1|0|-0,3|0|6|0|1
82,777|12,012|5,747|-1122,357|0|1|0|-0,3|0|6|0|1
82,952|11,469|5,747|-1123,255|0|1|0|-0,3|0|6|0|1
83,127|10,948|6,401|-1124,158|0|1|0|-0,3|0|9|7|1
83,302|10,434|7,192|-1125,071|0|1|0|-0,2|1|8|4|1
83,477|9,879|7,61|-1126,105|0|1|0|-0,2|0|6|0|1
83,652|9,387|7,215|-1127,063|0|1|0|-0,2|1|7|-1|1
83,827|8,869|7,38|-1128,125|0|1|0|-0,2|1|7|2|1
84,002|8,392|7,586|-1129,154|0|1|0|-0,2|0|6|-2|1
84,177|7,929|7,341|-1130,17|0|1|0|-0,2|1|7|2|1
84,352|7,455|7,714|-1131,226|0|1|0|-0,2|0|6|0|1
84,527|7,04|7,253|-1132,164|0|1|0|-0,2|1|8|-4|1
84,702|6,569|7,065|-1133,248|0|1|0|-0,2|1|7|2|1
84,877|6,134|7,053|-1134,261|0|1|0|-0,2|0|7|-4|1
85,052|5,714|6,555|-1135,293|0|1|0|-0,2|1|7|0|1
85,227|5,311|6,756|-1136,378|0|1|0|-0,2|0|6|-1|1
85,402|4,963|6,174|-1137,343|0|1|0|-0,2|0|9|-6|1
85,577|4,592|5,199|-1138,394|0|1|0|-0,2|1|7|-2|1
85,752|4,222|5,16|-1139,508|0|1|0|-0,2|0|6|-1|1
85,927|3,908|4,597|-1140,503|0|1|0|-0,1|0|9|-6|1
86,102|3,617|3,161|-1141,473|0|1|0|-0,1|0|12|-11|1
86,277|3,336|0,994|-1142,447|0|1|0|-0,1|0|16|-15|1
86,452|3,058|-1,783|-1143,421|0|1|0|-0,1|0|6|0|1
86,627|2,749|-1,953|-1144,411|0|1|0|-0,2|0|6|0|1
86,802|2,343|-1,953|-1145,345|0|1|0|-0,3|0|6|0|1
86,977|1,451|-1,953|-1145,861|0|0,9|0|-0,5|0|6|0|1
87,152|0,549|-1,953|-1146,398|0|0,9|0|-0,5|0|6|0|1
87,327|0,089|-1,953|-1147,259|0|1|0|-0,2|0|6|0|1
87,502|-0,206|-1,953|-1148,234|0|1|0|-0,2|0|6|0|1
87,677|-1,035|-1,953|-1148,847|0|0,9|0|-0,4|0|6|0|1
87,852|-1,57|-1,953|-1148,857|0|-0,8|0|0,6|0|0|0|1
88,027|-1,299|-1,953|-1148,891|0|1|0|0|0|5|0|1
88,202|-0,286|-1,953|-1148,998|0|0,8|0|0,6|0|6|0|1
88,377|0,758|-1,953|-1149,106|0|0,8|0|0,7|0|6|0|1
88,552|1,802|-1,953|-1149,215|0|0,7|0|0,7|0|6|0|1
88,727|2,169|-1,953|-1149,253|0|0,7|0|0,7|0|3|0|1
88,902|1,293|-1,953|-1149,162|0|-0,8|0|0,5|0|6|0|1
89,077|0,251|-1,953|-1149,053|0|-0,7|0|0,7|0|3|0|1
89,252|0,09|-1,953|-1149,036|0|-0,7|0|0,7|0|0|0|1
89,427|0,087|-1,953|-1149,036|0|-0,7|0|0,7|0|0|0|1
89,602|-0,59|-1,953|-1148,966|0|-0,7|0|0,7|0|6|0|1
89,777|-1,511|-1,953|-1148,87|0|-0,7|0|0,7|0|1|0|1
89,952|-1,526|-1,953|-1149,121|0|0,9|0|-0,3|0|5|0|1
90,127|-0,987|-1,953|-1149,828|0|1|0|0,2|0|1|0|1
90,303|-0,942|-1,953|-1149,883|0|1|0|0,2|0|0|0|1
90,478|-0,942|-1,953|-1149,884|0|1|0|0,2|0|0|0|1
90,653|-0,942|-1,953|-1149,884|0|1|0|0,2|0|0|0|1
90,828|-0,942|-1,953|-1149,884|0|1|0|0,2|0|3|0|1
91,003|-0,815|-1,953|-1150,762|0|1|0|0,1|0|6|0|1
91,178|-0,627|-1,953|-1151,792|0|1|0|0,1|0|6|0|1
91,353|-0,419|-1,09|-1152,771|0|1|0|0,1|0|8|6|1
91,528|-0,191|-0,425|-1153,828|0|1|0|0,1|1|7|2|1
91,703|0,058|0,008|-1154,983|0|1|0|0,1|1|7|3|1
91,878|0,308|0,471|-1156,139|0|1|0|0,1|1|7|3|1
92,053|0,558|0,9|-1157,294|0|1|0|0,1|1|7|3|1
92,228|0,807|1,366|-1158,449|0|1|0|0,1|1|7|2|1
92,403|1,057|1,842|-1159,605|0|1|0|0,1|1|7|2|1
92,578|1,307|2,276|-1160,76|0|1|0|0,1|1|7|3|1
92,753|1,557|2,746|-1161,916|0|1|0|0,1|1|7|3|1
92,928|1,802|3,082|-1163,047|0|1|0|0,1|0|6|-1|1
93,103|2,018|2,541|-1164,049|0|1|0|0,1|0|9|-6|1
93,278|2,219|1,124|-1165,042|0|1|0|0,1|1|11|-8|1
93,453|2,394|0,137|-1166,211|0|1|0|0,1|1|7|-2|1
93,628|2,499|0,241|-1167,388|0|1|0|0|1|7|3|1
93,803|2,562|0,69|-1168,569|0|1|0|0|1|7|3|1
93,978|2,572|1,165|-1169,751|0|1|0|0|1|7|2|1
94,153|2,537|1,599|-1170,933|0|1|0|0|1|8|4|1
94,328|2,482|2,027|-1172,105|0|1|0|0|0|6|0|1
94,503|2,428|1,559|-1173,147|0|1|0|0|0|8|-6|1
94,678|2,373|0,444|-1174,226|0|1|0|0|1|8|-4|1
94,853|2,328|0,226|-1175,407|0|1|0|0|1|7|2|1
95,028|2,29|0,651|-1176,589|0|1|0|0|1|7|3|1
95,203|2,255|1,104|-1177,771|0|1|0|0|1|8|3|1
95,378|2,22|1,555|-1178,952|0|1|0|0|1|7|3|1
95,553|2,186|2,019|-1180,134|0|1|0|0|1|7|2|1
95,728|2,152|2,482|-1181,316|0|1|0|0|1|8|3|1
95,903|2,118|2,938|-1182,497|0|1|0|0|1|7|3|1
96,078|2,068|3,387|-1183,678|0|1|0|0|1|7|3|1
96,253|1,994|3,863|-1184,858|0|1|0|0|1|7|2|1
96,428|1,915|4,107|-1185,989|0|1|0|0|0|6|-2|1
96,603|1,844|3,417|-1187,002|0|1|0|0|0|9|-7|1
96,778|1,784|1,875|-1188,013|0|1|0|0|0|13|-11|1
96,953|1,745|-0,379|-1189,026|0|1|0|0|0|16|-15|1
97,128|1,741|-1,953|-1190,049|0|1|0|0|0|6|0|1
97,303|1,767|-1,953|-1191,098|0|1|0|0|0|6|0|1
97,478|1,796|-1,953|-1192,148|0|1|0|0|0|6|0|1
97,653|1,826|-1,953|-1193,197|0|1|0|0|0|6|0|1
97,828|1,856|-1,953|-1194,247|0|1|0|0|0|6|0|1
98,003|1,887|-1,953|-1195,297|0|1|0|0|0|6|0|1
98,178|1,904|-1,953|-1196,347|0|1|0|0|0|6|0|1
98,353|1,882|-1,953|-1197,396|0|1|0|0|0|6|0|1
98,528|1,83|-1,953|-1198,445|0|1|0|0|0|6|0|1
98,703|1,77|-1,953|-1199,494|0|1|0|0|0|6|0|1
98,878|1,711|-1,953|-1200,542|0|1|0|0|0|12|10|1
99,053|1,653|-0,698|-1201,561|0|1|0|0|0|6|3|1
99,228|1,583|-0,185|-1202,707|0|1|0|0|1|7|2|1
99,403|1,505|0,252|-1203,887|0|1|0|0|1|7|2|1
99,578|1,403|0,68|-1205,065|0|1|0|-0,1|1|7|3|1
99,753|1,239|1,148|-1206,235|0|1|0|-0,1|1|7|2|1
99,929|0,988|1,569|-1207,39|0|1|0|-0,1|1|7|3|1
100,104|0,646|2,082|-1208,521|0|1|0|-0,2|0|7|2|1
100,279|0,274|2,014|-1209,523|0|1|0|-0,2|0|7|-4|1
100,454|-0,131|1,011|-1210,451|0|1|0|-0,2|0|5|0|1
100,629|-0,974|1,013|-1210,279|0|-0,6|0|0,8|0|6|0|1
100,804|-1,849|1,919|-1209,734|0|-0,5|0|0,9|0|8|6|1
100,979|-2,764|2,585|-1209,158|0|-0,5|0|0,9|1|7|2|1
101,154|-3,782|3,018|-1208,557|0|-0,5|0|0,9|1|7|3|1
101,329|-4,925|3,481|-1208,402|0|-0,8|0|0,6|1|7|3|1
101,504|-5,829|3,91|-1209,101|0|1|0|-0,1|1|7|3|1
101,679|-6,147|4,376|-1210,231|0|1|0|0|1|7|2|1
101,854|-5,713|4,852|-1211,306|0|0,9|0|0,4|1|7|2|1
102,029|-4,731|5,285|-1211,909|0|0,7|0|0,7|1|7|3|1
102,204|-3,636|5,755|-1212,03|0|0,7|0|0,8|1|6|3|1
102,379|-2,719|5,862|-1212,131|0|0,7|0|0,8|0|6|-3|1
102,554|-1,99|4,987|-1212,163|0|0,1|0|1|0|2|0|1
102,729|-2,363|4,943|-1212,356|0|-0,6|0|0,8|0|1|0|1
102,904|-2,531|4,943|-1212,421|0|-0,7|0|0,7|0|5|0|1
103,079|-3,444|4,943|-1212,775|0|-0,8|0|0,6|0|6|0|1
103,254|-3,521|4,943|-1212,803|0|-0,2|0|1|0|5|0|1
103,429|-2,619|5,849|-1212,373|0|0,4|0|0,9|0|8|6|1
103,604|-1,666|6,515|-1211,862|0|0,5|0|0,9|1|7|2|1
103,779|-0,569|6,948|-1211,456|0|0,7|0|0,7|1|7|3|1
103,954|0,609|7,411|-1211,509|0|0,8|0|0,6|1|7|3|1
104,129|1,77|7,84|-1211,729|0|0,8|0|0,6|1|7|3|1
104,304|2,92|8,306|-1212,002|0|0,8|0|0,6|1|7|2|1
104,479|3,963|8,189|-1212,358|0|0,9|0|0,4|0|7|-4|1
104,654|4,786|7,372|-1212,946|0|1|0|0,3|0|6|0|1
104,829|5,355|7,373|-1213,812|0|1|0|0,3|0|6|0|1
105,004|5,877|8,482|-1214,698|0|1|0|0,3|0|7|4|1
105,179|6,442|9,024|-1215,658|0|1|0|0,3|1|8|3|1
105,354|7,041|9,476|-1216,677|0|1|0|0,3|1|7|3|1
105,529|7,26|9,958|-1217,288|0|1|0|0,3|1|6|2|1
105,704|7,781|10,405|-1218,276|0|0,9|0|0,4|0|6|1|1
105,879|8,548|10,157|-1218,986|0|0,8|0|0,5|0|7|-5|1
106,054|8,969|9,963|-1219,341|0|0,9|0|0,4|0|0|0|1
106,229|8,979|9,963|-1219,35|0|0,9|0|0,4|0|0|0|1
106,404|8,979|10,313|-1219,35|0|0,9|0|0,4|0|8|8|1
106,579|8,979|11,318|-1219,35|0|0,9|0|0,4|1|3|3|1
106,754|8,979|11,8|-1219,35|0|0,9|0|0,4|1|3|3|1
106,929|8,979|12,246|-1219,35|0|0,9|0|0,4|1|4|3|1
107,104|8,601|12,694|-1220,063|0|1|0|-0,1|1|7|3|1
107,279|7,99|13,124|-1221,074|0|1|0|-0,3|1|7|3|1
107,454|7,271|13,585|-1222,012|0|0,9|0|-0,4|1|7|3|1
107,629|6,538|14,068|-1222,835|0|0,9|0|-0,4|1|6|3|1
107,804|5,925|14,516|-1223,524|0|0,9|0|-0,4|0|5|1|1
107,979|5,324|14,289|-1224,167|0|0,9|0|-0,4|0|6|-5|1
108,154|4,84|13,383|-1224,692|0|1|0|0|0|2|0|1
108,329|5,134|13,383|-1224,551|0|0,9|0|0,5|0|3|0|1
108,504|4,858|13,383|-1223,709|0|0,1|0|1|0|6|0|1
108,679|4,712|14,492|-1222,695|0|0|0|1|0|7|4|1
108,854|4,586|15,034|-1221,587|0|0|0|1|1|8|3|1
109,03|4,471|15,486|-1220,411|0|0|0|1|1|7|3|1
109,205|4,362|15,957|-1219,242|0|0|0|1|1|7|2|1
109,38|4,179|16,377|-1218,371|0|-0,6|0|0,8|1|4|3|1
109,555|3,348|16,807|-1218,54|0|-0,8|0|0,5|1|7|3|1
109,73|2,235|17,301|-1218,938|0|-0,8|0|0,6|1|8|3|1
109,905|1,178|17,44|-1219,348|0|-0,8|0|0,6|0|6|-3|1
110,08|0,289|16,671|-1219,697|0|-0,8|0|0,6|0|5|0|1
110,255|-0,627|16,673|-1219,393|0|-0,7|0|0,8|0|6|0|1
110,43|-1,646|16,673|-1219,562|0|-0,8|0|0,6|0|6|0|1
110,605|-2,505|16,673|-1219,921|0|-0,8|0|0,6|0|1|0|1
110,78|-2,571|16,673|-1219,951|0|-0,8|0|0,6|0|0|0|1
110,955|-2,571|16,673|-1219,951|0|-0,8|0|0,6|0|0|0|1
111,13|-2,571|16,673|-1219,951|0|-0,8|0|0,6|0|3|0|1
111,305|-1,798|16,673|-1219,654|0|0,4|0|0,9|0|6|0|1
111,48|-0,771|16,673|-1219,812|0|0,7|0|0,7|0|6|0|1
111,655|0,246|17,579|-1220,005|0|0,8|0|0,6|0|8|6|1
111,83|1,188|18,245|-1220,508|0|1|0|0,3|1|7|2|1
112,005|1,914|18,678|-1221,407|0|1|0|0,2|1|7|3|1
112,18|2,505|19,141|-1222,202|0|1|0|0,2|1|6|3|1
112,355|2,943|19,57|-1222,887|0|1|0|0|1|5|3|1
112,53|2,377|20,036|-1223,726|0|0,9|0|-0,5|1|7|2|1
112,705|1,364|20,512|-1224,329|0|-0,8|0|0,6|1|7|2|1
112,88|0,569|20,945|-1224,762|0|-0,1|0|1|1|4|3|1
113,055|1,065|21,415|-1225,32|0|0,7|0|0,7|1|7|3|1
113,23|2,193|21,907|-1225,564|0|0,5|0|0,8|0|7|2|1
113,405|3,246|21,895|-1225,4|0|0,5|0|0,9|0|7|-4|1
113,58|4,127|21,048|-1225,264|0|0,5|0|0,9|0|2|0|1
113,755|4,254|21,05|-1225,244|0|0,5|0|0,9|0|0|0|1
113,93|4,256|21,05|-1225,243|0|0,5|0|0,9|0|0|0|1
114,105|4,183|21,05|-1225,151|0|0,3|0|1|0|5|0|1
114,28|3,787|21,4|-1224,325|0|0|0|1|0|10|8|1
114,455|3,803|22,405|-1223,312|0|0|0|1|1|7|3|1
114,63|3,796|22,887|-1222,136|0|-0,1|0|1|1|7|3|1
114,805|3,31|23,333|-1221,063|0|-0,3|0|1|1|8|3|1
114,98|2,639|23,781|-1220,091|0|-0,3|0|0,9|1|7|3|1
115,155|1,966|24,21|-1219,122|0|-0,2|0|1|1|7|3|1
115,33|2,188|24,671|-1218,009|0|0,4|0|0,9|1|7|3|1
115,505|3,168|25,154|-1217,382|0|0,7|0|0,7|1|7|3|1
115,68|4,308|25,602|-1217,498|0|0,9|0|0,4|1|8|3|1
115,855|5,285|26,062|-1218,161|0|0,9|0|0,5|1|7|3|1
116,03|6,268|26,093|-1218,659|0|0,8|0|0,5|0|7|-3|1
116,205|6,886|25,74|-1218,967|0|0,8|0|0,5|0|0|0|1
116,38|7,196|25,74|-1219,004|0|0,8|0|0,6|0|5|0|1
116,555|8,09|25,74|-1218,652|0|0,5|0|0,9|0|5|0|1
116,73|8,877|25,74|-1218,129|0|0,4|0|0,9|0|3|0|1
116,905|8,956|25,721|-1217,996|0|0,4|0|0,9|0|0|0|1
117,08|8,978|25,743|-1218,279|0|0,8|0|0,6|0|5|0|1
117,255|8,708|25,74|-1219,181|0|1|0|-0,1|0|5|0|1
117,43|7,844|25,74|-1219,365|0|-0,8|0|0,6|0|1|0|1
117,605|7,774|25,74|-1219,373|0|-0,8|0|0,6|0|3|0|1
117,78|6,9|25,74|-1219,219|0|-0,7|0|0,7|0|12|10|1
117,955|5,959|26,995|-1218,955|0|-0,6|0|0,8|0|6|3|1
118,13|5,17|27,507|-1218,732|0|-0,6|0|0,8|1|5|2|1
118,305|4,51|27,944|-1218,546|0|-0,6|0|0,8|1|4|2|1
118,48|3,958|28,373|-1218,39|0|-0,6|0|0,8|1|4|3|1
118,656|3,496|28,84|-1218,26|0|-0,6|0|0,8|1|3|2|1
118,831|3,501|29,262|-1217,736|0|0,1|0|1|1|7|3|1
119,006|4,192|29,774|-1216,78|0|0,4|0|0,9|1|7|2|1
119,181|4,648|30,211|-1215,697|0|0,1|0|1|1|7|2|1
119,356|4,421|30,652|-1214,554|0|-0,3|0|1|1|7|3|1
119,531|3,702|31,095|-1213,661|0|-0,6|0|0,8|0|6|0|1
119,706|2,834|30,726|-1213,123|0|-0,6|0|0,8|0|2|0|1
119,881|2,704|30,73|-1213,045|0|-0,6|0|0,8|0|0|0|1
120,056|2,908|30,73|-1212,844|0|-0,1|0|1|0|5|0|1
120,231|3,526|30,73|-1212,191|0|0,2|0|1|0|1|0|1
120,406|3,119|30,73|-1211,987|0|-0,3|0|0,9|0|6|0|1
120,581|2,578|30,73|-1211,856|0|-0,5|0|0,9|0|0|0|1
120,756|2,564|31,384|-1211,853|0|-0,5|0|0,9|0|7|7|1
120,931|2,44|32,175|-1211,977|0|-0,8|0|0,6|1|6|4|1
121,106|1,715|32,674|-1212,781|0|0,9|0|-0,4|1|7|2|1
121,281|0,928|33,128|-1213,663|0|0,9|0|-0,4|1|7|2|1
121,456|0,031|33,567|-1214,43|0|0,9|0|-0,5|1|7|2|1
121,631|-1,008|33,988|-1214,988|0|-0,8|0|0,6|1|7|3|1
121,806|-2,135|34,442|-1215,341|0|-0,8|0|0,6|1|8|4|1
121,981|-3,298|34,941|-1215,553|0|-0,7|0|0,7|1|7|2|1
122,156|-4,474|35,401|-1215,668|0|-0,7|0|0,7|1|7|2|1
122,331|-5,653|35,834|-1215,671|0|-0,6|0|0,8|1|8|4|1
122,506|-6,713|36,344|-1215,165|0|-0,4|0|0,9|0|7|2|1
122,681|-7,688|36,242|-1214,735|0|-0,8|0|0,6|0|7|-4|1
122,856|-8,656|35,192|-1214,653|0|-0,8|0|0,5|0|5|0|1
123,031|-8,964|35,06|-1214,632|0|-0,8|0|0,5|0|0|0|1
123,206|-8,571|35,41|-1214,896|0|1|0|0,1|0|10|8|1
123,381|-7,704|36,415|-1215,42|0|0,9|0|0,4|1|7|3|1
123,556|-6,951|36,897|-1216,314|0|1|0|0,2|1|7|3|1
123,731|-6,678|37,343|-1217,458|0|1|0|0|1|8|3|1
123,906|-6,713|37,791|-1218,638|0|1|0|-0,1|1|7|3|1
124,081|-6,882|38,22|-1219,808|0|1|0|-0,1|1|7|3|1
124,256|-6,67|38,682|-1220,961|0|1|0|0,2|1|7|3|1
124,431|-6,245|39,164|-1222,059|0|1|0|0,1|1|7|3|1
124,606|-6,231|39,612|-1223,238|0|1|0|-0,1|1|6|4|1
124,781|-6,345|40,165|-1224,136|0|0,9|0|-0,4|1|7|2|1
124,956|-7,126|40,561|-1225,008|0|0,9|0|-0,4|0|6|0|1
125,131|-7,744|40,216|-1225,833|0|1|0|-0,2|0|7|-5|1
125,306|-8,026|39,93|-1226,237|0|1|0|-0,2|0|0|0|1
125,481|-8,245|39,93|-1226,059|0|-0,8|0|0,6|0|5|0|1
125,656|-8,939|39,93|-1225,893|0|-0,7|0|0,7|0|0|0|1
125,831|-8,97|39,93|-1225,89|0|-0,7|0|0,7|0|0|0|1
126,006|-8,426|39,93|-1225,556|0|0,8|0|0,6|0|12|10|1
126,181|-7,682|41,185|-1224,865|0|0,5|0|0,9|0|6|3|1
126,356|-6,814|41,697|-1224,112|0|0,4|0|0,9|1|7|2|1
126,531|-5,887|42,134|-1223,38|0|0,5|0|0,9|1|7|2|1
126,706|-4,928|42,563|-1222,688|0|0,5|0|0,9|1|7|3|1
126,881|-3,915|43,03|-1222,081|0|0,5|0|0,8|1|7|2|1
127,056|-2,829|43,452|-1221,616|0|0,6|0|0,8|1|7|3|1
127,231|-1,687|43,964|-1221,315|0|0,6|0|0,8|1|7|2|1
127,406|-0,513|44,401|-1221,234|0|0,8|0|0,6|1|7|2|1
127,581|0,514|44,842|-1221,793|0|0,9|0|0,4|1|7|3|1
127,756|1,313|45,364|-1222,661|0|1|0|0,3|1|7|2|1
127,931|2,014|45,797|-1223,614|0|1|0|0,3|1|8|4|1
128,106|2,679|46,295|-1224,591|0|1|0|0,3|1|7|2|1
128,282|3,267|46,177|-1225,477|0|1|0|0,3|0|7|-4|1
128,457|3,886|45,114|-1226,164|0|0,7|0|0,7|0|6|0|1
128,632|4,745|45,08|-1226,726|0|0,9|0|0,5|0|5|0|1
128,807|4,555|45,072|-1227,566|0|1|0|-0,2|0|6|0|1
128,982|3,639|45,955|-1228,01|0|-0,8|0|0,6|0|8|6|1
129,157|2,573|46,62|-1228,114|0|-0,6|0|0,8|1|7|2|1
129,332|1,435|47,053|-1227,803|0|-0,5|0|0,8|1|7|3|1
129,507|0,33|47,516|-1227,383|0|-0,6|0|0,8|1|7|3|1
129,682|-0,829|47,945|-1227,319|0|-0,8|0|0,6|1|7|3|1
129,857|-1,882|48,411|-1227,832|0|0,9|0|-0,3|1|7|2|1
130,032|-2,384|48,887|-1228,877|0|1|0|0,1|1|7|2|1
130,207|-2,031|49,32|-1229,988|0|0,9|0|0,4|1|7|3|1
130,382|-1,295|49,79|-1230,912|0|0,9|0|0,4|1|7|3|1
130,557|-0,535|50,282|-1231,809|0|1|0|0,2|1|7|2|1
130,732|-0,12|50,263|-1232,831|0|1|0|0,1|0|7|-4|1
130,907|0,208|49,283|-1233,694|0|1|0|0,1|0|10|-8|1
131,082|0,413|48,433|-1234,235|0|1|0|0,1|0|0|0|1
131,257|0,421|48,433|-1234,257|0|1|0|0,1|0|0|0|1
131,432|0,421|48,433|-1234,257|0|1|0|0,1|0|0|0|1
131,607|0,421|48,433|-1234,257|0|1|0|0,1|0|0|0|1
131,782|0,421|48,433|-1234,257|0|1|0|0,1|0|0|0|1
131,957|0,421|48,433|-1234,257|0|1|0|0,1|0|0|0|1
132,132|0,421|48,433|-1234,257|0|1|0|0,1|0|0|0|1
132,307|0,421|48,433|-1234,257|0|1|0|0,1|0|0|0|1
132,482|0,258|48,433|-1234,917|0|1|0|-0,1|0|6|0|1
132,657|0,154|48,433|-1235,265|0|1|0|-0,1|0|0|0|1
132,832|0,153|48,433|-1235,271|0|1|0|-0,1|0|0|0|1
133,007|0,153|48,433|-1235,271|0|1|0|-0,1|0|0|0|1
133,182|0,153|48,433|-1235,271|0|1|0|-0,1|0|0|0|1
133,357|0,153|48,433|-1235,271|0|1|0|-0,1|0|0|0|1
133,532|0,153|48,433|-1235,271|0|1|0|-0,1|0|0|0|1
133,707|0,153|48,433|-1235,271|0|1|0|-0,1|0|0|0|1