0|0,018|49,41|-1235,33|0|1|0|0|0|1|-1|1
0,175|0,018|48,818|-1235,33|0|1|0|0|0|7|-7|1
0,35|0,018|48,433|-1235,33|0|1|0|0|0|0|0|1
0,525|0,018|48,433|-1235,33|0|1|0|0|0|0|0|1
0,7|0,018|48,433|-1235,33|0|1|0|0|0|0|0|1
0,875|0,018|48,433|-1235,33|0|1|0|0|0|0|0|1
1,05|0,018|48,433|-1235,33|0|1|0|0|0|0|0|1
1,225|-0,015|48,433|-1235,443|0|1|0|0|0|5|0|1
1,4|-0,232|48,433|-1236,395|0|1|0|-0,1|0|6|0|1
1,575|-0,331|48,433|-1237,438|0|1|0|0|0|6|0|1
1,75|-0,354|48,783|-1238,488|0|1|0|0|0|10|8|1
1,925|-0,371|49,788|-1239,501|0|1|0|0|1|7|3|1
2,1|-0,391|50,216|-1240,961|0|1|0|0|0|10|0|1
2,275|-0,41|49,763|-1242,978|0|1|0|0|1|14|-4|1
2,45|-0,434|49,448|-1245,455|0|1|0|0|1|16|1|1
2,625|-0,463|49,817|-1248,315|0|1|0|0|1|18|3|1
2,8|-0,495|50,144|-1251,496|0|1|0|0|0|19|-1|1
2,975|-0,525|49,461|-1254,947|0|1|0|0|0|22|-7|1
3,15|-0,555|47,79|-1258,623|0|1|0|0|0|25|-13|1
3,325|-0,588|46,078|-1262,487|0|1|0|0|1|23|-6|1
3,5|-0,625|45,441|-1266,509|0|1|0|0|1|23|0|1
3,675|-0,665|45,463|-1270,662|0|1|0|0|0|24|-3|1
3,85|-0,701|44,596|-1274,926|0|1|0|0|0|26|-8|1
4,025|-0,731|42,789|-1279,183|0|1|0|0|0|26|-13|1
4,2|-0,418|40,297|-1282,82|0|0,8|0|0,6|0|25|-16|1
4,375|0,315|37,248|-1285,796|0|0,7|0|0,7|0|25|-19|1
4,55|0,987|33,731|-1288,274|0|0,7|0|0,7|0|25|-21|1
4,725|1,545|30,147|-1290,009|0|0,1|0|1|0|1|0|1
4,9|1,194|30,147|-1289,684|0|-0,4|0|0,9|0|6|0|1
5,075|0,165|30,147|-1289,68|0|-0,7|0|0,7|0|6|0|1
5,25|-0,121|30,147|-1290,51|0|1|0|-0,2|0|6|0|1
5,425|0,023|30,147|-1291,544|0|1|0|0|0|6|0|1
5,6|0,263|30,147|-1292,566|0|1|0|0,1|0|6|0|1
5,775|0,513|30,147|-1293,586|0|1|0|0,1|0|6|0|1
5,95|0,712|30,147|-1294,616|0|1|0|0,1|0|6|0|1
6,125|0,742|30,801|-1295,657|0|1|0|0|0|9|7|1
6,3|0,711|31,592|-1296,703|0|1|0|0|1|8|4|1
6,475|0,626|32,091|-1297,882|0|1|0|-0,1|1|7|2|1
6,65|0,497|32,546|-1299,057|0|1|0|-0,1|1|7|2|1
6,825|0,362|32,467|-1300,151|0|1|0|-0,1|0|7|-4|1
7|0,225|31,677|-1301,223|0|1|0|-0,1|1|7|-2|1
7,175|0,073|31,732|-1302,396|0|1|0|-0,1|1|8|4|1
7,35|0,021|32,231|-1303,569|0|1|0|0,1|1|7|2|1
7,525|0,615|32,68|-1304,555|0|0,8|0|0,5|1|7|2|1
7,7|1,593|32,588|-1305,063|0|0,7|0|0,7|0|7|-4|1
7,875|2,562|31,547|-1305,356|0|0,7|0|0,7|0|11|-9|1
8,05|3,557|29,711|-1305,546|0|0,7|0|0,7|1|13|-11|1
8,225|4,649|28,373|-1305,964|0|0,9|0|0,4|1|8|-4|1
8,4|5,245|28,183|-1306,962|0|1|0|0,1|1|7|2|1
8,575|5,2|28,632|-1308,11|0|0,9|0|-0,4|1|7|3|1
8,75|4,256|29,124|-1308,781|0|-0,7|0|0,7|1|7|2|1
8,925|3,186|29,546|-1309,269|0|0,9|0|-0,5|1|7|3|1
9,1|2,235|29,99|-1309,97|0|0,9|0|-0,4|1|7|2|1
9,275|1,332|30,407|-1310,733|0|0,9|0|-0,4|1|7|3|1
9,45|0,68|30,868|-1311,7|0|1|0|-0,1|1|7|2|1
9,625|0,45|31,27|-1312,853|0|1|0|0,1|1|7|3|1
9,8|0,833|31,729|-1313,961|0|1|0|0,3|1|7|3|1
9,975|1,505|32,216|-1314,933|0|0,9|0|0,3|1|7|2|1
10,15|2,259|32,645|-1315,843|0|0,9|0|0,4|1|7|3|1
10,325|3,038|33,113|-1316,732|0|0,9|0|0,4|1|7|2|1
10,5|3,616|33,308|-1317,702|0|1|0|0,1|0|6|-2|1
10,675|3,891|32,577|-1318,679|0|1|0|0|1|8|-5|1
10,85|3,985|32,164|-1319,856|0|1|0|0|1|7|1|1
11,025|3,971|32,585|-1321,038|0|1|0|0|1|7|2|1
11,2|3,924|32,894|-1322,195|0|1|0|0|0|6|-1|1
11,375|3,854|32,326|-1323,218|0|1|0|-0,1|0|9|-6|1
11,55|3,743|30,886|-1324,225|0|1|0|-0,1|0|12|-11|1
11,725|3,605|28,717|-1325,229|0|1|0|-0,1|0|16|-15|1
11,9|3,45|25,937|-1326,23|0|1|0|-0,1|0|19|-18|1
12,075|3,264|25,047|-1327,243|0|1|0|-0,1|0|6|0|1
12,25|2,882|25,047|-1328,153|0|1|0|-0,3|0|6|0|1
12,425|2,032|25,047|-1328,754|0|0,9|0|-0,4|0|6|0|1
12,6|1,167|25,047|-1329,349|0|0,9|0|-0,5|0|6|0|1
12,775|0,309|25,047|-1329,955|0|0,9|0|-0,5|0|6|0|1
12,95|-0,546|25,047|-1330,565|0|0,9|0|-0,5|0|6|0|1
13,125|-1,4|25,047|-1331,174|0|0,9|0|-0,5|0|6|0|1
13,3|-2,255|25,047|-1331,784|0|0,9|0|-0,5|0|6|0|1
13,475|-2,668|25,047|-1332,67|0|1|0|-0,2|0|6|0|1
13,65|-2,845|25,047|-1333,703|0|1|0|-0,1|0|6|0|1
13,825|-3,019|25,047|-1334,739|0|1|0|-0,1|0|6|0|1
14|-3,192|25,047|-1335,774|0|1|0|-0,1|0|6|0|1
14,175|-3,365|25,047|-1336,81|0|1|0|-0,1|0|6|0|1
14,35|-3,539|25,047|-1337,846|0|1|0|-0,1|0|6|0|1
14,525|-3,711|25,701|-1338,874|0|1|0|-0,1|0|9|7|1
14,7|-3,883|26,492|-1339,907|0|1|0|-0,1|1|8|4|1
14,875|-4,078|26,991|-1341,073|0|1|0|-0,1|1|7|2|1
15,05|-4,272|27,446|-1342,238|0|1|0|-0,1|1|7|2|1
15,225|-4,466|27,884|-1343,405|0|1|0|-0,1|1|7|2|1
15,4|-4,66|28,305|-1344,571|0|1|0|-0,1|1|7|3|1
15,575|-4,851|28,759|-1345,737|0|1|0|-0,1|1|8|4|1
15,75|-5,041|29,259|-1346,904|0|1|0|-0,1|0|7|2|1
15,925|-5,211|29,148|-1347,959|0|1|0|-0,1|0|7|-4|1
16,1|-5,372|28,091|-1348,959|0|1|0|-0,1|0|11|-9|1
16,275|-5,534|26,242|-1349,96|0|1|0|-0,1|0|14|-13|1
16,45|-5,67|25,198|-1350,958|0|1|0|-0,1|0|6|1|1
16,625|-5,61|25,428|-1351,973|0|1|0|0,1|0|6|1|1
16,8|-5,118|25,651|-1352,849|0|1|0|0,3|0|6|1|1
16,975|-4,272|25,827|-1353,431|0|0,9|0|0,5|0|12|10|1
17,15|-3,362|27,082|-1353,887|0|0,8|0|0,5|0|6|3|1
17,325|-2,309|27,595|-1354,345|0|0,8|0|0,6|1|7|2|1
17,5|-1,205|28,031|-1354,769|0|0,8|0|0,6|1|7|2|1
17,675|-0,095|28,46|-1355,175|0|0,8|0|0,6|1|7|3|1
17,85|1,017|28,927|-1355,575|0|0,8|0|0,6|1|7|2|1
18,025|2,13|29,349|-1355,974|0|0,8|0|0,6|1|7|3|1
18,2|3,243|29,862|-1356,369|0|0,8|0|0,6|1|7|2|1
18,375|4,421|30,298|-1356,439|0|0,7|0|0,7|1|7|2|1
18,55|5,602|30,739|-1356,488|0|0,7|0|0,7|1|7|3|1
18,725|6,692|30,804|-1356,651|0|0,8|0|0,6|0|7|-3|1
18,9|7,668|29,894|-1356,918|0|0,9|0|0,5|0|10|-8|1
19,075|8,578|28,596|-1357,357|0|0,9|0|0,4|0|6|1|1
19,25|8,737|28,787|-1358,194|0|1|0|0|0|6|1|1
19,425|7,971|28,919|-1358,852|0|0,9|0|-0,4|0|6|1|1
19,6|7,061|30,045|-1359,325|0|-0,9|0|0,5|0|7|4|1
19,775|6,068|30,588|-1359,831|0|-0,9|0|0,5|1|8|3|1
19,95|5,012|31,039|-1360,363|0|-0,9|0|0,5|1|7|3|1
20,125|3,957|31,51|-1360,895|0|-0,9|0|0,5|1|7|2|1
20,3|2,842|31,931|-1361,248|0|-0,7|0|0,7|1|7|3|1
20,475|1,666|32,36|-1361,153|0|-0,6|0|0,8|1|7|3|1
20,65|0,489|32,855|-1361,066|0|-0,7|0|0,7|1|8|3|1
20,825|-0,655|33,307|-1361,341|0|-0,8|0|0,5|1|7|3|1
21|-1,708|33,787|-1361,876|0|0,9|0|-0,5|1|7|2|1
21,175|-2,658|34,252|-1362,578|0|0,9|0|-0,4|1|8|3|1
21,35|-3,353|34,713|-1363,51|0|1|0|-0,1|1|7|3|1
21,525|-3,507|35,195|-1364,677|0|1|0|0,1|1|7|3|1
21,7|-3,397|35,64|-1365,853|0|1|0|0,1|1|8|3|1
21,875|-3,179|36,083|-1367,015|0|1|0|0,1|1|7|3|1
22,05|-2,916|36,512|-1368,167|0|1|0|0,1|1|7|3|1
22,225|-2,624|36,929|-1369,304|0|1|0|0,1|0|6|0|1
22,4|-2,338|36,578|-1370,307|0|1|0|0,2|0|8|-5|1
22,575|-2,204|36,269|-1371,258|0|1|0|0|0|6|2|1
22,75|-2,035|36,661|-1372,198|0|1|0|0,1|0|6|2|1
22,925|-2,022|37,058|-1373,15|0|1|0|0|0|6|2|1
23,1|-1,72|37,441|-1374,072|0|1|0|0,2|0|6|2|1
23,275|-1,168|37,783|-1374,892|0|1|0|0,3|0|6|2|1
23,45|-0,323|37,947|-1375,287|0|0,8|0|0,6|0|6|0|1
23,625|0,498|37,778|-1374,88|0|0,5|0|0,9|0|11|10|1
23,8|1,024|39,032|-1374,023|0|0,2|0|1|0|6|3|1
23,975|1,461|39,545|-1372,964|0|0,1|0|1|1|7|2|1
24,15|1,5|39,982|-1371,805|0|-0,2|0|1|1|7|2|1
24,325|0,954|40,411|-1370,761|0|-0,3|0|0,9|1|7|3|1
24,5|0,224|40,878|-1369,832|0|-0,4|0|0,9|1|7|2|1
24,675|-0,56|41,299|-1368,948|0|-0,4|0|0,9|1|7|3|1
24,85|-1,361|41,812|-1368,078|0|-0,4|0|0,9|1|7|2|1
25,025|-2,166|42,249|-1367,212|0|-0,4|0|0,9|1|7|2|1
25,2|-2,93|42,69|-1366,314|0|-0,2|0|1|1|7|3|1
25,375|-3,255|43,211|-1365,184|0|0|0|1|1|7|2|1
25,55|-3,308|43,644|-1364,004|0|0|0|1|1|8|4|1
25,725|-3,274|44,143|-1362,823|0|0|0|1|1|7|2|1
25,9|-3,212|44,595|-1361,642|0|0|0|1|1|7|2|1
26,075|-3,437|45,03|-1360,498|0|-0,3|0|1|1|7|2|1
26,25|-4,015|45,372|-1359,496|0|-0,3|0|1|0|6|-1|1
26,425|-4,232|45,377|-1358,593|0|0,1|0|1|0|6|2|1
26,6|-3,743|45,7|-1357,742|0|0,3|0|1|0|6|2|1
26,775|-3,038|45,976|-1357,017|0|0,4|0|0,9|0|6|1|1
26,95|-2,276|46,233|-1356,342|0|0,4|0|0,9|0|6|1|1
27,125|-1,513|46,489|-1355,669|0|0,4|0|0,9|0|6|1|1
27,3|-0,75|47,498|-1354,997|0|0,4|0|0,9|0|8|6|1
27,475|0,06|48,163|-1354,282|0|0,4|0|0,9|1|7|2|1
27,65|0,947|48,596|-1353,5|0|0,4|0|0,9|1|7|3|1
27,825|1,834|49,059|-1352,718|0|0,4|0|0,9|1|7|3|1
28|2,725|49,488|-1351,942|0|0,4|0|0,9|1|7|3|1
28,175|3,638|49,954|-1351,191|0|0,4|0|0,9|1|7|2|1
28,35|4,576|50,43|-1350,472|0|0,5|0|0,9|1|7|2|1
28,525|5,54|50,863|-1349,787|0|0,5|0|0,9|1|7|3|1
28,7|6,509|51,175|-1349,154|0|0,5|0|0,9|0|6|-1|1
28,875|7,386|50,557|-1348,623|0|0,5|0|0,9|0|9|-7|1
29,05|8,158|50,448|-1348,078|0|0,4|0|0,9|0|6|2|1
29,225|8,799|50,818|-1347,347|0|0,4|0|0,9|0|6|2|1
29,4|9,688|51,156|-1346,942|0|0,6|0|0,8|0|6|2|1
29,575|10,698|51,419|-1346,907|0|0,7|0|0,7|0|6|1|1
29,75|11,719|51,657|-1346,968|0|0,7|0|0,7|0|6|1|1
29,925|12,728|52,81|-1347,103|0|0,8|0|0,6|0|7|4|1
30,1|13,821|53,352|-1347,319|0|0,8|0|0,6|1|8|3|1
30,275|14,943|53,804|-1347,688|0|0,8|0|0,6|1|7|3|1
30,45|16,032|54,275|-1348,149|0|0,8|0|0,5|1|7|2|1
30,625|17,048|54,695|-1348,735|0|0,9|0|0,3|1|7|3|1
30,8|17,613|55,125|-1349,75|0|1|0|0|1|7|3|1
30,975|17,479|55,619|-1350,916|0|1|0|-0,2|1|8|3|1
31,15|17,056|56,071|-1352,019|0|1|0|-0,2|1|7|3|1
31,325|16,957|56,552|-1353,188|0|1|0|0,1|1|7|2|1
31,5|17,17|57,016|-1354,35|0|1|0|0,1|1|8|3|1
31,675|17,488|57,478|-1355,489|0|1|0|0,2|1|7|3|1
31,85|18,128|57,96|-1356,478|0|1|0|0,3|1|7|3|1
32,025|18,625|58,059|-1357,462|0|1|0|0,2|0|7|-3|1
32,2|19,02|57,178|-1358,395|0|1|0|0,2|0|10|-8|1
32,375|19,359|56,428|-1359,331|0|1|0|0,2|0|6|2|1
32,55|19,583|56,73|-1360,307|0|1|0|0,1|0|6|2|1
32,725|19,653|56,995|-1361,319|0|1|0|0|0|6|1|1
32,9|19,692|57,253|-1362,336|0|1|0|0|0|12|10|1
33,075|19,714|58,508|-1363,35|0|1|0|0|0|6|3|1
33,25|19,749|59,02|-1364,498|0|1|0|0|1|7|2|1
33,425|19,792|59,457|-1365,68|0|1|0|0|1|7|2|1
33,6|20,023|59,886|-1366,826|0|1|0|0,3|1|7|3|1
33,775|20,621|60,353|-1367,846|0|1|0|0,3|1|7|2|1
33,95|21,094|60,775|-1368,926|0|1|0|0,1|1|7|3|1
34,125|21,032|61,288|-1370,078|0|1|0|-0,3|1|7|2|1
34,3|20,245|61,724|-1370,913|0|-0,8|0|0,6|1|7|2|1
34,475|19,085|62,165|-1371,099|0|-0,7|0|0,8|1|7|3|1
34,65|17,91|62,687|-1371,124|0|-0,8|0|0,6|1|7|2|1
34,825|17,134|63,12|-1371,966|0|1|0|-0,1|1|8|4|1
35|16,863|63,537|-1373,106|0|1|0|-0,1|0|6|0|1
35,175|16,483|63,227|-1374,068|0|1|0|-0,3|0|6|2|1
35,35|15,934|63,587|-1374,865|0|1|0|-0,3|0|6|2|1
35,525|15,39|63,953|-1375,683|0|1|0|-0,3|0|6|2|1
35,7|14,938|64,325|-1376,555|0|1|0|-0,2|0|6|2|1
35,875|14,52|64,697|-1377,443|0|1|0|-0,2|0|6|2|1
36,05|14,061|65,561|-1378,425|0|1|0|-0,2|0|8|6|1
36,225|13,599|66,226|-1379,415|0|1|0|-0,2|1|7|2|1
36,4|13,098|66,659|-1380,486|0|1|0|-0,2|1|7|3|1
36,575|12,586|67,122|-1381,552|0|1|0|-0,2|1|7|3|1
36,75|11,999|67,551|-1382,577|0|1|0|-0,3|1|7|3|1
36,925|11,31|68,017|-1383,537|0|0,9|0|-0,3|1|7|2|1
37,1|10,578|68,493|-1384,466|0|0,9|0|-0,3|1|7|2|1
37,275|9,832|68,926|-1385,383|0|0,9|0|-0,3|1|7|3|1
37,45|8,818|69,397|-1385,97|0|-0,8|0|0,6|1|7|3|1
37,625|7,707|69,888|-1386,373|0|-0,8|0|0,5|1|7|2|1
37,8|7,039|70,332|-1387,31|0|1|0|0|1|7|3|1
37,975|6,989|70,797|-1388,25|0|1|0|0,1|0|2|2|1
38,15|6,989|71,147|-1388,25|0|1|0|0,1|0|2|2|1
38,325|6,989|71,497|-1388,25|0|1|0|0,1|0|2|2|1
38,5|6,989|71,847|-1388,25|0|1|0|0,1|0|2|2|1
38,675|6,989|72,197|-1388,25|0|1|0|0,1|0|2|2|1
38,85|6,989|72,547|-1388,25|0|1|0|0,1|0|2|2|1
39,025|6,989|72,897|-1388,25|0|1|0|0,1|0|2|2|1
39,2|6,989|73,247|-1388,25|0|1|0|0,1|0|2|2|1
39,375|6,989|73,597|-1388,25|0|1|0|0,1|0|2|2|1
39,55|6,989|73,947|-1388,25|0|1|0|0,1|0|2|2|1
39,725|6,989|74,297|-1388,25|0|1|0|0,1|0|2|2|1
39,9|6,989|74,647|-1388,25|0|1|0|0,1|0|2|2|1
40,075|6,989|74,997|-1388,25|0|1|0|0,1|0|2|2|1
40,25|6,989|75,347|-1388,25|0|1|0|0,1|0|2|2|1
40,425|6,989|75,697|-1388,25|0|1|0|0,1|0|2|2|1
40,6|6,989|76,047|-1388,25|0|1|0|0,1|0|2|2|1
40,775|6,989|76,397|-1388,25|0|1|0|0,1|0|2|2|1
40,95|6,989|76,747|-1388,25|0|1|0|0,1|0|2|2|1
41,125|6,989|77,097|-1388,25|0|1|0|0,1|0|2|2|1
41,3|6,989|77,447|-1388,25|0|1|0|0,1|0|2|2|1
41,475|6,989|77,797|-1388,25|0|1|0|0,1|0|2|2|1
41,65|6,989|78,147|-1388,25|0|1|0|0,1|0|2|2|1
41,825|6,989|78,497|-1388,25|0|1|0|0,1|0|2|2|1
42|6,989|78,847|-1388,25|0|1|0|0,1|0|2|2|1
42,175|6,989|79,197|-1388,25|0|1|0|0,1|0|2|2|1
42,35|6,989|79,547|-1388,25|0|1|0|0,1|0|2|2|1
42,525|6,989|79,897|-1388,25|0|1|0|0,1|0|2|2|1
42,7|6,989|80,247|-1388,25|0|1|0|0,1|0|2|2|1
42,875|6,989|80,597|-1388,25|0|1|0|0,1|0|2|2|1
43,05|6,989|80,947|-1388,25|0|1|0|0,1|0|2|2|1
43,225|6,989|81,297|-1388,25|0|1|0|0,1|0|2|2|1
43,4|6,989|81,647|-1388,25|0|1|0|0,1|0|2|2|1
43,575|6,989|81,997|-1388,25|0|1|0|0,1|0|2|2|1
43,75|6,989|82,347|-1388,25|0|1|0|0,1|0|2|2|1
43,925|6,989|82,697|-1388,25|0|1|0|0,1|0|2|2|1
44,1|6,989|83,047|-1388,25|0|1|0|0,1|0|2|2|1
44,275|6,989|83,397|-1388,25|0|1|0|0,1|0|2|2|1
44,45|6,989|83,747|-1388,25|0|1|0|0,1|0|2|2|1
44,625|6,989|84,097|-1388,25|0|1|0|0,1|0|2|2|1
44,8|6,989|84,447|-1388,25|0|1|0|0,1|0|2|2|1
44,975|6,989|84,797|-1388,25|0|1|0|0,1|0|2|2|1
45,15|6,989|85,147|-1388,25|0|1|0|0,1|0|2|2|1
45,325|6,989|85,497|-1388,25|0|1|0|0,1|0|2|2|1
45,5|6,989|85,847|-1388,25|0|1|0|0,1|0|1|1|1
45,675|6,994|85,707|-1388,576|0|1|0|0|0|5|2|1
45,85|7,008|85,717|-1389,524|0|1|0|0|0|6|0|1
46,025|7,225|85,717|-1390,485|0|1|0|0,2|0|6|0|1
46,2|7,989|85,717|-1391,142|0|0,9|0|0,5|0|6|0|1
46,375|9,018|85,717|-1391,178|0|0,7|0|0,7|0|6|0|1
46,55|10,068|85,717|-1391,163|0|0,7|0|0,7|0|6|0|1
46,725|11,118|85,717|-1391,148|0|0,7|0|0,7|0|6|0|1
46,9|12,167|85,717|-1391,132|0|0,7|0|0,7|0|6|0|1
47,075|13,217|85,717|-1391,118|0|0,7|0|0,7|0|6|0|1
47,25|14,24|86,623|-1391,197|0|0,9|0|0,4|0|8|6|1
47,425|15,022|87,288|-1391,829|0|1|0|0|1|7|2|1
47,6|15,213|87,721|-1392,983|0|1|0|-0,1|1|7|3|1
47,775|14,98|88,184|-1394,139|0|1|0|-0,2|1|7|3|1
47,95|14,209|88,613|-1395,014|0|-0,9|0|0,5|1|7|3|1
48,125|13,163|89,079|-1395,56|0|-0,8|0|0,6|1|7|2|1
48,3|12,071|89,555|-1396,009|0|0,9|0|-0,5|1|7|2|1
48,475|11,226|89,988|-1396,826|0|1|0|-0,3|1|7|3|1
48,65|10,581|90,458|-1397,816|0|1|0|-0,2|1|7|3|1
48,825|10,052|90,95|-1398,873|0|1|0|-0,2|1|7|2|1
49|9,626|91,393|-1399,975|0|1|0|-0,2|1|7|3|1
49,175|9,29|91,906|-1401,108|0|1|0|-0,1|1|7|2|1
49,35|9,033|92,134|-1402,236|0|1|0|-0,1|0|6|-2|1
49,525|8,845|91,429|-1403,245|0|1|0|-0,1|0|9|-7|1
49,7|8,707|89,874|-1404,248|0|1|0|0|0|6|0|1
49,875|8,764|89,48|-1405,244|0|1|0|0,1|0|6|0|1
50,05|9,537|89,48|-1405,914|0|0,9|0|0,4|0|6|0|1
50,225|10,421|89,48|-1406,48|0|0,9|0|0,5|0|6|0|1
50,4|11,313|89,48|-1407,034|0|0,9|0|0,5|0|6|0|1
50,575|11,659|89,48|-1407,982|0|1|0|0,2|0|6|0|1
50,75|11,947|89,83|-1408,991|0|1|0|0,2|0|10|8|1
50,925|12,244|90,835|-1409,96|0|1|0|0,2|1|7|3|1
51,1|12,617|91,317|-1411,081|0|1|0|0,2|1|7|3|1
51,275|13,02|91,763|-1412,193|0|1|0|0,2|1|8|3|1
51,45|13,444|92,211|-1413,296|0|1|0|0,2|1|7|3|1
51,625|13,879|92,64|-1414,396|0|1|0|0,2|1|7|3|1
51,8|14,407|93,102|-1415,445|0|0,9|0|0,4|0|7|2|1
51,975|15,142|92,959|-1416,221|0|0,9|0|0,4|0|7|-4|1
52,15|15,862|91,875|-1416,934|0|1|0|0,3|0|11|-9|1
52,325|16,362|90,004|-1417,81|0|1|0|0|0|14|-13|1
52,5|16,517|88,848|-1418,795|0|1|0|-0,1|0|6|0|1
52,675|16,253|88,896|-1419,803|0|1|0|-0,1|0|6|0|1
52,85|15,794|88,903|-1420,744|0|1|0|-0,2|0|6|0|1
53,025|15,165|88,87|-1421,581|0|0,9|0|-0,3|0|6|0|1
53,2|14,439|88,812|-1422,337|0|0,9|0|-0,4|0|6|0|1
53,375|13,693|89,907|-1423,042|0|0,9|0|-0,4|0|7|4|1
53,55|12,874|90,449|-1423,798|0|0,9|0|-0,4|1|8|3|1
53,725|12|90,901|-1424,594|0|0,9|0|-0,4|1|7|3|1
53,9|11,124|91,372|-1425,389|0|0,9|0|-0,4|1|7|2|1
54,075|10,248|91,792|-1426,182|0|0,9|0|-0,4|1|7|3|1
54,25|9,378|92,221|-1426,97|0|0,9|0|-0,4|0|6|0|1
54,425|8,605|91,896|-1427,67|0|0,9|0|-0,4|1|7|-3|1
54,6|7,728|91,824|-1428,463|0|0,9|0|-0,4|1|7|3|1
54,775|6,852|92,268|-1429,257|0|0,9|0|-0,4|1|7|2|1
54,95|5,989|92,701|-1430,052|0|0,9|0|-0,4|0|6|1|1
55,125|5,259|92,428|-1430,797|0|0,9|0|-0,3|0|8|-5|1
55,3|4,657|91,236|-1431,61|0|1|0|-0,2|0|11|-10|1
55,475|4,125|90,455|-1432,479|0|1|0|-0,3|0|6|0|1
55,65|3,667|90,504|-1433,415|0|1|0|-0,2|0|6|0|1
55,825|3,924|90,412|-1434,328|0|1|0|0,2|0|6|-1|1
56|4,567|90,249|-1435,138|0|0,9|0|0,3|0|6|-1|1
56,175|5,278|90,076|-1435,89|0|0,9|0|0,4|0|6|-1|1
56,35|6,035|89,895|-1436,594|0|0,9|0|0,4|0|6|-1|1
56,525|6,804|90,728|-1437,273|0|0,9|0|0,4|0|8|6|1
56,7|7,615|91,394|-1437,988|0|0,9|0|0,4|1|7|2|1
56,875|8,501|91,826|-1438,77|0|0,9|0|0,4|1|7|3|1
57,05|9,388|92,289|-1439,551|0|0,9|0|0,4|0|7|1|1
57,225|10,185|92,006|-1440,263|0|0,9|0|0,4|0|8|-5|1
57,4|10,998|91,281|-1441,026|0|0,9|0|0,4|1|7|-1|1
57,575|11,825|91,534|-1441,87|0|0,9|0|0,4|1|7|2|1
57,75|12,603|91,966|-1442,76|0|0,9|0|0,3|1|7|3|1
57,925|13,338|92,421|-1443,685|0|0,9|0|0,3|1|7|3|1
58,1|14,044|92,852|-1444,634|0|1|0|0,3|1|7|3|1
58,275|14,715|93,313|-1445,607|0|1|0|0,3|1|7|2|1
58,45|15,475|93,511|-1446,443|0|0,9|0|0,5|0|6|-2|1
58,625|16,279|92,783|-1447,064|0|0,9|0|0,5|0|9|-7|1
58,8|16,944|91,839|-1447,768|0|1|0|0,2|0|6|1|1
58,975|16,865|91,92|-1448,784|0|1|0|0|0|6|0|1
59,15|16,688|91,986|-1449,816|0|1|0|-0,1|0|6|0|1
59,325|16,508|92,051|-1450,848|0|1|0|-0,1|0|6|0|1
59,5|16,327|92,116|-1451,88|0|1|0|-0,1|0|6|0|1
59,675|16,137|92,179|-1452,911|0|1|0|-0,1|0|6|0|1
59,85|15,849|92,508|-1453,941|0|1|0|-0,2|0|11|8|1
60,025|15,462|93,513|-1454,937|0|1|0|-0,2|1|7|3|1
60,2|14,891|93,995|-1455,971|0|1|0|-0,3|1|7|3|1
60,375|14,191|94,441|-1456,923|0|0,9|0|-0,3|1|8|3|1
60,55|13,445|94,81|-1457,808|0|0,9|0|-0,4|0|6|-1|1
60,725|12,77|94,297|-1458,58|0|0,9|0|-0,4|0|8|-6|1
60,9|12,098|92,903|-1459,338|0|0,9|0|-0,4|0|12|-11|1
61,075|11,422|90,772|-1460,093|0|0,9|0|-0,4|0|16|-14|1
61,25|10,749|88,13|-1460,85|0|0,9|0|-0,3|0|6|0|1
61,425|10,216|88,13|-1461,743|0|1|0|-0,3|0|6|0|1
61,6|9,829|88,13|-1462,718|0|1|0|-0,2|0|6|0|1
61,775|9,529|88,13|-1463,724|0|1|0|-0,1|0|6|0|1
61,95|9,273|88,13|-1464,742|0|1|0|-0,1|0|6|0|1
62,125|9,096|88,13|-1465,776|0|1|0|-0,1|0|6|0|1
62,3|9,03|88,13|-1466,823|0|1|0|0|0|6|0|1
62,475|9,052|88,113|-1467,872|0|1|0|0|0|6|-2|1
62,65|9,102|87,444|-1468,883|0|1|0|0|0|9|-7|1
62,825|9,164|85,921|-1469,895|0|1|0|0|0|13|-11|1
63|9,234|83,682|-1470,905|0|1|0|0|0|16|-15|1
63,175|9,306|80,843|-1471,916|0|1|0|0|0|19|-18|1
63,35|9,379|77,503|-1472,927|0|1|0|0|0|21|-21|1
63,525|9,453|73,744|-1473,938|0|1|0|0|0|23|-23|1
63,7|9,527|69,634|-1474,948|0|1|0|0|0|25|-25|1
63,875|9,554|65,23|-1475,959|0|1|0|-0,2|0|27|-26|1
64,05|9,305|60,58|-1476,939|0|0,9|0|-0,3|0|28|-27|1
64,225|8,866|55,724|-1477,851|0|0,9|0|-0,3|0|29|-28|1
64,4|8,523|50,697|-1478,802|0|1|0|0|0|30|-29|1
64,575|8,356|45,525|-1479,801|0|1|0|0|0|31|-30|1
64,75|8,29|40,233|-1480,812|0|1|0|0|0|31|-31|1
64,925|8,278|34,839|-1481,825|0|1|0|0|0|32|-31|1
65,1|8,292|29,362|-1482,838|0|1|0|0|0|32|-32|1
65,275|8,319|23,813|-1483,851|0|1|0|0|0|32|-32|1
65,45|8,348|18,206|-1484,863|0|1|0|0|0|33|-32|1
65,625|8,372|12,549|-1485,876|0|1|0|0|0|33|-32|1
65,8|8,387|6,851|-1486,89|0|1|0|0|0|33|-33|1
65,975|8,392|1,118|-1487,903|0|1|0|0|0|33|-33|1
66,15|8,384|-1,953|-1488,926|0|1|0|0|0|6|0|1
66,325|8,321|-1,953|-1489,972|0|1|0|0|0|6|0|1
66,5|8,199|-1,953|-1491,015|0|1|0|-0,1|0|6|0|1
66,675|8,081|-1,953|-1492,058|0|1|0|-0,1|0|6|0|1
66,85|7,965|-1,953|-1493,102|0|1|0|-0,1|0|6|0|1
67,025|7,849|-1,953|-1494,146|0|1|0|-0,1|0|6|0|1
67,2|7,733|-1,953|-1495,19|0|1|0|-0,1|0|6|0|1
67,375|7,617|-1,953|-1496,233|0|1|0|-0,1|0|6|0|1
67,55|7,501|-1,953|-1497,277|0|1|0|-0,1|0|6|0|1
67,725|7,385|-1,953|-1498,321|0|1|0|-0,1|0|6|0|1
67,9|7,269|-1,953|-1499,364|0|1|0|-0,1|0|6|0|1
68,075|7,159|-1,953|-1500,409|0|1|0|-0,1|0|6|0|1
68,25|7,069|-1,953|-1501,455|0|1|0|0|0|6|0|1
68,425|6,988|-1,953|-1502,502|0|1|0|0|0|6|0|1
68,6|6,913|-1,953|-1503,549|0|1|0|0|0|6|0|1
68,775|6,84|-1,953|-1504,596|0|1|0|0|0|6|0|1
68,95|6,301|-1,953|-1505,411|0|0,9|0|-0,3|0|6|0|1
69,125|5,512|-1,953|-1506,102|0|0,9|0|-0,4|0|6|0|1
69,3|5,328|-1,953|-1507,094|0|1|0|-0,1|0|6|0|1
69,475|5,258|-1,953|-1508,141|0|1|0|0|0|6|0|1
69,65|5,208|-1,953|-1509,19|0|1|0|0|0|6|0|1
69,825|5,172|-1,953|-1510,239|0|1|0|0|0|6|0|1
70|5,143|-1,953|-1511,289|0|1|0|0|0|6|0|1
70,175|5,12|-1,953|-1512,339|0|1|0|0|0|6|0|1
70,35|5,105|-1,953|-1513,389|0|1|0|0|0|6|0|1
70,525|5,092|-2,008|-1514,433|0|1|0|0|0|6|-2|1
70,7|5,079|-2,814|-1515,441|0|1|0|0|0|10|-8|1
70,875|5,066|-3,976|-1516,556|0|1|0|0|1|7|-3|1
71,05|5,052|-4,09|-1517,738|0|1|0|0|1|7|3|1
71,226|5,038|-3,645|-1518,92|0|1|0|0|1|7|3|1
71,401|5,025|-3,214|-1520,102|0|1|0|0|1|7|3|1
71,576|5,011|-2,759|-1521,285|0|1|0|0|1|7|2|1
71,751|4,999|-2,872|-1522,387|0|1|0|0|0|7|-4|1
71,926|4,986|-3,146|-1523,535|0|1|0|0|1|7|2|1
72,101|4,972|-2,705|-1524,717|0|1|0|0|1|7|2|1
72,276|4,959|-2,302|-1525,9|0|1|0|0|1|7|3|1
72,451|4,946|-2,115|-1527,033|0|1|0|0|0|6|-2|1
72,626|4,934|-2,655|-1528,116|0|1|0|0|1|7|-1|1
72,801|4,92|-2,391|-1529,298|0|1|0|0|1|7|2|1
72,976|4,907|-2,108|-1530,456|0|1|0|0|0|6|-2|1
73,151|4,895|-2,767|-1531,481|0|1|0|0|1|8|-5|1
73,326|4,882|-3,12|-1532,664|0|1|0|0|1|7|2|1
73,501|4,869|-2,648|-1533,846|0|1|0|0|1|7|2|1
73,676|4,892|-2,214|-1535,026|0|1|0|0,1|1|8|4|1
73,851|5,388|-1,726|-1536,091|0|0,9|0|0,3|1|7|2|1
74,026|6,119|-1,292|-1537,019|0|0,9|0|0,4|1|7|2|1
74,201|6,705|-1,11|-1537,984|0|1|0|0,1|0|6|-2|1
74,376|7,002|-1,852|-1538,955|0|1|0|0|0|6|0|1
74,551|7,068|-1,953|-1539,985|0|1|0|0|0|6|0|1
74,726|7,061|-1,047|-1541,02|0|1|0|0|0|8|6|1
74,901|7,069|-0,381|-1542,101|0|1|0|0|1|7|2|1
75,076|7,1|0,052|-1543,282|0|1|0|0|1|7|3|1
75,251|7,146|0,515|-1544,464|0|1|0|0|1|7|3|1
75,426|7,197|0,944|-1545,645|0|1|0|0|1|7|3|1
75,601|7,25|1,41|-1546,826|0|1|0|0|1|7|2|1
75,776|7,303|1,886|-1548,007|0|1|0|0|1|7|2|1
75,951|7,357|2,319|-1549,188|0|1|0|0|0|7|0|1
76,126|7,406|1,998|-1550,255|0|1|0|0|0|8|-5|1
76,301|7,453|0,766|-1551,267|0|1|0|0|0|11|-10|1
76,476|7,5|-1,23|-1552,279|0|1|0|0|0|15|-14|1
76,651|7,545|-1,953|-1553,308|0|1|0|0|0|6|0|1
76,826|7,576|-1,953|-1554,357|0|1|0|0|0|6|0|1
77,001|7,601|-1,953|-1555,407|0|1|0|0|0|6|0|1
77,176|7,626|-1,953|-1556,457|0|1|0|0|0|6|0|1
77,351|7,65|-1,953|-1557,506|0|1|0|0|0|6|0|1
77,526|7,674|-1,953|-1558,556|0|1|0|0|0|6|0|1
77,701|7,697|-1,953|-1559,606|0|1|0|0|0|6|0|1
77,876|8,056|-1,953|-1560,508|0|1|0|0,3|0|6|0|1
78,051|8,806|-1,953|-1561,238|0|0,9|0|0,4|0|6|0|1
78,226|9,753|-1,953|-1561,477|0|0,8|0|0,6|0|6|0|1
78,401|10,801|-1,953|-1561,458|0|0,7|0|0,7|0|6|0|1
78,576|10,49|-1,953|-1561,465|0|0,9|0|-0,4|0|6|0|1
78,751|9,452|-1,953|-1561,489|0|-0,8|0|0,6|0|6|0|1
78,926|8,491|-1,953|-1561,713|0|-0,8|0|0,5|0|6|0|1
79,101|8,098|-1,603|-1562,583|0|1|0|-0,2|0|10|8|1
79,276|8,075|-0,598|-1563,596|0|1|0|0|1|7|3|1
79,451|8,08|-0,116|-1564,778|0|1|0|0|1|8|3|1
79,626|8,101|0,33|-1566,273|0|1|0|0|1|10|3|1
79,801|8,129|0,778|-1568,163|0|1|0|0|1|12|3|1
79,976|8,163|1,207|-1570,384|0|1|0|0|1|14|3|1
80,151|8,202|1,669|-1572,883|0|1|0|0|1|15|3|1
80,326|8,244|2,151|-1575,613|0|1|0|0|1|17|3|1
80,501|8,29|2,6|-1578,537|0|1|0|0|1|18|3|1
80,676|8,333|3,059|-1581,624|0|1|0|0|1|18|3|1
80,852|8,325|3,553|-1584,847|0|1|0|0|1|19|3|1
81,027|8,258|3,656|-1588,183|0|1|0|0|0|20|-3|1
81,202|8,172|2,776|-1591,614|0|1|0|0|0|21|-8|1
81,377|8,056|1,86|-1595,123|0|1|0|0|1|20|-1|1
81,552|7,904|2,023|-1598,697|0|1|0|0|1|21|2|1
81,727|7,738|2,227|-1602,326|0|1|0|0|0|21|-2|1
81,902|7,576|1,744|-1606,001|0|1|0|0|1|21|0|1
82,077|7,401|2|-1609,715|0|1|0|0|1|22|3|1
82,252|7,235|2,153|-1613,461|0|1|0|0|0|22|-3|1
82,427|7,101|2,1|-1617,236|0|1|0|0|1|22|3|1
82,602|7,024|2,196|-1621,008|0|1|0|0,1|0|20|-3|1
82,777|7,361|1,31|-1624,297|0|0,8|0|0,6|0|19|-8|1
82,952|8,142|-0,396|-1626,916|0|0,5|0|0,9|0|18|-12|1
83,127|8,825|-1,953|-1628,369|0|0,1|0|1|0|3|0|1
83,302|8,216|-1,953|-1627,835|0|-0,4|0|0,9|0|6|0|1
83,477|7,19|-1,953|-1627,782|0|-0,7|0|0,8|0|6|0|1
83,652|6,28|-1,953|-1628,116|0|-0,9|0|0,5|0|6|0|1
83,827|5,613|-1,953|-1628,88|0|1|0|-0,3|0|6|0|1
84,002|5,557|-1,953|-1629,908|0|1|0|-0,1|0|6|0|1
84,177|5,565|-1,953|-1630,958|0|1|0|0|0|6|0|1
84,352|5,645|-1,047|-1631,99|0|1|0|0|0|8|6|1
84,527|5,775|-0,381|-1633,062|0|1|0|0,1|1|7|2|1
84,702|5,96|0,052|-1634,23|0|1|0|0,1|1|7|3|1
84,877|6,161|0,515|-1635,395|0|1|0|0,1|1|7|3|1
85,052|6,358|0,605|-1636,511|0|1|0|0,1|0|7|-3|1
85,227|6,554|0,191|-1637,611|0|1|0|0,1|1|7|1|1
85,402|6,762|0,558|-1638,775|0|1|0|0,1|1|7|2|1
85,577|6,966|0,777|-1639,914|0|1|0|0,1|0|6|-2|1
85,752|7,158|0,304|-1640,99|0|1|0|0,1|1|7|0|1
85,927|7,367|0,556|-1642,153|0|1|0|0,1|1|7|3|1
86,102|7,575|1,05|-1643,317|0|1|0|0,1|1|7|2|1
86,277|8,064|1,498|-1644,375|0|0,9|0|0,4|1|7|3|1
86,452|8,836|1,912|-1645,239|0|1|0|0,2|0|6|0|1
86,627|9,075|1,702|-1646,262|0|0,9|0|-0,3|1|7|1|1
86,802|8,355|2,08|-1647,162|0|-0,8|0|0,6|1|7|3|1
86,977|7,236|2,552|-1647,525|0|-0,7|0|0,7|1|7|3|1
87,152|6,142|2,643|-1647,652|0|-0,7|0|0,7|0|7|-3|1
87,327|4,995|2,539|-1647,704|0|-0,7|0|0,7|1|7|3|1
87,502|3,813|3|-1647,713|0|-0,7|0|0,7|1|7|3|1
87,677|2,663|3,434|-1647,916|0|0,9|0|-0,5|1|7|3|1
87,852|1,731|3,619|-1648,558|0|0,9|0|-0,3|0|6|-2|1
88,027|0,993|2,918|-1649,304|0|1|0|-0,3|1|7|-3|1
88,202|0,355|2,827|-1650,296|0|1|0|-0,2|1|7|3|1
88,377|-0,147|3,328|-1651,366|0|1|0|-0,2|1|7|2|1
88,552|-0,572|3,557|-1652,443|0|1|0|-0,2|0|6|-2|1
88,727|-0,898|2,859|-1653,415|0|1|0|-0,1|1|8|-5|1
88,902|-1,077|2,474|-1654,581|0|1|0|0|1|7|1|1
89,077|-1,011|2,837|-1655,752|0|1|0|0,1|0|6|0|1
89,252|-0,848|2,387|-1656,782|0|1|0|0,1|0|8|-6|1
89,427|-0,619|1,045|-1657,769|0|1|0|0,2|0|12|-10|1
89,602|-0,334|-1,042|-1658,741|0|1|0|0,2|1|14|-12|1
89,777|0,074|-2,589|-1659,85|0|1|0|0,2|1|8|-5|1
89,952|0,527|-2,955|-1660,942|0|1|0|0,2|1|7|1|1
90,127|0,997|-2,494|-1662,027|0|1|0|0,2|1|7|2|1
90,303|1,472|-2,056|-1663,109|0|1|0|0,2|1|7|2|1
90,478|1,949|-1,624|-1664,191|0|1|0|0,2|1|7|2|1
90,653|2,427|-1,185|-1665,273|0|1|0|0,2|1|7|3|1
90,828|2,905|-0,67|-1666,354|0|1|0|0,2|1|7|2|1
91,003|3,383|-0,232|-1667,434|0|1|0|0,2|1|7|2|1
91,178|3,893|0,207|-1668,498|0|0,9|0|0,3|1|7|3|1
91,353|4,672|0,319|-1669,278|0|0,9|0|0,5|0|6|-3|1
91,528|5,494|-0,552|-1669,87|0|0,8|0|0,5|0|10|-8|1
91,703|6,343|-1,954|-1670,423|0|0,9|0|0,5|0|6|0|1
91,878|7,168|-1,953|-1671,062|0|0,9|0|0,4|0|6|0|1
92,053|7,913|-1,953|-1671,8|0|0,9|0|0,4|0|6|0|1
92,228|8,525|-1,953|-1672,649|0|1|0|0,3|0|6|0|1
92,403|8,641|-1,953|-1673,583|0|1|0|-0,1|0|6|0|1
92,578|7,859|-1,953|-1674,233|0|0,9|0|-0,4|0|6|0|1
92,753|6,843|-1,953|-1674,424|0|-0,8|0|0,6|0|6|0|1
92,928|5,806|-1,953|-1674,281|0|-0,7|0|0,7|0|6|0|1
93,103|4,775|-1,953|-1674,081|0|-0,6|0|0,8|0|6|0|1
93,278|3,744|-1,953|-1673,886|0|-0,6|0|0,8|0|6|0|1
93,453|2,712|-1,953|-1673,692|0|-0,6|0|0,8|0|6|0|1
93,628|1,701|-0,663|-1673,51|0|-0,7|0|0,7|0|11|9|1
93,803|0,657|1,032|-1673,8|0|0,9|0|-0,4|0|12|10|1
93,978|-0,216|2,907|-1674,373|0|0,9|0|-0,4|0|13|11|1
94,153|-0,89|4,939|-1674,865|0|0,9|0|0,5|0|12|12|1
94,328|-0,962|7,103|-1675,099|0|0,7|0|0,8|0|13|13|1
94,503|-0,623|9,377|-1675,188|0|0,6|0|0,8|0|13|13|1
94,678|-0,346|11,743|-1675,121|0|0,2|0|1|0|14|14|1
94,853|0,058|13,595|-1674,61|0|0,3|0|1|0|8|6|1
95,028|0,704|14,18|-1673,85|0|0,4|0|0,9|0|6|0|1
95,203|1,271|13,706|-1673,016|0|0,1|0|1|0|8|-6|1
95,378|1,584|13,129|-1671,915|0|0|0|1|1|7|0|1
95,553|1,696|13,493|-1670,739|0|0|0|1|1|8|3|1
95,728|1,549|13,947|-1669,581|0|-0,2|0|1|1|7|3|1
95,903|0,938|14,426|-1668,582|0|-0,4|0|0,9|0|6|1|1
96,078|0,37|14,15|-1667,709|0|-0,1|0|1|0|8|-5|1
96,253|0,006|12,954|-1666,808|0|-0,1|0|1|0|11|-10|1
96,428|-0,293|10,989|-1666,046|0|-0,1|0|1|0|4|0|1
96,603|-0,381|10,547|-1665,124|0|0|0|1|0|6|0|1
96,778|-0,362|11,656|-1664,098|0|0|0|1|0|7|4|1
96,953|-0,321|12,198|-1662,984|0|0|0|1|1|8|3|1
97,128|-0,277|12,65|-1661,803|0|0|0|1|1|7|3|1
97,303|-0,235|13,121|-1660,622|0|0|0|1|1|7|2|1
97,478|-0,192|13,541|-1659,44|0|0|0|1|1|7|3|1
97,653|-0,15|13,97|-1658,258|0|0|0|1|1|7|3|1
97,828|-0,108|14,465|-1657,077|0|0|0|1|1|8|3|1
98,003|-0,065|14,917|-1655,895|0|0|0|1|1|7|3|1
98,178|-0,03|15,398|-1654,713|0|0|0|1|1|7|2|1
98,353|-0,025|15,862|-1653,531|0|0|0|1|1|8|3|1
98,528|-0,042|16,324|-1652,349|0|0|0|1|1|7|3|1
98,703|-0,072|16,806|-1651,167|0|0|0|1|1|7|3|1
98,878|-0,102|17,25|-1649,986|0|0|0|1|1|8|3|1
99,053|-0,113|17,694|-1648,804|0|0|0|1|1|7|3|1
99,228|-0,097|17,79|-1647,701|0|-0,1|0|1|0|7|-3|1
99,403|-0,268|16,905|-1646,704|0|-0,2|0|1|0|10|-8|1
99,578|-0,453|15,201|-1645,75|0|-0,1|0|1|0|1|0|1
99,753|-0,303|14,947|-1645,835|0|0,5|0|0,9|0|5|0|1
99,929|0,334|15,853|-1646,611|0|0,9|0|0,4|0|8|6|1
100,104|0,969|16,519|-1647,486|0|1|0|0,3|1|7|2|1
100,279|1,626|16,952|-1648,468|0|1|0|0,3|1|7|3|1
100,454|2,319|17,415|-1649,426|0|0,9|0|0,3|1|7|3|1
100,629|3,074|17,844|-1650,336|0|0,9|0|0,4|1|7|3|1
100,804|4,061|18,31|-1650,947|0|0,8|0|0,7|1|7|2|1
100,979|5,224|18,786|-1650,967|0|0,5|0|0,9|1|7|2|1
101,154|6,196|19,219|-1650,309|0|0,3|0|0,9|1|7|3|1
101,329|6,94|19,689|-1649,397|0|0,2|0|1|1|7|3|1
101,504|7,149|20,181|-1648,242|0|-0,1|0|1|1|7|2|1
101,679|7,109|20,47|-1647,109|0|0|0|1|0|6|-2|1
101,854|7,268|19,818|-1646,306|0|0,8|0|0,6|0|8|-7|1
102,029|7,806|19,187|-1646,218|0|0,9|0|0,5|0|6|0|1
102,204|8,795|20,093|-1646,411|0|0,8|0|0,6|0|8|6|1
102,379|9,858|20,759|-1646,602|0|0,8|0|0,6|1|7|2|1
102,554|11,023|21,192|-1646,807|0|0,8|0|0,6|1|7|3|1
102,729|12,187|21,655|-1647,011|0|0,8|0|0,6|1|7|3|1
102,904|13,354|22,084|-1647,199|0|0,7|0|0,7|1|7|3|1
103,079|14,53|22,55|-1647,316|0|0,7|0|0,7|1|7|2|1
103,254|15,709|23,026|-1647,398|0|0,7|0|0,7|0|7|2|1
103,429|16,776|23,004|-1647,409|0|0,6|0|0,8|0|7|-4|1
103,604|17,738|22,021|-1647,103|0|0,4|0|0,9|0|6|0|1
103,779|18,409|21,737|-1646,356|0|0,3|0|1|0|6|0|1
103,954|18,846|21,737|-1645,634|0|0,2|0|1|0|1|0|1
104,129|18,878|21,737|-1645,634|0|0,2|0|1|0|3|0|1
104,304|18,176|22,087|-1646,137|0|-0,8|0|0,6|0|10|8|1
104,479|17,57|23,092|-1646,948|0|1|0|-0,3|1|7|3|1
104,654|16,625|23,574|-1647,646|0|-0,8|0|0,6|1|7|3|1
104,829|15,51|24,02|-1648,028|0|-0,8|0|0,6|1|8|3|1
105,004|14,339|24,468|-1648,18|0|-0,7|0|0,7|1|7|3|1
105,179|13,229|24,898|-1648,575|0|-0,9|0|0,5|1|7|3|1
105,354|12,148|25,359|-1649,042|0|-0,8|0|0,6|1|7|3|1
105,529|11,056|25,841|-1648,731|0|-0,3|0|1|1|7|3|1
105,704|10,475|26,29|-1647,715|0|-0,1|0|1|1|8|3|1
105,879|10,214|26,749|-1646,563|0|0|0|1|1|7|3|1
106,054|10,025|27,243|-1645,396|0|-0,1|0|1|1|7|3|1
106,229|9,72|27,581|-1644,281|0|-0,2|0|1|0|6|-1|1
106,404|9,303|27,042|-1643,344|0|-0,3|0|0,9|0|9|-6|1
106,579|8,691|26,217|-1642,547|0|-0,5|0|0,9|0|6|0|1
106,754|7,747|26,217|-1642,12|0|-0,6|0|0,8|0|6|0|1
106,929|6,778|26,217|-1641,814|0|-0,5|0|0,8|0|6|0|1
107,104|5,817|26,217|-1641,432|0|-0,6|0|0,8|0|6|0|1
107,279|4,918|26,217|-1641,688|0|-0,9|0|0,5|0|6|0|1
107,454|4,6|26,217|-1642,661|0|1|0|-0,2|0|6|0|1
107,629|4,596|26,217|-1643,706|0|1|0|0|0|6|0|1
107,804|4,787|26,217|-1644,737|0|1|0|0,1|0|12|10|1
107,979|5,061|27,471|-1645,72|0|1|0|0,1|0|6|3|1
108,154|5,399|27,984|-1646,817|0|1|0|0,2|1|7|2|1
108,329|5,767|28,421|-1647,94|0|1|0|0,2|1|7|2|1
108,504|6,14|28,85|-1649,062|0|1|0|0,2|1|7|3|1
108,679|6,515|29,317|-1650,183|0|1|0|0,2|1|7|2|1
108,854|6,873|29,505|-1651,259|0|1|0|0,2|0|6|-2|1
109,03|7,164|28,768|-1652,232|0|1|0|0,1|0|9|-7|1
109,205|7,397|28,203|-1653,218|0|1|0|0,1|0|6|1|1
109,38|7,548|28,379|-1654,24|0|1|0|0,1|0|6|1|1
109,555|7,671|28,556|-1655,268|0|1|0|0,1|0|6|1|1
109,73|7,771|28,734|-1656,298|0|1|0|0|0|6|1|1
109,905|7,854|28,912|-1657,33|0|1|0|0|0|6|1|1
110,08|7,907|30,055|-1658,35|0|1|0|0|0|7|4|1
110,255|7,942|30,579|-1659,464|0|1|0|0|1|7|3|1
110,43|7,96|31,031|-1660,646|0|1|0|0|1|7|2|1
110,605|7,971|31,48|-1661,829|0|1|0|0|1|7|3|1
110,78|7,981|31,938|-1663,011|0|1|0|0|1|7|3|1
110,955|7,984|32,399|-1664,193|0|1|0|0|1|7|3|1
111,13|7,969|32,849|-1665,375|0|1|0|0|1|7|3|1
111,305|7,942|33,303|-1666,557|0|1|0|0|0|7|0|1
111,48|7,914|32,618|-1667,625|0|1|0|0|0|11|-10|1
111,655|7,886|30,749|-1668,637|0|1|0|0|0|6|1|1
111,83|7,858|30,926|-1669,664|0|1|0|0|0|6|1|1
112,005|7,835|31,104|-1670,698|0|1|0|0|0|6|1|1
112,18|7,831|31,282|-1671,733|0|1|0|0|0|6|1|1
112,355|7,842|31,461|-1672,767|0|1|0|0|0|6|1|1
112,53|7,854|31,639|-1673,802|0|1|0|0|0|6|1|1
112,705|7,867|31,817|-1674,836|0|1|0|0|0|6|1|1
112,88|7,879|32,578|-1675,867|0|1|0|0|0|9|7|1
113,055|7,892|33,369|-1676,914|0|1|0|0|1|8|4|1
113,23|7,907|33,834|-1678,096|0|1|0|0|1|7|2|1
113,405|7,921|34,241|-1679,278|0|1|0|0|1|7|3|1
113,58|7,93|34,703|-1680,46|0|1|0|0|1|7|3|1
113,755|7,934|35,156|-1681,643|0|1|0|0|1|7|3|1
113,93|7,933|35,616|-1682,825|0|1|0|0|1|7|3|1
114,105|7,926|36,062|-1684,007|0|1|0|0|1|7|3|1
114,28|7,911|36,505|-1685,189|0|1|0|0|1|7|3|1
114,455|7,888|36,964|-1686,371|0|1|0|0|1|7|3|1
114,63|7,862|37,433|-1687,553|0|1|0|0|1|7|3|1
114,805|7,837|37,512|-1688,655|0|1|0|0|0|7|-3|1
114,98|7,813|36,614|-1689,668|0|1|0|0|0|10|-8|1
115,155|7,79|34,898|-1690,681|0|1|0|0|0|14|-12|1
115,33|7,768|34,32|-1691,711|0|1|0|0|0|6|0|1
115,505|7,759|34,32|-1692,761|0|1|0|0|0|6|0|1
115,68|7,802|34,32|-1693,81|0|1|0|0|0|6|0|1
115,855|7,894|34,32|-1694,855|0|1|0|0|0|6|0|1
116,03|8,012|34,67|-1695,899|0|1|0|0,1|0|10|8|1
116,205|8,129|35,675|-1696,905|0|1|0|0,1|1|7|3|1
116,38|8,266|36,157|-1698,079|0|1|0|0,1|1|7|3|1
116,555|8,386|36,603|-1699,255|0|1|0|0|1|8|3|1
116,73|8,483|37,051|-1700,434|0|1|0|0|1|7|3|1
116,905|8,561|37,48|-1701,613|0|1|0|0|1|7|3|1
117,08|8,624|37,942|-1702,794|0|1|0|0|1|7|3|1
117,255|8,669|38,424|-1703,975|0|1|0|0|1|7|3|1
117,43|8,697|38,872|-1705,157|0|1|0|0|1|8|3|1
117,605|8,709|39,332|-1706,339|0|1|0|0|1|7|3|1
117,78|8,712|39,825|-1707,521|0|1|0|0|1|7|3|1
117,955|8,71|40,313|-1708,703|0|1|0|0|1|7|2|1
118,13|8,7|40,746|-1709,886|0|1|0|0|1|7|3|1
118,305|8,677|41,204|-1711,068|0|1|0|0|1|7|3|1
118,48|8,639|41,632|-1712,249|0|1|0|0|1|7|3|1
118,656|8,584|42,1|-1713,43|0|1|0|0|1|7|2|1
118,831|8,509|42,575|-1714,609|0|1|0|0|1|7|2|1
119,006|8,411|43,007|-1715,787|0|1|0|0|1|7|3|1
119,181|8,296|43,458|-1716,964|0|1|0|-0,1|1|7|3|1
119,356|8,176|43,92|-1718,14|0|1|0|-0,1|1|7|2|1
119,531|8,061|44,345|-1719,317|0|1|0|0|1|7|3|1
119,706|7,957|44,435|-1720,414|0|1|0|0|0|6|-3|1
119,881|7,869|43,546|-1721,332|0|1|0|0|0|9|-8|1
120,056|7,809|41,837|-1721,962|0|-0,5|0|0,9|0|12|-12|1
120,231|7,8|41,378|-1722,051|0|-0,2|0|1|0|0|0|1
120,406|7,799|41,378|-1722,052|0|-0,2|0|1|0|0|0|1
120,581|7,799|41,378|-1722,052|0|-0,2|0|1|0|0|0|1
120,756|7,789|41,378|-1722,169|0|-0,6|0|0,8|0|11|10|1
120,931|7,7|42,632|-1723,129|0|1|0|-0,2|0|6|3|1
121,106|7,596|43,145|-1724,273|0|1|0|-0,1|1|7|2|1
121,281|7,491|43,582|-1725,45|0|1|0|0|1|7|2|1
121,456|7,391|44,011|-1726,628|0|1|0|0|1|7|3|1
121,631|7,295|44,264|-1727,782|0|1|0|0|0|6|-2|1
121,806|7,214|43,556|-1728,804|0|1|0|0|0|9|-7|1
121,981|7,138|41,998|-1729,814|0|1|0|0|1|11|-9|1
122,156|7,059|40,894|-1730,994|0|1|0|0|1|7|-2|1
122,331|6,988|40,423|-1732,125|0|1|0|0|0|8|-5|1
122,506|6,926|39,135|-1733,139|0|1|0|0|0|12|-10|1
122,681|6,862|37,569|-1734,252|0|1|0|0|1|8|-5|1
122,856|6,799|36,877|-1735,408|0|1|0|0|0|8|-6|1
123,031|6,745|35,547|-1736,432|0|1|0|0|0|12|-10|1
123,206|6,693|34,32|-1737,448|0|1|0|0|0|6|0|1
123,381|6,666|34,32|-1738,016|0|1|0|0|0|0|0|1
123,556|6,665|34,32|-1738,03|0|1|0|0|0|0|0|1
123,731|6,698|34,32|-1738,709|0|1|0|0|0|6|0|1
123,906|6,784|34,32|-1739,75|0|1|0|0|0|6|0|1
124,081|6,881|34,32|-1740,795|0|1|0|0|0|6|0|1
124,256|6,978|34,32|-1741,841|0|1|0|0|0|6|0|1
124,431|7,072|35,428|-1742,864|0|1|0|0|0|7|4|1
124,606|7,162|35,971|-1743,975|0|1|0|0|1|8|3|1
124,781|7,223|36,399|-1745,156|0|1|0|0|1|7|3|1
124,956|7,237|36,775|-1746,338|0|1|0|0|1|7|3|1
125,131|7,22|37,14|-1747,52|0|1|0|0|1|7|2|1
125,306|7,187|37,563|-1748,702|0|1|0|0|1|7|3|1
125,481|7,142|37,83|-1749,875|0|1|0|0|0|7|-2|1
125,656|7,098|36,915|-1750,917|0|1|0|0|1|10|-8|1
125,831|7,046|35,815|-1752,098|0|1|0|0|1|8|-4|1
126,006|6,992|35,29|-1753,279|0|1|0|0|1|7|-1|1
126,181|6,938|35,246|-1754,46|0|1|0|0|1|7|1|1
126,356|6,884|35,605|-1755,641|0|1|0|0|1|7|2|1
126,531|6,83|35,98|-1756,822|0|1|0|0|1|7|1|1
126,706|6,776|36,37|-1758,003|0|1|0|0|1|7|3|1
126,881|6,721|36,716|-1759,184|0|1|0|0|1|7|3|1
127,056|6,667|37,113|-1760,365|0|1|0|0|1|7|2|1
127,231|6,613|37,477|-1761,546|0|1|0|0|1|7|2|1
127,406|6,56|37,789|-1762,703|0|1|0|0|0|6|-1|1
127,581|6,514|37,24|-1763,727|0|1|0|0|0|9|-6|1
127,756|6,202|35,815|-1764,675|0|-0,8|0|0,6|0|12|-11|1
127,931|5,453|34,32|-1765,265|0|-0,7|0|0,7|0|6|0|1
128,106|4,475|34,32|-1765,225|0|-0,7|0|0,7|0|6|0|1
128,282|3,451|34,32|-1765,444|0|-0,8|0|0,6|0|6|0|1
128,457|2,427|34,32|-1765,676|0|-0,8|0|0,6|0|6|0|1
128,632|1,423|34,32|-1765,98|0|-0,8|0|0,6|0|6|0|1
128,807|0,442|34,32|-1766,356|0|-0,8|0|0,6|0|6|0|1
128,982|-0,327|34,32|-1766,957|0|0,9|0|-0,3|0|6|0|1
129,157|-0,513|34,32|-1767,962|0|1|0|-0,1|0|6|0|1
129,332|-0,514|34,32|-1768,998|0|1|0|-0,1|0|6|0|1
129,507|-0,514|34,32|-1770,04|0|1|0|-0,1|0|6|0|1
129,682|-0,514|34,32|-1771,088|0|1|0|0|0|6|0|1
129,857|-0,407|34,32|-1772,13|0|1|0|0,1|0|6|0|1
130,032|-0,105|34,32|-1773,133|0|1|0|0,1|0|6|0|1
130,207|0,298|34,32|-1774,102|0|1|0|0,2|0|6|0|1
130,382|0,547|34,32|-1774,616|0|1|0|0,2|0|0|0|1
130,557|0,553|34,32|-1774,628|0|1|0|0,2|0|0|0|1
130,732|0,961|34,32|-1774,877|0|0,9|0|0,4|0|6|0|1
130,907|1,282|34,32|-1775,028|0|0,9|0|0,5|0|0|0|1
131,082|1,287|34,32|-1775,031|0|0,9|0|0,5|0|3|0|1
131,257|2,17|34,32|-1775,109|0|0,8|0|0,6|0|6|0|1
131,432|3,216|34,32|-1775,166|0|0,7|0|0,7|0|6|0|1
131,607|4,265|34,32|-1775,211|0|0,7|0|0,7|0|6|0|1
131,782|5,315|34,32|-1775,226|0|0,7|0|0,7|0|6|0|1
131,957|6,364|34,32|-1775,209|0|0,7|0|0,7|0|6|0|1
132,132|7,414|34,32|-1775,177|0|0,7|0|0,7|0|6|0|1
132,307|8,463|34,32|-1775,143|0|0,7|0|0,7|0|6|0|1
132,482|9,513|34,32|-1775,108|0|0,7|0|0,7|0|6|0|1
132,657|10,562|34,32|-1775,073|0|0,7|0|0,7|0|6|0|1
132,832|11,612|34,32|-1775,039|0|0,7|0|0,7|0|6|0|1
133,007|12,661|34,32|-1775,059|0|0,7|0|0,7|0|6|0|1
133,182|13,697|34,32|-1775,214|0|0,8|0|0,6|0|6|0|1
133,357|14,635|34,32|-1775,659|0|0,9|0|0,5|0|6|0|1
133,532|15,21|34,32|-1776,508|0|1|0|0,3|0|6|0|1
133,707|15,229|34,32|-1777,538|0|1|0|0|0|6|0|1
133,882|14,865|34,32|-1778,515|0|1|0|-0,2|0|6|0|1
134,057|14,282|34,32|-1779,386|0|1|0|-0,3|0|6|0|1
134,232|13,639|34,32|-1780,216|0|0,9|0|-0,3|0|6|0|1
134,407|13,154|34,32|-1780,806|0|0,9|0|-0,3|0|1|0|1
134,582|13,134|34,32|-1780,83|0|0,9|0|-0,3|0|0|0|1
134,757|12,848|34,32|-1780,855|0|-0,9|0|0,5|0|5|0|1
134,932|11,831|34,32|-1780,869|0|-0,7|0|0,7|0|6|0|1
135,107|10,783|34,32|-1780,807|0|-0,7|0|0,7|0|6|0|1
135,282|9,736|34,32|-1780,74|0|-0,7|0|0,7|0|6|0|1
135,457|8,687|34,32|-1780,695|0|-0,7|0|0,7|0|6|0|1
135,632|7,637|34,32|-1780,718|0|-0,7|0|0,7|0|6|0|1
135,807|6,59|34,32|-1780,789|0|-0,7|0|0,7|0|6|0|1
135,982|5,542|34,32|-1780,864|0|-0,7|0|0,7|0|6|0|1
136,157|4,495|34,32|-1780,939|0|-0,7|0|0,7|0|6|0|1
136,332|3,448|34,32|-1781,014|0|-0,7|0|0,7|0|6|0|1
136,507|2,4|34,32|-1781,089|0|-0,7|0|0,7|0|6|0|1
136,682|1,353|34,32|-1781,165|0|-0,7|0|0,7|0|6|0|1
136,857|0,306|34,32|-1781,242|0|-0,7|0|0,7|0|6|0|1
137,032|-0,506|34,32|-1781,536|0|-0,8|0|0,6|0|4|0|1
137,207|-0,513|34,32|-1782,386|0|1|0|-0,3|0|6|0|1
137,382|-0,512|34,32|-1783,422|0|1|0|-0,1|0|6|0|1
137,557|-0,441|34,32|-1784,469|0|1|0|0|0|6|0|1
137,733|-0,253|34,32|-1785,5|0|1|0|0,1|0|6|0|1
137,908|0,158|34,32|-1786,462|0|1|0|0,2|0|6|0|1
138,083|0,704|34,32|-1787,359|0|1|0|0,3|0|6|0|1
138,258|1,265|34,32|-1788,246|0|1|0|0,3|0|6|0|1
138,433|1,826|34,32|-1789,133|0|1|0|0,3|0|6|0|1
138,608|2,381|34,32|-1790,025|0|1|0|0,3|0|6|0|1
138,783|2,935|34,32|-1790,917|0|1|0|0,3|0|6|0|1
138,958|3,488|34,32|-1791,809|0|1|0|0,3|0|6|0|1
139,133|4,033|34,32|-1792,706|0|1|0|0,3|0|6|0|1
139,308|4,562|35,226|-1793,596|0|1|0|0,3|0|8|6|1
139,483|5,103|35,891|-1794,532|0|1|0|0,2|1|7|2|1
139,658|5,648|36,324|-1795,581|0|1|0|0,2|1|7|3|1
139,833|6,112|36,629|-1796,641|0|1|0|0,2|0|6|-1|1
140,008|6,492|36|-1797,594|0|1|0|0,2|0|9|-7|1
140,183|6,841|34,509|-1798,545|0|1|0|0,1|0|6|0|1
140,358|7,083|34,32|-1799,551|0|1|0|0,1|0|6|0|1
140,533|7,411|34,32|-1800,486|0|1|0|0,3|0|6|0|1
140,708|8,193|34,32|-1801,175|0|0,9|0|0,4|0|6|0|1
140,883|8,937|34,32|-1801,914|0|0,9|0|0,4|0|6|0|1
141,058|9,627|34,32|-1802,705|0|0,9|0|0,4|0|6|0|1
141,233|10,306|34,32|-1803,506|0|0,9|0|0,3|0|6|0|1
141,408|10,984|34,32|-1804,308|0|0,9|0|0,3|0|6|0|1
141,583|11,648|35,428|-1805,092|0|0,9|0|0,3|0|7|4|1
141,758|12,369|35,971|-1805,943|0|0,9|0|0,3|1|8|3|1
141,933|13,132|36,422|-1806,845|0|0,9|0|0,3|1|7|3|1
142,108|13,811|36,893|-1807,726|0|1|0|0,2|1|4|2|1
142,283|14,178|37,315|-1808,08|0|1|0|0|1|3|3|1
142,458|14,369|37,757|-1807,942|0|1|0|0|1|4|3|1
142,633|14,359|38,207|-1807,385|0|1|0|-0,1|1|6|3|1
142,808|14,077|38,669|-1806,539|0|1|0|-0,1|1|4|2|1
142,983|13,508|39,122|-1806,755|0|1|0|-0,1|1|8|3|1
143,158|12,949|39,566|-1807,792|0|1|0|-0,1|1|6|3|1
143,333|12,43|39,68|-1808,044|0|1|0|-0,3|0|6|-3|1
143,508|11,584|38,808|-1806,8|0|-0,9|0|0,5|0|15|-8|1
143,683|10,512|37,114|-1804,61|0|-0,6|0|0,8|0|18|-12|1
143,858|9,335|34,732|-1802,866|0|-0,5|0|0,8|0|11|0|1
144,033|8,301|35,226|-1802,027|0|-0,5|0|0,8|0|8|6|1
144,208|7,354|35,81|-1801,495|0|-0,5|0|0,8|0|6|0|1
144,383|6,409|35,422|-1801,059|0|-0,7|0|0,7|0|8|-5|1
144,558|5,428|34,319|-1801,046|0|1|0|-0,3|0|3|0|1
144,733|5,845|34,32|-1801,762|0|1|0|0,2|0|6|0|1
144,908|6,314|34,32|-1802,627|0|1|0|0,1|0|6|0|1
145,083|6,255|34,32|-1803,666|0|1|0|0|0|6|0|1
145,258|6,174|34,32|-1804,713|0|1|0|0|0|6|0|1
145,433|6,094|34,67|-1805,76|0|1|0|0|0|10|8|1
145,608|6,017|35,675|-1806,77|0|1|0|0|1|7|3|1
145,783|5,928|36,157|-1807,978|0|1|0|0|1|9|3|1
145,958|5,857|36,601|-1809,59|0|1|0|0|1|11|3|1
146,133|5,837|37,049|-1811,622|0|1|0|0|1|13|2|1
146,308|5,881|37,519|-1814,005|0|1|0|0|1|15|3|1
146,483|5,965|37,954|-1816,681|0|1|0|0|1|16|3|1
146,658|6,135|38,285|-1819,598|0|1|0|0,1|0|17|-1|1
146,833|6,462|37,739|-1822,707|0|1|0|0,3|0|19|-6|1
147,008|7,111|36,317|-1825,475|0|0,7|0|0,7|0|18|-11|1
147,183|8,072|34,318|-1827,45|0|0,4|0|0,9|0|5|0|1
147,359|8,866|34,32|-1827,084|0|0,4|0|0,9|0|6|0|1
147,534|9,63|34,32|-1826,37|0|0,4|0|0,9|0|6|0|1
147,709|10,498|34,32|-1825,832|0|0,4|0|0,9|0|6|0|1
147,884|11,006|34,32|-1824,927|0|0,2|0|1|0|6|0|1
148,059|11,348|34,32|-1823,936|0|0,2|0|1|0|6|0|1
148,234|11,475|34,32|-1822,898|0|0,1|0|1|0|12|10|1
148,409|11,477|35,575|-1821,877|0|0|0|1|0|6|3|1
148,584|11,468|36,087|-1820,729|0|0|0|1|1|7|2|1
148,759|11,573|36,525|-1818,849|0|0,2|0|1|1|16|2|1
148,934|12,392|36,953|-1815,567|0|0,4|0|0,9|1|24|3|1
149,109|13,374|37,413|-1811,091|0|0,1|0|1|1|30|2|1
149,284|14,014|37,878|-1805,503|0|0|0|1|1|35|3|1
149,459|14,315|38,031|-1799,75|0|-0,3|0|1|0|30|-3|1
149,634|14,112|37,195|-1794,958|0|-0,7|0|0,7|0|25|-8|1
149,809|13,319|36,316|-1791,53|0|0,9|0|-0,4|1|15|-1|1
149,984|12,214|36,509|-1789,931|0|1|0|-0,2|1|9|2|1
150,159|10,787|36,948|-1789,618|0|-0,8|0|0,5|1|8|2|1
150,334|9,538|37,288|-1789,563|0|-0,7|0|0,7|0|6|-1|1
150,509|8,493|36,773|-1789,526|0|-0,7|0|0,7|0|8|-6|1
150,684|7,774|35,377|-1789,66|0|1|0|0,1|0|11|-11|1
150,859|7,829|34,32|-1790,114|0|0,9|0|0,4|0|5|0|1
151,034|8,085|34,32|-1791,077|0|1|0|0,1|0|6|0|1
151,209|8,261|35,226|-1792,096|0|1|0|0|0|8|6|1
151,384|8,256|35,891|-1793,175|0|1|0|-0,1|1|7|2|1
151,559|8,182|36,324|-1794,355|0|1|0|0|1|7|3|1
151,734|8,219|36,787|-1795,536|0|1|0|0|1|7|3|1
151,909|8,311|36,883|-1796,634|0|1|0|0,1|0|7|-3|1
152,084|8,41|35,999|-1797,643|0|1|0|0,1|0|10|-8|1
152,259|8,51|34,319|-1798,651|0|1|0|0|0|6|0|1
152,434|8,407|34,32|-1799,654|0|1|0|-0,1|0|6|0|1
152,609|7,67|34,32|-1800,373|0|0,9|0|-0,4|0|6|0|1
152,784|6,884|34,32|-1801,069|0|0,9|0|-0,4|0|6|0|1
152,959|6,097|34,32|-1801,764|0|0,9|0|-0,4|0|6|0|1
153,134|5,775|34,32|-1802,688|0|1|0|-0,1|0|6|0|1
153,309|5,692|34,67|-1803,733|0|1|0|-0,1|0|10|8|1
153,484|5,616|35,675|-1804,743|0|1|0|0|1|7|3|1
153,659|5,527|36,157|-1805,921|0|1|0|0|1|7|3|1
153,834|5,439|36,603|-1807,1|0|1|0|0|1|8|3|1
154,009|5,35|37,05|-1808,357|0|1|0|0|1|9|3|1
154,184|5,256|37,479|-1810,058|0|1|0|0|1|12|3|1
154,359|5,147|37,936|-1812,162|0|1|0|0|1|14|4|1
154,534|5,022|38,422|-1814,603|0|1|0|0|1|15|2|1
154,709|4,938|38,617|-1817,329|0|1|0|0,2|0|17|-2|1
154,884|5,176|37,885|-1820,287|0|0,9|0|0,3|0|19|-7|1
155,059|5,681|36,308|-1823,38|0|0,9|0|0,3|0|21|-12|1
155,234|6,368|34,317|-1826,072|0|0,9|0|0,3|0|10|0|1
155,409|7,063|34,32|-1827,128|0|0,9|0|0,3|0|6|0|1
155,584|7,775|34,32|-1827,903|0|0,9|0|0,4|0|6|0|1
155,759|8,518|34,32|-1828,646|0|0,9|0|0,4|0|6|0|1
155,934|9,264|34,67|-1829,385|0|0,9|0|0,4|0|10|8|1
156,109|9,871|35,675|-1830,19|0|1|0|0,1|1|7|3|1
156,284|10,182|36,157|-1831,326|0|1|0|0|1|7|3|1
156,459|10,286|36,603|-1832,503|0|1|0|0|1|8|3|1
156,634|10,319|37,05|-1834,024|0|1|0|0|1|11|3|1
156,809|10,332|37,482|-1835,979|0|1|0|0|1|13|3|1
156,985|10,34|37,978|-1838,298|0|1|0|0|1|14|2|1
157,16|10,319|38,386|-1840,921|0|1|0|0|1|16|3|1
157,335|10,254|38,448|-1843,798|0|1|0|0|0|17|-3|1
157,51|10,17|37,535|-1846,887|0|1|0|0|0|20|-8|1
157,685|10,072|35,807|-1849,871|0|1|0|0|0|20|-12|1
157,86|9,96|34,32|-1852,231|0|1|0|-0,1|0|8|0|1
158,035|9,81|34,32|-1853,363|0|1|0|-0,1|0|6|0|1
158,21|9,614|34,32|-1854,397|0|1|0|-0,1|0|6|0|1
158,385|9,407|34,32|-1855,426|0|1|0|-0,1|0|6|0|1
158,56|9,192|34,32|-1856,454|0|1|0|-0,1|0|6|0|1
158,735|8,971|34,32|-1857,48|0|1|0|-0,1|0|6|0|1
158,91|8,741|34,32|-1858,505|0|1|0|-0,1|0|6|0|1
159,085|8,51|34,32|-1859,529|0|1|0|-0,1|0|6|0|1
159,26|8,387|35,428|-1860,076|0|1|0|-0,1|0|7|6|1
159,435|8,306|36,708|-1860,441|0|1|0|-0,1|1|9|9|1
159,61|8,241|38,431|-1860,746|0|1|0|-0,1|0|11|11|1
159,785|8,188|40,545|-1861,001|0|1|0|-0,1|0|13|13|1
159,96|8,197|42,986|-1860,991|0|-0,3|0|1|0|15|15|1
160,135|8,254|45,7|-1860,776|0|-0,3|0|1|0|16|16|1
160,31|8,303|48,644|-1860,595|0|-0,3|0|1|0|18|18|1
160,485|8,347|51,778|-1860,443|0|-0,3|0|1|0|19|18|1
160,66|8,386|55,073|-1860,316|0|-0,3|0|1|0|19|19|1
160,835|8,421|58,294|-1860,209|0|-0,3|0|1|0|14|14|1
161,01|8,375|60,21|-1860,45|0|1|0|-0,3|0|7|6|1
161,185|8,216|60,849|-1861,189|0|1|0|-0,1|0|6|0|1
161,36|7,999|60,419|-1862,179|0|1|0|-0,1|0|8|-6|1
161,535|7,779|59,094|-1863,168|0|1|0|-0,1|0|12|-10|1
161,71|7,568|57,103|-1864,116|0|1|0|-0,1|1|11|-10|1
161,885|7,39|55,933|-1864,916|0|1|0|-0,1|1|5|-3|1
162,06|7,181|55,883|-1865,851|0|1|0|-0,1|1|7|3|1
162,235|6,922|56,359|-1867,004|0|1|0|-0,1|1|7|2|1
162,41|6,664|56,782|-1868,158|0|1|0|-0,1|1|7|3|1
162,585|6,405|57,246|-1869,311|0|1|0|-0,1|1|7|2|1
162,76|6,172|57,166|-1870,389|0|1|0|-0,1|0|7|-4|1
162,935|6,04|56,135|-1871,393|0|1|0|0|0|10|-9|1
163,11|6,097|55,61|-1872,415|0|1|0|0,1|0|6|0|1
163,285|6,273|55,61|-1873,45|0|1|0|0,1|0|6|0|1
163,46|6,449|55,61|-1874,485|0|1|0|0,1|0|6|0|1
163,635|6,621|55,61|-1875,521|0|1|0|0,1|0|6|0|1
163,81|6,756|55,61|-1876,562|0|1|0|0,1|0|6|0|1
163,985|6,848|55,61|-1877,608|0|1|0|0|0|6|0|1
164,16|6,945|55,61|-1878,653|0|1|0|0|0|6|0|1
164,335|7,048|55,61|-1879,698|0|1|0|0|0|6|0|1
164,51|7,158|55,61|-1880,742|0|1|0|0,1|0|6|0|1
164,685|7,274|55,61|-1881,786|0|1|0|0,1|0|6|0|1
164,86|7,391|55,61|-1882,829|0|1|0|0,1|0|6|0|1
165,035|7,509|55,61|-1883,873|0|1|0|0,1|0|6|0|1
165,21|7,622|55,61|-1884,917|0|1|0|0,1|0|6|0|1
165,385|7,725|55,61|-1885,962|0|1|0|0|0|6|0|1
165,56|7,811|55,96|-1887,008|0|1|0|0|0|10|8|1
165,735|7,879|56,965|-1888,019|0|1|0|0|1|7|3|1
165,91|7,934|57,447|-1889,2|0|1|0|0|1|7|3|1
166,085|7,973|57,936|-1890,382|0|1|0|0|1|8|4|1
166,26|8,006|58,637|-1891,918|0|1|0|0|1|11|5|1
166,436|8,043|59,478|-1893,91|0|1|0|0|1|14|5|1
166,611|8,067|60,434|-1896,284|0|1|0|0|1|16|6|1
166,786|8,045|61,487|-1898,979|0|1|0|0|1|18|6|1
166,961|7,992|62,621|-1901,94|0|1|0|0|1|19|7|1
167,136|7,923|63,823|-1905,125|0|1|0|0|1|20|7|1
167,311|7,85|65,083|-1908,496|0|1|0|0|0|21|7|1
167,486|7,808|66,389|-1912,025|0|1|0|0|1|22|8|1
167,661|7,834|67,736|-1915,685|0|1|0|0|1|23|8|1
167,836|7,904|69,115|-1919,455|0|1|0|0|1|23|8|1
168,011|7,998|70,523|-1923,316|0|1|0|0|1|24|8|1
168,186|8,105|71,954|-1927,253|0|1|0|0|1|24|8|1
168,361|8,215|73,363|-1931,255|0|1|0|0|0|23|6|1
168,536|8,294|73,895|-1934,876|0|1|0|0|0|19|-1|1
168,711|8,357|73,377|-1937,907|0|1|0|0|0|17|-6|1
168,886|8,409|71,978|-1940,215|0|-0,4|0|0,9|0|15|-11|1
169,061|8,443|69,844|-1941,595|0|-0,1|0|1|0|15|-14|1
169,236|8,467|67,093|-1942,338|0|0|0|1|0|18|-18|1
169,411|8,487|64,43|-1942,939|0|0|0|1|0|1|0|1
169,586|8,49|64,43|-1943,026|0|0|0|1|0|0|0|1
169,761|8,205|64,43|-1942,995|0|-0,4|0|0,9|0|5|0|1
169,936|7,196|64,43|-1942,864|0|-0,6|0|0,8|0|6|0|1
170,111|6,338|64,43|-1943,392|0|-0,9|0|0,5|0|6|0|1
170,286|5,734|64,43|-1944,167|0|1|0|-0,2|0|6|0|1
170,461|5,653|64,43|-1945,204|0|1|0|-0,1|0|6|0|1
170,636|5,595|64,43|-1946,252|0|1|0|0|0|6|0|1
170,811|5,578|64,43|-1947,302|0|1|0|0|0|6|0|1
170,986|5,618|64,43|-1948,351|0|1|0|0|0|6|0|1
171,161|5,668|65,084|-1949,392|0|1|0|0|0|9|7|1
171,336|5,716|65,84|-1950,404|0|1|0|0|0|6|0|1
171,511|5,763|65,495|-1951,416|0|1|0|0|0|8|-5|1
171,686|5,805|64,243|-1952,428|0|1|0|0|0|11|-10|1
171,861|5,817|62,471|-1953,509|0|1|0|0|1|10|-7|1
172,036|5,772|61,704|-1954,69|0|1|0|0|1|7|-1|1
172,211|5,693|61,969|-1955,87|0|1|0|0|1|7|2|1
172,386|5,604|62,398|-1957,048|0|1|0|0|1|7|3|1
172,561|5,511|62,827|-1958,227|0|1|0|0|0|7|0|1
172,736|5,428|62,5|-1959,292|0|1|0|0|0|8|-5|1
172,911|5,367|61,343|-1960,338|0|1|0|0|1|9|-5|1
173,086|5,349|60,872|-1961,52|0|1|0|0|1|7|1|1
173,261|5,359|61,244|-1962,702|0|1|0|0|1|7|3|1
173,436|5,38|61,731|-1963,884|0|1|0|0|1|7|3|1
173,611|5,403|62,179|-1965,066|0|1|0|0|1|8|3|1
173,786|5,427|62,636|-1966,247|0|1|0|0|1|7|3|1
173,961|5,451|62,963|-1967,38|0|1|0|0|0|6|-1|1
174,136|5,472|62,338|-1968,396|0|1|0|0|0|9|-7|1
174,311|5,496|61,634|-1969,544|0|1|0|0|1|7|0|1
174,486|5,527|61,892|-1970,726|0|1|0|0|1|7|3|1
174,661|5,582|62,353|-1971,906|0|1|0|0|1|7|3|1
174,836|5,733|62,788|-1973,078|0|1|0|0,1|1|7|3|1
175,011|6,19|63,281|-1974,148|0|0,9|0|0,4|1|7|2|1
175,186|6,959|63,698|-1975,041|0|1|0|0,3|1|7|3|1
175,361|7,498|64,166|-1976,092|0|1|0|0,2|1|7|2|1
175,536|7,914|64,598|-1977,198|0|1|0|0,1|1|7|2|1
175,711|8,159|65,034|-1978,352|0|1|0|0|1|7|3|1
175,886|8,228|65,263|-1979,484|0|1|0|0|0|6|-2|1
176,062|8,207|64,528|-1980,499|0|1|0|-0,1|0|6|0|1
176,237|8,101|64,43|-1981,53|0|1|0|-0,1|0|6|0|1
176,412|7,967|64,43|-1982,571|0|1|0|-0,1|0|6|0|1
176,587|7,833|64,43|-1983,612|0|1|0|-0,1|0|6|0|1
176,762|7,717|65,336|-1984,641|0|1|0|0|0|8|6|1
176,937|7,648|66,001|-1985,72|0|1|0|0|1|7|2|1
177,112|7,642|66,434|-1986,902|0|1|0|0|1|7|3|1
177,287|7,662|66,897|-1988,084|0|1|0|0|1|7|3|1
177,462|7,688|66,987|-1989,217|0|1|0|0|0|7|-3|1
177,637|7,714|66,097|-1990,232|0|1|0|0|1|9|-6|1
177,812|7,743|65,551|-1991,414|0|1|0|0|1|7|1|1
177,987|7,752|65,909|-1992,596|0|1|0|0|1|7|3|1
178,162|7,742|66,354|-1993,778|0|1|0|0|1|8|3|1
178,337|7,724|66,799|-1994,961|0|1|0|0|1|7|3|1
178,512|7,705|66,907|-1996,094|0|1|0|0|0|7|-3|1
178,687|7,687|66,272|-1997,177|0|1|0|0|1|7|-1|1
178,862|7,666|66,456|-1998,359|0|1|0|0|1|7|2|1
179,037|7,647|66,678|-1999,493|0|1|0|0|0|6|-2|1
179,212|7,628|66,21|-2000,576|0|1|0|0|1|7|0|1
179,387|7,607|66,46|-2001,758|0|1|0|0|1|7|3|1
179,562|7,587|66,905|-2002,939|0|1|0|0|0|7|2|1
179,737|7,568|66,782|-2004,007|0|1|0|0|1|7|-2|1
179,912|7,547|66,878|-2005,189|0|1|0|0|1|7|3|1
180,087|7,527|67,2|-2006,346|0|1|0|0|0|6|-1|1
180,262|7,509|66,648|-2007,372|0|1|0|0|0|9|-6|1
180,437|7,491|65,463|-2008,452|0|1|0|0|1|8|-4|1
180,612|7,471|65,186|-2009,635|0|1|0|0|1|7|2|1
180,787|7,451|65,617|-2010,817|0|1|0|0|1|7|3|1
180,962|7,431|66,099|-2011,999|0|1|0|0|1|7|3|1
181,137|7,412|66,547|-2013,181|0|1|0|0|1|8|3|1
181,312|7,404|66,691|-2014,315|0|1|0|0|0|6|-3|1
181,487|7,417|66,321|-2015,432|0|1|0|0|1|7|1|1
181,662|7,445|66,709|-2016,614|0|1|0|0|1|7|2|1
181,837|7,479|67,129|-2017,787|0|1|0|0|0|6|0|1
182,012|7,51|66,804|-2018,829|0|1|0|0|1|7|-3|1
182,187|7,545|66,73|-2020,011|0|1|0|0|1|7|3|1
182,362|7,581|67,162|-2021,193|0|1|0|0|0|7|1|1
182,537|7,614|67,004|-2022,261|0|1|0|0|0|7|-4|1
182,712|7,648|66,383|-2023,375|0|1|0|0|1|7|0|1
182,887|7,684|66,64|-2024,556|0|1|0|0|1|7|3|1
183,062|7,717|66,698|-2025,658|0|1|0|0|0|7|-3|1
183,237|7,751|66,257|-2026,772|0|1|0|0|1|7|1|1
183,412|7,788|66,664|-2027,954|0|1|0|0|1|7|2|1
183,587|7,824|67,109|-2029,135|0|1|0|0|1|7|3|1
183,762|7,857|67,177|-2030,237|0|1|0|0|0|7|-3|1
183,937|7,89|66,51|-2031,318|0|1|0|0|1|7|-1|1
184,112|7,926|66,586|-2032,491|0|1|0|0|0|6|0|1
184,287|7,958|66,119|-2033,533|0|1|0|0|0|8|-6|1
184,462|7,989|64,763|-2034,546|0|1|0|0|0|6|0|1
184,637|8,021|64,43|-2035,583|0|1|0|0|0|6|0|1
184,812|8,053|64,43|-2036,632|0|1|0|0|0|6|0|1
184,987|8,085|64,43|-2037,682|0|1|0|0|0|6|0|1
185,162|8,116|65,538|-2038,709|0|1|0|0|0|7|4|1
185,337|8,15|66,081|-2039,823|0|1|0|0|1|8|3|1
185,513|8,186|66,532|-2041,005|0|1|0|0|1|7|3|1
185,688|8,222|67,003|-2042,186|0|1|0|0|1|7|2|1
185,863|8,256|67,424|-2043,368|0|1|0|0|0|7|2|1
186,038|8,277|67,269|-2044,436|0|1|0|0|0|7|-4|1
186,213|8,282|66,417|-2045,517|0|1|0|0|1|7|-2|1
186,388|8,272|66,419|-2046,699|0|1|0|0|1|8|3|1
186,563|8,249|66,873|-2047,881|0|1|0|0|1|7|3|1
186,738|8,222|66,932|-2048,983|0|1|0|0|0|7|-3|1
186,913|8,193|66,258|-2050,063|0|1|0|0|1|7|-1|1
187,088|8,159|66,409|-2051,245|0|1|0|0|1|7|2|1
187,263|8,122|66,603|-2052,378|0|1|0|0|0|6|-2|1
187,438|8,085|65,871|-2053,393|0|1|0|0|1|8|-5|1
187,613|8,038|65,458|-2054,574|0|1|0|0|1|7|1|1
187,788|7,989|65,879|-2055,756|0|1|0|0|1|7|2|1
187,963|7,94|66,346|-2056,938|0|1|0|0|1|8|3|1
188,138|7,992|66,813|-2058,111|0|1|0|0,2|1|7|2|1
188,313|8,539|67,268|-2059,153|0|0,9|0|0,3|1|7|3|1
188,488|9,329|67,733|-2060,03|0|0,9|0|0,4|1|7|2|1
188,663|10,235|68,164|-2060,788|0|0,9|0|0,5|1|7|2|1
188,838|11,171|68,453|-2061,469|0|0,9|0|0,5|0|6|-2|1
189,013|12,015|67,799|-2062,052|0|0,9|0|0,5|1|8|-4|1
189,188|13,001|67,45|-2062,704|0|0,9|0|0,5|1|7|2|1
189,363|13,993|67,925|-2063,347|0|0,9|0|0,5|0|7|2|1
189,538|14,89|67,865|-2063,927|0|0,9|0|0,5|0|7|-4|1
189,713|15,799|67,092|-2064,512|0|0,9|0|0,5|1|7|-2|1
189,888|16,793|67,16|-2065,152|0|0,9|0|0,5|1|8|4|1
190,063|17,718|67,362|-2065,75|0|0,9|0|0,5|0|6|-2|1
190,238|18,657|67,352|-2066,411|0|0,9|0|0,4|1|8|3|1
190,413|19,567|67,717|-2067,127|0|0,9|0|0,4|0|6|-1|1
190,588|20,37|67,282|-2067,818|0|0,9|0|0,4|1|7|-2|1
190,763|21,224|67,414|-2068,635|0|0,9|0|0,4|1|7|2|1
190,938|21,925|67,308|-2069,485|0|1|0|0,1|0|7|-4|1
191,113|22,28|66,495|-2070,499|0|1|0|0|1|7|-2|1
191,288|22,335|66,531|-2071,678|0|1|0|-0,1|1|8|4|1
191,463|22,258|67,019|-2072,849|0|1|0|-0,1|1|7|2|1
191,638|22,138|66,893|-2073,945|0|1|0|-0,1|0|7|-4|1
191,813|22,004|65,823|-2074,949|0|1|0|-0,1|1|9|-7|1
191,988|21,79|65,127|-2076,112|0|1|0|-0,1|1|7|0|1
192,163|21,486|65,391|-2077,253|0|1|0|-0,2|1|7|3|1
192,338|21,049|65,888|-2078,351|0|1|0|-0,2|1|7|2|1
192,513|20,47|66,329|-2079,38|0|1|0|-0,3|1|7|3|1
192,688|19,837|66,437|-2080,321|0|1|0|-0,3|0|7|-3|1
192,863|19,251|65,562|-2081,15|0|0,9|0|-0,3|0|10|-8|1
193,038|18,574|64,65|-2082,078|0|0,9|0|-0,3|1|7|-1|1
193,213|17,869|64,816|-2083,027|0|0,9|0|-0,3|1|7|2|1
193,388|17,162|65,25|-2083,975|0|0,9|0|-0,3|1|7|3|1
193,563|16,454|65,734|-2084,921|0|0,9|0|-0,3|1|7|2|1
193,738|15,724|66,164|-2085,851|0|0,9|0|-0,3|1|8|3|1
193,913|14,998|66,319|-2086,721|0|0,9|0|-0,4|0|6|-3|1
194,088|14,336|65,482|-2087,491|0|0,9|0|-0,4|0|10|-8|1
194,263|13,574|64,603|-2088,35|0|0,9|0|-0,4|1|7|-1|1
194,438|12,78|64,796|-2089,226|0|0,9|0|-0,4|1|7|2|1
194,613|11,988|65,18|-2090,092|0|0,9|0|-0,4|0|6|0|1
194,788|11,283|64,824|-2090,861|0|0,9|0|-0,4|1|7|-3|1
194,963|10,484|64,725|-2091,733|0|0,9|0|-0,4|1|7|3|1
195,139|9,685|65,208|-2092,603|0|0,9|0|-0,4|1|7|2|1
195,314|8,885|65,644|-2093,474|0|0,9|0|-0,4|1|7|2|1
195,489|8,088|66,08|-2094,346|0|0,9|0|-0,4|1|7|3|1
195,664|7,369|66,126|-2095,182|0|0,9|0|-0,3|0|7|-3|1
195,839|6,739|65,442|-2096,059|0|1|0|-0,2|1|7|-1|1
196,014|6,221|65,584|-2097,119|0|1|0|-0,2|1|7|2|1
196,189|5,904|66,005|-2098,257|0|1|0|-0,1|1|7|3|1
196,364|5,712|66,473|-2099,424|0|1|0|-0,1|1|7|2|1
196,539|5,569|66,351|-2100,516|0|1|0|-0,1|0|7|-4|1
196,714|5,448|66,07|-2101,658|0|1|0|0|1|7|2|1
196,889|5,389|66,475|-2102,839|0|1|0|0|1|7|3|1
197,064|5,393|66,558|-2103,941|0|1|0|0|0|7|-3|1
197,239|5,431|66,138|-2105,055|0|1|0|0|1|7|1|1
197,414|5,493|66,432|-2106,227|0|1|0|0|0|6|0|1
197,589|5,554|65,964|-2107,269|0|1|0|0|0|8|-6|1
197,764|5,622|65,084|-2108,382|0|1|0|0|1|7|-2|1
197,939|5,694|65,125|-2109,554|0|1|0|0|0|6|-1|1
198,114|5,76|64,628|-2110,594|0|1|0|0|0|8|-6|1
198,289|5,839|64,033|-2111,74|0|1|0|0|1|7|0|1
198,464|5,936|64,381|-2112,918|0|1|0|0|1|8|3|1
198,639|6,04|64,59|-2114,071|0|1|0|0|1|7|2|1
198,814|6,157|65,014|-2115,247|0|1|0|0,1|1|7|3|1
198,989|6,285|65,461|-2116,423|0|1|0|0,1|1|7|3|1
199,164|6,42|65,871|-2117,589|0|1|0|0,1|0|6|0|1
199,339|6,541|65,414|-2118,624|0|1|0|0,1|0|8|-6|1
199,514|6,662|64,43|-2119,634|0|1|0|0,1|0|6|0|1
199,689|6,793|64,43|-2120,674|0|1|0|0,1|0|6|0|1
199,864|6,926|64,43|-2121,715|0|1|0|0,1|0|6|0|1
200,039|7,058|64,43|-2122,756|0|1|0|0,1|0|6|0|1
200,214|7,191|64,43|-2123,797|0|1|0|0,1|0|6|0|1
200,389|7,323|64,43|-2124,839|0|1|0|0,1|0|6|0|1
200,564|7,455|64,43|-2125,88|0|1|0|0,1|0|6|0|1
200,739|7,587|64,43|-2126,921|0|1|0|0,1|0|6|0|1
200,914|7,718|64,43|-2127,962|0|1|0|0,1|0|6|0|1
201,089|7,853|64,43|-2129,003|0|1|0|0,1|0|6|0|1
201,264|8,104|64,43|-2130,02|0|1|0|0,1|0|6|0|1
201,439|8,632|64,43|-2130,92|0|1|0|0,3|0|6|0|1
201,614|9,382|64,43|-2131,645|0|0,9|0|0,4|0|6|0|1
201,789|10,328|64,43|-2132,083|0|0,8|0|0,5|0|6|0|1
201,964|11,363|64,43|-2132,204|0|0,7|0|0,7|0|6|0|1
202,139|12,4|64,43|-2132,058|0|0,7|0|0,8|0|6|0|1
202,314|13,423|64,43|-2131,823|0|0,6|0|0,8|0|6|0|1
202,489|14,445|64,43|-2131,58|0|0,6|0|0,8|0|6|0|1
202,664|15,475|64,43|-2131,386|0|0,6|0|0,8|0|6|0|1
202,839|16,496|64,43|-2131,539|0|0,8|0|0,6|0|6|0|1
203,014|17,172|64,43|-2132,28|0|0,9|0|0,3|0|6|0|1
203,189|16,981|64,43|-2133,241|0|1|0|-0,1|0|6|0|1
203,364|16,064|64,43|-2133,638|0|-0,8|0|0,6|0|6|0|1
203,539|15,03|64,43|-2133,51|0|-0,7|0|0,7|0|6|0|1
203,714|14,002|64,43|-2133,296|0|-0,6|0|0,8|0|6|0|1
203,889|12,975|64,43|-2133,08|0|-0,6|0|0,8|0|6|0|1
204,064|11,949|64,43|-2132,858|0|-0,6|0|0,8|0|6|0|1
204,239|10,924|64,43|-2132,631|0|-0,6|0|0,8|0|6|0|1
204,414|9,897|64,43|-2132,408|0|-0,6|0|0,8|0|6|0|1
204,589|8,856|64,43|-2132,292|0|-0,7|0|0,7|0|6|0|1
204,765|7,833|64,43|-2132,466|0|-0,8|0|0,6|0|3|0|1
204,94|7,682|64,43|-2132,524|0|-0,8|0|0,6|0|0|0|1
205,115|7,68|64,43|-2132,524|0|-0,8|0|0,6|0|0|0|1
205,29|7,68|64,43|-2132,524|0|-0,8|0|0,6|0|0|0|1
205,465|7,68|64,43|-2132,524|0|-0,8|0|0,6|0|0|0|1
205,64|7,68|64,43|-2132,524|0|-0,8|0|0,6|0|0|0|1
205,815|7,68|64,43|-2132,524|0|-0,8|0|0,6|0|0|0|1
205,99|7,68|64,43|-2132,524|0|-0,8|0|0,6|0|0|0|1
206,165|7,68|64,43|-2132,524|0|-0,8|0|0,6|0|0|0|1
206,34|7,68|64,43|-2132,524|0|-0,8|0|0,6|0|0|0|1
206,515|8,035|64,43|-2133,045|0|1|0|0,1|0|6|0|1
206,69|8,928|64,43|-2133,571|0|0,9|0|0,4|0|6|0|1
206,865|9,84|64,43|-2134,091|0|0,9|0|0,5|0|6|0|1
207,04|10,858|64,43|-2134,062|0|0,7|0|0,7|0|6|0|1
207,215|11,225|64,43|-2134,086|0|0,7|0|0,7|0|0|0|1
207,39|10,889|64,43|-2133,502|0|0|0|1|0|6|0|1
207,565|10,73|64,43|-2132,484|0|0|0|1|0|6|0|1
207,74|10,962|64,43|-2131,467|0|0,1|0|1|0|6|0|1
207,915|11,402|64,43|-2130,516|0|0,2|0|1|0|6|0|1
208,09|12,012|64,43|-2129,665|0|0,3|0|0,9|0|6|0|1
208,265|12,742|64,43|-2128,911|0|0,4|0|0,9|0|6|0|1
208,44|13,391|64,43|-2128,139|0|0,3|0|1|0|6|0|1
208,615|13,815|64,43|-2127,186|0|0,2|0|1|0|6|0|1
208,79|13,814|64,43|-2126,206|0|0|0|1|0|6|0|1
208,965|13,722|64,43|-2125,85|0|-0,1|0|1|0|0|0|1
209,14|13,72|64,43|-2125,844|0|-0,1|0|1|0|0|0|1
209,315|13,72|64,43|-2125,844|0|-0,1|0|1|0|0|0|1
209,49|13,72|64,43|-2125,844|0|-0,1|0|1|0|0|0|1
209,665|13,72|64,43|-2125,844|0|-0,1|0|1|0|0|0|1
209,84|13,72|64,43|-2125,844|0|-0,1|0|1|0|0|0|1
210,015|13,72|64,43|-2125,844|0|-0,1|0|1|0|0|0|1
210,19|13,72|64,43|-2125,844|0|-0,1|0|1|0|0|0|1